1 0.1875 0.5921875 0.2765625 0.5921875 0.2765625 0.8046875 0.1875 0.8046875
5 0.3078125 0.7625 0.3765625 0.7625 0.3765625 0.903125 0.3078125 0.903125
2 0.3125 0.15625 0.3953125 0.15625 0.3953125 0.315625 0.3125 0.315625
3 0.2703125 0.4 0.3296875 0.4 0.3296875 0.509375 0.2703125 0.509375
3 0.453125 0.590625 0.5078125 0.590625 0.5078125 0.70625 0.453125 0.70625
0 0.4328125 0.378125 0.496875 0.378125 0.496875 0.534375 0.4328125 0.534375
0 0.61875 0.7734375 0.68125 0.7734375 0.68125 0.9296875 0.61875 0.9296875
7 0.7796875 0.4921875 0.86875 0.4921875 0.86875 0.7171875 0.7796875 0.7171875
9 0.6296875 0.396875 0.6921875 0.396875 0.6921875 0.5125 0.6296875 0.5125
10 0.5203125 0.7609375 0.5921875 0.7609375 0.5921875 0.9421875 0.5203125 0.9421875
6 0.4671875 0.8578125 0.5234375 0.8578125 0.5234375 0.9984375 0.4671875 0.9984375
6 0.8078125 0.28125 0.890625 0.28125 0.890625 0.4390625 0.8078125 0.4390625
8 0.778125 0.7875 0.83125 0.7875 0.83125 0.915625 0.778125 0.915625