1 0.590625 0.7234375 0.80625 0.7234375 0.80625 0.8125 0.590625 0.8125
5 0.759375 0.6234375 0.90625 0.6234375 0.90625 0.69375 0.759375 0.69375
2 0.15625 0.603125 0.3171875 0.603125 0.3171875 0.6875 0.15625 0.6875
3 0.4 0.66875 0.5109375 0.66875 0.5109375 0.7296875 0.4 0.7296875
3 0.590625 0.4921875 0.709375 0.4921875 0.709375 0.5484375 0.590625 0.5484375
0 0.378125 0.503125 0.5328125 0.503125 0.5328125 0.56875 0.378125 0.56875
0 0.7734375 0.31875 0.9296875 0.31875 0.9296875 0.38125 0.7734375 0.38125
7 0.4921875 0.1296875 0.7171875 0.1296875 0.7171875 0.221875 0.4921875 0.221875
9 0.396875 0.309375 0.515625 0.309375 0.515625 0.36875 0.396875 0.36875
10 0.759375 0.4078125 0.9421875 0.4078125 0.9421875 0.4796875 0.759375 0.4796875
6 0.85625 0.475 1 0.475 1 0.534375 0.85625 0.534375
6 0.28125 0.109375 0.440625 0.109375 0.440625 0.19375 0.28125 0.19375
8 0.878125 0.1484375 0.8875 0.1484375 0.8875 0.1921875 0.878125 0.1921875
1 0.3890625 0.2875 0.584375 0.2875 0.584375 0.821875 0.3890625 0.821875