1 0.725 0.1953125 0.8140625 0.1953125 0.8140625 0.4078125 0.725 0.4078125
5 0.6234375 0.096875 0.6921875 0.096875 0.6921875 0.2390625 0.6234375 0.2390625
2 0.6046875 0.684375 0.6875 0.684375 0.6875 0.84375 0.6046875 0.84375
3 0.6703125 0.490625 0.7296875 0.490625 0.7296875 0.6 0.6703125 0.6
3 0.4921875 0.29375 0.546875 0.29375 0.546875 0.4109375 0.4921875 0.4109375
0 0.503125 0.4671875 0.5671875 0.4671875 0.5671875 0.621875 0.503125 0.621875
0 0.31875 0.0703125 0.38125 0.0703125 0.38125 0.2265625 0.31875 0.2265625
7 0.13125 0.2828125 0.2203125 0.2828125 0.2203125 0.5078125 0.13125 0.5078125
9 0.3078125 0.4875 0.3703125 0.4875 0.3703125 0.6046875 0.3078125 0.6046875
10 0.4078125 0.059375 0.4796875 0.059375 0.4796875 0.240625 0.4078125 0.240625
6 0.478125 0.0015625 0.534375 0.0015625 0.534375 0.1421875 0.478125 0.1421875
6 0.109375 0.5609375 0.1921875 0.5609375 0.1921875 0.71875 0.109375 0.71875
8 0.16875 0.084375 0.221875 0.084375 0.221875 0.2125 0.16875 0.2125