8 0.24375 0.13125 0.328125 0.13125 0.328125 0.2203125 0.24375 0.2203125
8 0.765625 0.5140625 0.86875 0.5140625 0.86875 0.5890625 0.765625 0.5890625
8 0.6890625 0.6859375 0.778125 0.6859375 0.778125 0.775 0.6890625 0.775
8 0.3328125 0.7703125 0.421875 0.7703125 0.421875 0.88125 0.3328125 0.88125
8 0.14375 0.6859375 0.240625 0.6859375 0.240625 0.7890625 0.14375 0.7890625
8 0.25 0.59375 0.3265625 0.59375 0.3265625 0.684375 0.25 0.684375
8 0.4234375 0.5078125 0.503125 0.5078125 0.503125 0.5953125 0.4234375 0.5953125
7 0.128125 0.4171875 0.2359375 0.4171875 0.2359375 0.4921875 0.128125 0.4921875
7 0.5984375 0.3140625 0.709375 0.3140625 0.709375 0.40625 0.5984375 0.40625
10 0.6 0.50625 0.7109375 0.50625 0.7109375 0.5890625 0.6 0.5890625
2 0.7828125 0.328125 0.875 0.328125 0.875 0.4046875 0.7828125 0.4046875
2 0.4296875 0.2375 0.5046875 0.2375 0.5046875 0.325 0.4296875 0.325
1 0.59375 0.128125 0.6953125 0.128125 0.6953125 0.2421875 0.59375 0.2421875
1 0.3328125 0.3140625 0.421875 0.3140625 0.421875 0.4109375 0.3328125 0.4109375
1 0.5921875 0.775 0.7125 0.775 0.7125 0.89375 0.5921875 0.89375