10 0.5765625 0.29375 0.6609375 0.29375 0.6609375 0.3875 0.5765625 0.3875
7 0.7640625 0.48125 0.8609375 0.48125 0.8609375 0.56875 0.7640625 0.56875
7 0.403125 0.484375 0.5 0.484375 0.5 0.5640625 0.403125 0.5640625
8 0.234375 0.390625 0.31875 0.390625 0.31875 0.471875 0.234375 0.471875
8 0.4125 0.29375 0.49375 0.29375 0.49375 0.378125 0.4125 0.378125
8 0.4953125 0.21875 0.575 0.21875 0.575 0.3 0.4953125 0.3
8 0.4984375 0.1140625 0.5734375 0.1140625 0.5734375 0.2078125 0.4984375 0.2078125
8 0.6703125 0.2078125 0.75 0.2078125 0.75 0.309375 0.6703125 0.309375
8 0.68125 0.3828125 0.75625 0.3828125 0.75625 0.4546875 0.68125 0.4546875
8 0.5 0.390625 0.575 0.390625 0.575 0.475 0.5 0.475
1 0.209375 0.1125 0.325 0.1125 0.325 0.21875 0.209375 0.21875
1 0.3046875 0.56875 0.40625 0.56875 0.40625 0.64375 0.3046875 0.64375
1 0.5765625 0.6515625 0.65625 0.6515625 0.65625 0.7546875 0.5765625 0.7546875
2 0.41875 0.4 0.4875 0.4 0.4875 0.471875 0.41875 0.471875
2 0.409375 0.65625 0.475 0.65625 0.475 0.740625 0.409375 0.740625