8 0.2375 0.3234375 0.3125 0.3234375 0.3125 0.4078125 0.2375 0.4078125
8 0.14375 0.23125 0.234375 0.23125 0.234375 0.3171875 0.14375 0.3171875
8 0.39375 0.134375 0.478125 0.134375 0.478125 0.2375 0.39375 0.2375
8 0.5875 0.7640625 0.671875 0.7640625 0.671875 0.8484375 0.5875 0.8484375
8 0.771875 0.5796875 0.8609375 0.5796875 0.8609375 0.6640625 0.771875 0.6640625
8 0.7578125 0.3046875 0.8453125 0.3046875 0.8453125 0.4015625 0.7578125 0.4015625
8 0.6640625 0.2140625 0.7515625 0.2140625 0.7515625 0.3109375 0.6640625 0.3109375
7 0.4046875 0.49375 0.4890625 0.49375 0.4890625 0.578125 0.4046875 0.578125
7 0.578125 0.571875 0.66875 0.571875 0.66875 0.66875 0.578125 0.66875
10 0.4046875 0.309375 0.4890625 0.309375 0.4890625 0.4015625 0.4046875 0.4015625
2 0.31875 0.7625 0.4 0.7625 0.4 0.853125 0.31875 0.853125
2 0.675 0.678125 0.746875 0.678125 0.746875 0.771875 0.675 0.771875
1 0.1046875 0.5875 0.2296875 0.5875 0.2296875 0.6765625 0.1046875 0.6765625
1 0.4 0.675 0.4890625 0.675 0.4890625 0.775 0.4 0.775
1 0.571875 0.3078125 0.6609375 0.3078125 0.6609375 0.4015625 0.571875 0.4015625