10 0.7671875 0.325 0.88125 0.325 0.88125 0.4125 0.7671875 0.4125
8 0.6109375 0.1703125 0.6828125 0.1703125 0.6828125 0.2578125 0.6109375 0.2578125
8 0.609375 0.421875 0.6875 0.421875 0.6875 0.496875 0.609375 0.496875
8 0.6078125 0.578125 0.6828125 0.578125 0.6828125 0.653125 0.6078125 0.653125
8 0.6984375 0.7453125 0.790625 0.7453125 0.790625 0.8359375 0.6984375 0.8359375
8 0.1875 0.34375 0.284375 0.34375 0.284375 0.41875 0.1875 0.41875
8 0.1921875 0.5953125 0.284375 0.5953125 0.284375 0.6640625 0.1921875 0.6640625
8 0.365625 0.584375 0.4390625 0.584375 0.4390625 0.6625 0.365625 0.6625
7 0.1734375 0.1421875 0.2640625 0.1421875 0.2640625 0.246875 0.1734375 0.246875
7 0.45 0.584375 0.53125 0.584375 0.53125 0.6671875 0.45 0.6671875
2 0.4390625 0.4234375 0.5203125 0.4234375 0.5203125 0.5046875 0.4390625 0.5046875
2 0.38125 0.746875 0.4546875 0.746875 0.4546875 0.840625 0.38125 0.840625
1 0.76875 0.5 0.8875 0.5 0.8875 0.578125 0.76875 0.578125
1 0.4515625 0.1484375 0.5234375 0.1484375 0.5234375 0.2578125 0.4515625 0.2578125
1 0.1890625 0.68125 0.2796875 0.68125 0.2796875 0.7703125 0.1890625 0.7703125