10 0.7640625 0.76875 0.8609375 0.76875 0.8609375 0.884375 0.7640625 0.884375
7 0.48125 0.3265625 0.56875 0.3265625 0.56875 0.415625 0.48125 0.415625
7 0.3953125 0.7640625 0.4921875 0.7640625 0.4921875 0.875 0.3953125 0.875
8 0.4890625 0.1546875 0.56875 0.1546875 0.56875 0.2484375 0.4890625 0.2484375
8 0.5859375 0.51875 0.65625 0.51875 0.65625 0.584375 0.5859375 0.584375
8 0.5046875 0.5875 0.575 0.5875 0.575 0.671875 0.5046875 0.671875
8 0.5875 0.684375 0.6578125 0.684375 0.6578125 0.75625 0.5875 0.75625
8 0.2515625 0.7734375 0.328125 0.7734375 0.328125 0.8484375 0.2515625 0.8484375
8 0.140625 0.76875 0.2375 0.76875 0.2375 0.865625 0.140625 0.865625
8 0.2375 0.25625 0.315625 0.25625 0.315625 0.3453125 0.2375 0.3453125
1 0.1125 0.15625 0.234375 0.15625 0.234375 0.253125 0.1125 0.253125
1 0.3 0.340625 0.39375 0.340625 0.39375 0.41875 0.3 0.41875
1 0.675 0.4125 0.75 0.4125 0.75 0.49375 0.675 0.49375
2 0.4140625 0.4265625 0.4890625 0.4265625 0.4890625 0.50625 0.4140625 0.50625
2 0.659375 0.1375 0.7390625 0.1375 0.7390625 0.2375 0.659375 0.2375