8 0.2046875 0.225 0.30625 0.225 0.30625 0.31875 0.2046875 0.31875
8 0.503125 0.3140625 0.5828125 0.3140625 0.5828125 0.4015625 0.503125 0.4015625
8 0.5046875 0.484375 0.5875 0.484375 0.5875 0.5625 0.5046875 0.5625
8 0.315625 0.578125 0.4046875 0.578125 0.4046875 0.6515625 0.315625 0.6515625
8 0.1359375 0.771875 0.2328125 0.771875 0.2328125 0.8671875 0.1359375 0.8671875
8 0.5984375 0.759375 0.6796875 0.759375 0.6796875 0.8546875 0.5984375 0.8546875
8 0.596875 0.5828125 0.6765625 0.5828125 0.6765625 0.6609375 0.596875 0.6609375
7 0.4046875 0.2015625 0.4859375 0.2015625 0.4859375 0.3109375 0.4046875 0.3109375
7 0.6703125 0.3953125 0.771875 0.3953125 0.771875 0.4796875 0.6703125 0.4796875
10 0.1078125 0.5796875 0.2328125 0.5796875 0.2328125 0.6578125 0.1078125 0.6578125
1 0.7578125 0.09375 0.88125 0.09375 0.88125 0.2203125 0.7578125 0.2203125
1 0.109375 0.396875 0.228125 0.396875 0.228125 0.4859375 0.109375 0.4859375
2 0.5875 0.125 0.6703125 0.125 0.6703125 0.21875 0.5875 0.21875
2 0.409375 0.4 0.4921875 0.4 0.4921875 0.478125 0.409375 0.478125
1 0.7625 0.5734375 0.890625 0.5734375 0.890625 0.6578125 0.7625 0.6578125