10 0.575 0.665625 0.653125 0.665625 0.653125 0.7484375 0.575 0.7484375
8 0.65 0.171875 0.71875 0.171875 0.71875 0.253125 0.65 0.253125
8 0.5796875 0.496875 0.6453125 0.496875 0.6453125 0.5796875 0.5796875 0.5796875
8 0.7375 0.6734375 0.821875 0.6734375 0.821875 0.74375 0.7375 0.74375
8 0.15625 0.590625 0.24375 0.590625 0.24375 0.6625 0.15625 0.6625
8 0.1578125 0.759375 0.2421875 0.759375 0.2421875 0.84375 0.1578125 0.84375
8 0.4078125 0.346875 0.484375 0.346875 0.484375 0.4234375 0.4078125 0.4234375
8 0.3390625 0.5875 0.4046875 0.5875 0.4046875 0.6625 0.3390625 0.6625
7 0.740625 0.415625 0.834375 0.415625 0.834375 0.4859375 0.740625 0.4859375
7 0.134375 0.3625 0.25625 0.3625 0.25625 0.434375 0.134375 0.434375
2 0.3234375 0.1796875 0.4015625 0.1796875 0.4015625 0.2515625 0.3234375 0.2515625
2 0.325 0.440625 0.390625 0.440625 0.390625 0.515625 0.325 0.515625
1 0.7265625 0.15625 0.8203125 0.15625 0.8203125 0.2578125 0.7265625 0.2578125
1 0.509375 0.75 0.58125 0.75 0.58125 0.853125 0.509375 0.853125
1 0.4875 0.1578125 0.559375 0.1578125 0.559375 0.265625 0.4875 0.265625