8 0.1140625 0.1296875 0.225 0.1296875 0.225 0.221875 0.1140625 0.221875
8 0.1359375 0.615625 0.2234375 0.615625 0.2234375 0.6828125 0.1359375 0.6828125
8 0.325 0.2375 0.4171875 0.2375 0.4171875 0.321875 0.325 0.321875
8 0.521875 0.21875 0.6015625 0.21875 0.6015625 0.3171875 0.521875 0.3171875
8 0.70625 0.140625 0.825 0.140625 0.825 0.2171875 0.70625 0.2171875
8 0.4234375 0.60625 0.5109375 0.60625 0.5109375 0.6859375 0.4234375 0.6859375
8 0.13125 0.4296875 0.228125 0.4296875 0.228125 0.5 0.13125 0.5
7 0.421875 0.4203125 0.5109375 0.4203125 0.5109375 0.5078125 0.421875 0.5078125
7 0.2234375 0.60625 0.3265625 0.60625 0.3265625 0.7171875 0.2234375 0.7171875
10 0.690625 0.6046875 0.809375 0.6046875 0.809375 0.715625 0.690625 0.715625
1 0.3234375 0.78125 0.4125 0.78125 0.4125 0.9203125 0.3234375 0.9203125
1 0.525 0.696875 0.6078125 0.696875 0.6078125 0.8171875 0.525 0.8171875
2 0.696875 0.4078125 0.8 0.4078125 0.8 0.4875 0.696875 0.4875
2 0.7984375 0.7890625 0.9046875 0.7890625 0.9046875 0.8921875 0.7984375 0.8921875
1 0.221875 0.325 0.328125 0.325 0.328125 0.4171875 0.221875 0.4171875