10 0.321875 0.25625 0.4 0.25625 0.4 0.3375 0.321875 0.3375
8 0.421875 0.6046875 0.48125 0.6046875 0.48125 0.6765625 0.421875 0.6765625
8 0.2515625 0.68125 0.334375 0.68125 0.334375 0.775 0.2515625 0.775
8 0.15625 0.771875 0.2328125 0.771875 0.2328125 0.84375 0.15625 0.84375
8 0.1515625 0.4390625 0.240625 0.4390625 0.240625 0.5109375 0.1515625 0.5109375
8 0.2453125 0.1578125 0.325 0.1578125 0.325 0.265625 0.2453125 0.265625
8 0.575 0.175 0.65 0.175 0.65 0.2578125 0.575 0.2578125
8 0.7484375 0.346875 0.8375 0.346875 0.8375 0.421875 0.7484375 0.421875
7 0.31875 0.4265625 0.409375 0.4265625 0.409375 0.5109375 0.31875 0.5109375
7 0.578125 0.340625 0.671875 0.340625 0.671875 0.425 0.578125 0.425
2 0.50625 0.765625 0.56875 0.765625 0.56875 0.859375 0.50625 0.859375
2 0.7453125 0.5078125 0.83125 0.5078125 0.83125 0.5953125 0.7453125 0.5953125
1 0.7421875 0.7609375 0.8609375 0.7609375 0.8609375 0.859375 0.7421875 0.859375
1 0.5828125 0.5296875 0.6703125 0.5296875 0.6703125 0.5953125 0.5828125 0.5953125
1 0.1390625 0.2578125 0.240625 0.2578125 0.240625 0.3421875 0.1390625 0.3421875