1 0.3859375 0.425 0.4625 0.425 0.4625 0.503125 0.3859375 0.503125
8 0.8203125 0.659375 0.9171875 0.659375 0.9171875 0.76875 0.8203125 0.76875
8 0.2375 0.603125 0.321875 0.603125 0.321875 0.68125 0.2375 0.68125
8 0.409375 0.7578125 0.4875 0.7578125 0.4875 0.8453125 0.409375 0.8453125
8 0.5734375 0.340625 0.6390625 0.340625 0.6390625 0.4234375 0.5734375 0.4234375
8 0.7203125 0.25 0.7953125 0.25 0.7953125 0.33125 0.7203125 0.33125
8 0.8125 0.165625 0.896875 0.165625 0.896875 0.25 0.8125 0.25
8 0.821875 0.4953125 0.9 0.4953125 0.9 0.575 0.821875 0.575
8 0.7375 0.7609375 0.8125 0.7609375 0.8125 0.8578125 0.7375 0.8578125
7 0.3953125 0.590625 0.471875 0.590625 0.471875 0.678125 0.3953125 0.678125
7 0.6515625 0.5140625 0.7359375 0.5140625 0.7359375 0.5984375 0.6515625 0.5984375
10 0.65625 0.665625 0.7359375 0.665625 0.7359375 0.76875 0.65625 0.76875
2 0.2390625 0.4375 0.30625 0.4375 0.30625 0.5140625 0.2390625 0.5140625
2 0.4734375 0.171875 0.54375 0.171875 0.54375 0.2609375 0.4734375 0.2609375
1 0.20625 0.190625 0.303125 0.190625 0.303125 0.2734375 0.20625 0.2734375