10 0.2859375 0.4109375 0.378125 0.4109375 0.378125 0.4875 0.2859375 0.4875
8 0.209375 0.16875 0.303125 0.16875 0.303125 0.246875 0.209375 0.246875
8 0.3125 0.2484375 0.3890625 0.2484375 0.3890625 0.3328125 0.3125 0.3328125
8 0.30625 0.578125 0.3859375 0.578125 0.3859375 0.653125 0.30625 0.653125
8 0.390625 0.7453125 0.4609375 0.7453125 0.4609375 0.83125 0.390625 0.83125
8 0.4734375 0.6578125 0.54375 0.6578125 0.54375 0.734375 0.4734375 0.734375
8 0.115625 0.578125 0.221875 0.578125 0.221875 0.653125 0.115625 0.653125
8 0.7234375 0.6625 0.8109375 0.6625 0.8109375 0.740625 0.7234375 0.740625
7 0.465625 0.490625 0.553125 0.490625 0.553125 0.575 0.465625 0.575
7 0.1984375 0.7453125 0.296875 0.7453125 0.296875 0.846875 0.1984375 0.846875
2 0.46875 0.3328125 0.55 0.3328125 0.55 0.409375 0.46875 0.409375
2 0.13125 0.325 0.221875 0.325 0.221875 0.409375 0.13125 0.409375
1 0.6375 0.221875 0.734375 0.221875 0.734375 0.31875 0.6375 0.31875
1 0.7078125 0.40625 0.8109375 0.40625 0.8109375 0.478125 0.7078125 0.478125
1 0.46875 0.140625 0.540625 0.140625 0.540625 0.2515625 0.46875 0.2515625