8 0.428125 0.16875 0.509375 0.16875 0.509375 0.2578125 0.428125 0.2578125
8 0.5171875 0.3484375 0.5890625 0.3484375 0.5890625 0.4234375 0.5171875 0.4234375
8 0.740625 0.5109375 0.8328125 0.5109375 0.8328125 0.58125 0.740625 0.58125
8 0.7515625 0.759375 0.8578125 0.759375 0.8578125 0.8484375 0.7515625 0.8484375
8 0.428125 0.6015625 0.50625 0.6015625 0.50625 0.675 0.428125 0.675
8 0.16875 0.4328125 0.246875 0.4328125 0.246875 0.50625 0.16875 0.50625
8 0.2546875 0.771875 0.33125 0.771875 0.33125 0.8609375 0.2546875 0.8609375
1 0.746875 0.1578125 0.8640625 0.1578125 0.8640625 0.265625 0.746875 0.265625
1 0.6 0.7625 0.696875 0.7625 0.696875 0.8765625 0.6 0.8765625
1 0.434375 0.771875 0.5078125 0.771875 0.5078125 0.8734375 0.434375 0.8734375
2 0.1640625 0.24375 0.2453125 0.24375 0.2453125 0.334375 0.1640625 0.334375
2 0.75 0.346875 0.8296875 0.346875 0.8296875 0.4203125 0.75 0.4203125
10 0.35 0.428125 0.4234375 0.428125 0.4234375 0.509375 0.35 0.509375
7 0.5875 0.153125 0.6765625 0.153125 0.6765625 0.259375 0.5875 0.259375
7 0.153125 0.6 0.2484375 0.6 0.2484375 0.6953125 0.153125 0.6953125