8 0.428125 0.771875 0.503125 0.771875 0.503125 0.8671875 0.428125 0.8671875
8 0.24375 0.690625 0.33125 0.690625 0.33125 0.7828125 0.24375 0.7828125
8 0.425 0.41875 0.503125 0.41875 0.503125 0.5 0.425 0.5
8 0.7875 0.2359375 0.8859375 0.2359375 0.8859375 0.3234375 0.7875 0.3234375
8 0.3265625 0.24375 0.4109375 0.24375 0.4109375 0.33125 0.3265625 0.33125
8 0.128125 0.3375 0.2359375 0.3375 0.2359375 0.4265625 0.128125 0.4265625
8 0.215625 0.153125 0.3125 0.153125 0.3125 0.2375 0.215625 0.2375
7 0.609375 0.6 0.703125 0.6 0.703125 0.7125 0.609375 0.7125
7 0.509375 0.11875 0.5984375 0.11875 0.5984375 0.234375 0.509375 0.234375
10 0.4203125 0.603125 0.509375 0.603125 0.509375 0.7125 0.4203125 0.7125
2 0.609375 0.778125 0.68125 0.778125 0.68125 0.875 0.609375 0.875
2 0.690625 0.425 0.775 0.425 0.775 0.5 0.690625 0.5
1 0.125 0.6015625 0.24375 0.6015625 0.24375 0.7171875 0.125 0.7171875
1 0.76875 0.5890625 0.884375 0.5890625 0.884375 0.6953125 0.76875 0.6953125
1 0.5921875 0.3359375 0.6890625 0.3359375 0.6890625 0.4234375 0.5921875 0.4234375