8 0.74375 0.428125 0.83125 0.428125 0.83125 0.509375 0.74375 0.509375
8 0.575 0.5171875 0.653125 0.5171875 0.653125 0.5890625 0.575 0.5890625
8 0.41875 0.740625 0.490625 0.740625 0.490625 0.83125 0.41875 0.83125
8 0.153125 0.753125 0.240625 0.753125 0.240625 0.859375 0.153125 0.859375
8 0.325 0.428125 0.4 0.428125 0.4 0.50625 0.325 0.50625
8 0.49375 0.16875 0.565625 0.16875 0.565625 0.246875 0.49375 0.246875
8 0.1390625 0.253125 0.228125 0.253125 0.228125 0.3328125 0.1390625 0.3328125
1 0.734375 0.746875 0.8421875 0.746875 0.8421875 0.865625 0.734375 0.865625
1 0.1234375 0.6 0.2390625 0.6 0.2390625 0.696875 0.1234375 0.696875
1 0.128125 0.434375 0.228125 0.434375 0.228125 0.509375 0.128125 0.509375
2 0.6671875 0.1625 0.75625 0.1625 0.75625 0.246875 0.6671875 0.246875
2 0.5796875 0.75 0.6546875 0.75 0.6546875 0.8296875 0.5796875 0.8296875
10 0.490625 0.35 0.571875 0.35 0.571875 0.425 0.490625 0.425
7 0.7421875 0.5875 0.8484375 0.5875 0.8484375 0.675 0.7421875 0.675
7 0.3046875 0.153125 0.4015625 0.153125 0.4015625 0.246875 0.3046875 0.246875