8 0.5625 0.1328125 0.6484375 0.1328125 0.6484375 0.23125 0.5625 0.23125
8 0.74375 0.21875 0.828125 0.21875 0.828125 0.3109375 0.74375 0.3109375
8 0.6484375 0.31875 0.73125 0.31875 0.73125 0.4015625 0.6484375 0.4015625
8 0.4796875 0.415625 0.559375 0.415625 0.559375 0.490625 0.4796875 0.490625
8 0.6546875 0.76875 0.7390625 0.76875 0.7390625 0.865625 0.6546875 0.865625
8 0.1390625 0.415625 0.23125 0.415625 0.23125 0.490625 0.1390625 0.490625
8 0.2203125 0.2390625 0.3078125 0.2390625 0.3078125 0.328125 0.2203125 0.328125
7 0.275 0.590625 0.390625 0.590625 0.390625 0.6703125 0.275 0.6703125
7 0.7421875 0.4984375 0.84375 0.4984375 0.84375 0.5828125 0.7421875 0.5828125
10 0.2875 0.409375 0.390625 0.409375 0.390625 0.4921875 0.2875 0.4921875
2 0.1328125 0.5890625 0.2234375 0.5890625 0.2234375 0.6546875 0.1328125 0.6546875
2 0.484375 0.66875 0.559375 0.66875 0.559375 0.75625 0.484375 0.75625
1 0.278125 0.1265625 0.3921875 0.1265625 0.3921875 0.2375 0.278125 0.2375
1 0.559375 0.578125 0.6453125 0.578125 0.6453125 0.66875 0.559375 0.66875
1 0.3 0.7375 0.4078125 0.7375 0.4078125 0.8515625 0.3 0.8515625