8 0.625 0.1734375 0.7 0.1734375 0.7 0.25625 0.625 0.25625
8 0.7109375 0.35 0.7953125 0.35 0.7953125 0.4296875 0.7109375 0.4296875
8 0.6234375 0.615625 0.703125 0.615625 0.703125 0.6921875 0.6234375 0.6921875
8 0.44375 0.615625 0.5265625 0.615625 0.5265625 0.7 0.44375 0.7
8 0.284375 0.6140625 0.3703125 0.6140625 0.3703125 0.69375 0.284375 0.69375
8 0.18125 0.69375 0.2734375 0.69375 0.2734375 0.7828125 0.18125 0.7828125
8 0.190625 0.1671875 0.2796875 0.1671875 0.2796875 0.2640625 0.190625 0.2640625
1 0.7125 0.2640625 0.809375 0.2640625 0.809375 0.340625 0.7125 0.340625
1 0.1703125 0.425 0.2765625 0.425 0.2765625 0.5046875 0.1703125 0.5046875
1 0.5359375 0.778125 0.61875 0.778125 0.61875 0.90625 0.5359375 0.90625
2 0.453125 0.2703125 0.5328125 0.2703125 0.5328125 0.3453125 0.453125 0.3453125
2 0.7078125 0.7 0.796875 0.7 0.796875 0.784375 0.7078125 0.784375
7 0.3578125 0.4484375 0.4421875 0.4484375 0.4421875 0.525 0.3578125 0.525
7 0.61875 0.4390625 0.7078125 0.4390625 0.7078125 0.51875 0.61875 0.51875
10 0.271875 0.26875 0.365625 0.26875 0.365625 0.353125 0.271875 0.353125