8 0.771875 0.4984375 0.86875 0.4984375 0.86875 0.571875 0.771875 0.571875
8 0.6921875 0.66875 0.7828125 0.66875 0.7828125 0.75625 0.6921875 0.75625
8 0.4203125 0.496875 0.4984375 0.496875 0.4984375 0.575 0.4203125 0.575
8 0.2375 0.1140625 0.321875 0.1140625 0.321875 0.2125 0.2375 0.2125
8 0.24375 0.590625 0.33125 0.590625 0.33125 0.675 0.24375 0.675
8 0.3375 0.7640625 0.428125 0.7640625 0.428125 0.871875 0.3375 0.871875
8 0.153125 0.6875 0.2375 0.6875 0.2375 0.784375 0.153125 0.784375
7 0.6015625 0.296875 0.7109375 0.296875 0.7109375 0.390625 0.6015625 0.390625
7 0.11875 0.4015625 0.23125 0.4015625 0.23125 0.4921875 0.11875 0.4921875
10 0.6015625 0.490625 0.7125 0.490625 0.7125 0.578125 0.6015625 0.578125
2 0.7796875 0.3203125 0.8765625 0.3203125 0.8765625 0.3890625 0.7796875 0.3890625
2 0.425 0.225 0.4984375 0.225 0.4984375 0.309375 0.425 0.309375
1 0.6015625 0.7578125 0.7171875 0.7578125 0.7171875 0.875 0.6015625 0.875
1 0.5890625 0.115625 0.6953125 0.115625 0.6953125 0.23125 0.5890625 0.23125
1 0.3359375 0.3125 0.421875 0.3125 0.421875 0.4078125 0.3359375 0.4078125