10 0.6875 0.415625 0.784375 0.415625 0.784375 0.4984375 0.6875 0.4984375
8 0.1796875 0.3375 0.2671875 0.3375 0.2671875 0.415625 0.1796875 0.415625
8 0.35 0.25 0.434375 0.25 0.434375 0.334375 0.35 0.334375
8 0.43125 0.41875 0.51875 0.41875 0.51875 0.496875 0.43125 0.496875
8 0.784375 0.33125 0.859375 0.33125 0.859375 0.41875 0.784375 0.41875
8 0.78125 0.15 0.8796875 0.15 0.8796875 0.234375 0.78125 0.234375
8 0.609375 0.509375 0.696875 0.509375 0.696875 0.5875 0.609375 0.5875
8 0.603125 0.15 0.6875 0.15 0.6875 0.24375 0.603125 0.24375
7 0.778125 0.590625 0.903125 0.590625 0.903125 0.675 0.778125 0.675
7 0.528125 0.128125 0.603125 0.128125 0.603125 0.246875 0.528125 0.246875
2 0.43125 0.671875 0.534375 0.671875 0.534375 0.7609375 0.43125 0.7609375
2 0.696875 0.68125 0.78125 0.68125 0.78125 0.75625 0.696875 0.75625
1 0.1578125 0.6765625 0.2734375 0.6765625 0.2734375 0.7875 0.1578125 0.7875
1 0.2453125 0.7546875 0.35625 0.7546875 0.35625 0.8609375 0.2453125 0.8609375
1 0.35 0.5921875 0.4265625 0.5921875 0.4265625 0.671875 0.35 0.671875