10 0.56875 0.5828125 0.6625 0.5828125 0.6625 0.6625 0.56875 0.6625
7 0.39375 0.41875 0.478125 0.41875 0.478125 0.50625 0.39375 0.50625
7 0.396875 0.765625 0.4734375 0.765625 0.4734375 0.86875 0.396875 0.86875
8 0.4921875 0.2375 0.56875 0.2375 0.56875 0.3140625 0.4921875 0.3140625
8 0.5796875 0.4203125 0.6640625 0.4203125 0.6640625 0.4921875 0.5796875 0.4921875
8 0.6546875 0.4953125 0.7328125 0.4953125 0.7328125 0.578125 0.6546875 0.578125
8 0.7421875 0.5015625 0.840625 0.5015625 0.840625 0.584375 0.7421875 0.584375
8 0.6515625 0.671875 0.7390625 0.671875 0.7390625 0.753125 0.6515625 0.753125
8 0.4984375 0.68125 0.578125 0.68125 0.578125 0.75625 0.4984375 0.75625
8 0.4859375 0.509375 0.5546875 0.509375 0.5546875 0.58125 0.4859375 0.58125
1 0.3140625 0.31875 0.396875 0.31875 0.396875 0.403125 0.3140625 0.403125
1 0.2078125 0.5828125 0.30625 0.5828125 0.30625 0.6640625 0.2078125 0.6640625
1 0.746875 0.225 0.85 0.225 0.85 0.3234375 0.746875 0.3234375
2 0.21875 0.4125 0.30625 0.4125 0.30625 0.478125 0.21875 0.478125
2 0.4875 0.4265625 0.55 0.4265625 0.55 0.4984375 0.4875 0.4984375