8 0.7796875 0.2859375 0.8734375 0.2859375 0.8734375 0.378125 0.7796875 0.378125
8 0.70625 0.1921875 0.784375 0.1921875 0.784375 0.28125 0.70625 0.28125
8 0.79375 0.565625 0.896875 0.565625 0.896875 0.640625 0.79375 0.640625
8 0.61875 0.75 0.721875 0.75 0.721875 0.83125 0.61875 0.83125
8 0.425 0.0890625 0.509375 0.0890625 0.509375 0.2 0.425 0.2
8 0.2546875 0.265625 0.3390625 0.265625 0.3390625 0.371875 0.2546875 0.371875
8 0.15625 0.1640625 0.2359375 0.1640625 0.2359375 0.2796875 0.15625 0.2796875
7 0.4375 0.471875 0.528125 0.471875 0.528125 0.5625 0.4375 0.5625
7 0.6109375 0.5625 0.7359375 0.5625 0.7359375 0.64375 0.6109375 0.64375
10 0.4375 0.2625 0.528125 0.2625 0.528125 0.375 0.4375 0.375
2 0.7 0.6671875 0.7875 0.6671875 0.7875 0.746875 0.7 0.746875
2 0.3484375 0.7546875 0.41875 0.7546875 0.41875 0.846875 0.3484375 0.846875
1 0.615625 0.275 0.715625 0.275 0.715625 0.378125 0.615625 0.378125
1 0.4296875 0.659375 0.521875 0.659375 0.521875 0.759375 0.4296875 0.759375
1 0.125 0.5671875 0.23125 0.5671875 0.23125 0.659375 0.125 0.659375