10 0.784375 0.76875 0.9015625 0.76875 0.9015625 0.8921875 0.784375 0.8921875
7 0.2546875 0.5109375 0.340625 0.5109375 0.340625 0.5890625 0.2546875 0.5890625
7 0.434375 0.5921875 0.51875 0.5921875 0.51875 0.6921875 0.434375 0.6921875
8 0.584375 0.7796875 0.6765625 0.7796875 0.6765625 0.8890625 0.584375 0.8890625
8 0.61875 0.590625 0.703125 0.590625 0.703125 0.675 0.61875 0.675
8 0.528125 0.5078125 0.60625 0.5078125 0.60625 0.5875 0.528125 0.5875
8 0.5328125 0.325 0.60625 0.325 0.60625 0.4109375 0.5328125 0.4109375
8 0.153125 0.325 0.24375 0.325 0.24375 0.40625 0.153125 0.40625
8 0.3453125 0.1359375 0.4265625 0.1359375 0.4265625 0.2296875 0.3453125 0.2296875
8 0.1453125 0.128125 0.2453125 0.128125 0.2453125 0.228125 0.1453125 0.228125
1 0.4296875 0.7640625 0.5046875 0.7640625 0.5046875 0.8828125 0.4296875 0.8828125
1 0.5265625 0.115625 0.603125 0.115625 0.603125 0.23125 0.5265625 0.23125
1 0.7859375 0.115625 0.9015625 0.115625 0.9015625 0.2265625 0.7859375 0.2265625
2 0.146875 0.7609375 0.2359375 0.7609375 0.2359375 0.8578125 0.146875 0.8578125
2 0.7046875 0.3296875 0.7859375 0.3296875 0.7859375 0.4109375 0.7046875 0.4109375