10 0.396875 0.2625 0.4796875 0.2625 0.4796875 0.34375 0.396875 0.34375
7 0.4984375 0.6 0.575 0.6 0.575 0.6921875 0.4984375 0.6921875
7 0.7421875 0.2546875 0.8515625 0.2546875 0.8515625 0.3359375 0.7421875 0.3359375
8 0.33125 0.615625 0.4 0.615625 0.4 0.696875 0.33125 0.696875
8 0.240625 0.69375 0.325 0.69375 0.325 0.771875 0.240625 0.771875
8 0.159375 0.78125 0.2421875 0.78125 0.2421875 0.865625 0.159375 0.865625
8 0.1328125 0.453125 0.2328125 0.453125 0.2328125 0.521875 0.1328125 0.521875
8 0.128125 0.2734375 0.2234375 0.2734375 0.2234375 0.346875 0.128125 0.346875
8 0.31875 0.4390625 0.4 0.4390625 0.4 0.5046875 0.31875 0.5046875
8 0.74375 0.5140625 0.834375 0.5140625 0.834375 0.5890625 0.74375 0.5890625
1 0.490625 0.353125 0.5640625 0.353125 0.5640625 0.43125 0.490625 0.43125
1 0.7453125 0.5921875 0.8484375 0.5921875 0.8484375 0.6796875 0.7453125 0.6796875
1 0.753125 0.6859375 0.85625 0.6859375 0.85625 0.7796875 0.753125 0.7796875
2 0.40625 0.5203125 0.4890625 0.5203125 0.4890625 0.5921875 0.40625 0.5921875
2 0.5765625 0.4375 0.653125 0.4375 0.653125 0.50625 0.5765625 0.50625