10 0.578125 0.29375 0.6609375 0.29375 0.6609375 0.3875 0.578125 0.3875
7 0.7640625 0.4828125 0.8609375 0.4828125 0.8609375 0.56875 0.7640625 0.56875
7 0.4046875 0.4859375 0.5 0.4859375 0.5 0.5640625 0.4046875 0.5640625
8 0.2328125 0.390625 0.31875 0.390625 0.31875 0.4734375 0.2328125 0.4734375
8 0.4140625 0.29375 0.4921875 0.29375 0.4921875 0.3765625 0.4140625 0.3765625
8 0.4953125 0.2203125 0.5734375 0.2203125 0.5734375 0.3 0.4953125 0.3
8 0.4984375 0.1140625 0.575 0.1140625 0.575 0.2078125 0.4984375 0.2078125
8 0.671875 0.2078125 0.7515625 0.2078125 0.7515625 0.3078125 0.671875 0.3078125
8 0.68125 0.3828125 0.75625 0.3828125 0.75625 0.453125 0.68125 0.453125
8 0.5 0.3921875 0.5765625 0.3921875 0.5765625 0.4734375 0.5 0.4734375
1 0.209375 0.1140625 0.325 0.1140625 0.325 0.2203125 0.209375 0.2203125
1 0.3046875 0.56875 0.40625 0.56875 0.40625 0.6453125 0.3046875 0.6453125
1 0.578125 0.653125 0.6578125 0.653125 0.6578125 0.7546875 0.578125 0.7546875
2 0.41875 0.4015625 0.4890625 0.4015625 0.4890625 0.4703125 0.41875 0.4703125
2 0.409375 0.65625 0.475 0.65625 0.475 0.7421875 0.409375 0.7421875