10 0.14375 0.1453125 0.25 0.1453125 0.25 0.2484375 0.14375 0.2484375
7 0.446875 0.6046875 0.5234375 0.6046875 0.5234375 0.703125 0.446875 0.703125
7 0.5234375 0.1453125 0.60625 0.1453125 0.60625 0.253125 0.5234375 0.253125
8 0.353125 0.43125 0.425 0.43125 0.425 0.503125 0.353125 0.503125
8 0.346875 0.25625 0.425 0.25625 0.425 0.334375 0.346875 0.334375
8 0.4359375 0.35 0.5078125 0.35 0.5078125 0.428125 0.4359375 0.428125
8 0.684375 0.15625 0.7625 0.15625 0.7625 0.2484375 0.684375 0.2484375
8 0.778125 0.146875 0.865625 0.146875 0.865625 0.2453125 0.778125 0.2453125
8 0.44375 0.771875 0.525 0.771875 0.525 0.86875 0.44375 0.86875
8 0.7 0.6796875 0.775 0.6796875 0.775 0.7671875 0.7 0.7671875
1 0.2578125 0.521875 0.3390625 0.521875 0.3390625 0.609375 0.2578125 0.609375
1 0.61875 0.596875 0.70625 0.596875 0.70625 0.678125 0.61875 0.678125
1 0.784375 0.7640625 0.89375 0.7640625 0.89375 0.8828125 0.784375 0.8828125
2 0.5296875 0.5171875 0.5953125 0.5171875 0.5953125 0.59375 0.5296875 0.59375
2 0.2703125 0.775 0.3515625 0.775 0.3515625 0.8828125 0.2703125 0.8828125