8 0.775 0.778125 0.8859375 0.778125 0.8859375 0.8703125 0.775 0.8703125
8 0.778125 0.3171875 0.865625 0.3171875 0.865625 0.384375 0.778125 0.384375
8 0.5828125 0.678125 0.675 0.678125 0.675 0.7625 0.5828125 0.7625
8 0.4 0.6828125 0.478125 0.6828125 0.478125 0.78125 0.4 0.78125
8 0.175 0.784375 0.29375 0.784375 0.29375 0.859375 0.175 0.859375
8 0.4890625 0.315625 0.5765625 0.315625 0.5765625 0.39375 0.4890625 0.39375
8 0.7734375 0.5 0.8703125 0.5 0.8703125 0.571875 0.7734375 0.571875
7 0.4890625 0.4921875 0.578125 0.4921875 0.578125 0.5796875 0.4890625 0.5796875
7 0.675 0.284375 0.778125 0.284375 0.778125 0.39375 0.675 0.39375
10 0.190625 0.284375 0.309375 0.284375 0.309375 0.3953125 0.190625 0.3953125
1 0.5875 0.0796875 0.6765625 0.0796875 0.6765625 0.21875 0.5875 0.21875
1 0.3921875 0.184375 0.475 0.184375 0.475 0.303125 0.3921875 0.303125
2 0.2 0.5125 0.303125 0.5125 0.303125 0.59375 0.2 0.59375
2 0.096875 0.109375 0.203125 0.109375 0.203125 0.2125 0.096875 0.2125
1 0.671875 0.5828125 0.778125 0.5828125 0.778125 0.675 0.671875 0.675