8 0.7484375 0.2234375 0.8390625 0.2234375 0.8390625 0.309375 0.7484375 0.309375
8 0.740625 0.4125 0.8265625 0.4125 0.8265625 0.4875 0.740625 0.4875
8 0.7328125 0.58125 0.81875 0.58125 0.81875 0.6640625 0.7328125 0.6640625
8 0.565625 0.415625 0.6375 0.415625 0.6375 0.496875 0.565625 0.496875
8 0.4625 0.31875 0.546875 0.31875 0.546875 0.4015625 0.4625 0.4015625
8 0.2921875 0.4109375 0.3765625 0.4109375 0.3765625 0.4953125 0.2921875 0.4953125
8 0.2078125 0.66875 0.3 0.66875 0.3 0.7453125 0.2078125 0.7453125
7 0.565625 0.096875 0.65 0.096875 0.65 0.21875 0.565625 0.21875
7 0.2703125 0.109375 0.3734375 0.109375 0.3734375 0.21875 0.2703125 0.21875
10 0.1 0.74375 0.21875 0.74375 0.21875 0.865625 0.1 0.865625
1 0.640625 0.665625 0.734375 0.665625 0.734375 0.778125 0.640625 0.778125
1 0.1671875 0.225 0.2796875 0.225 0.2796875 0.303125 0.1671875 0.303125
2 0.3875 0.5921875 0.4640625 0.5921875 0.4640625 0.6546875 0.3875 0.6546875
2 0.0640625 0.134375 0.18125 0.134375 0.18125 0.2125 0.0640625 0.2125
1 0.6421875 0.225 0.74375 0.225 0.74375 0.309375 0.6421875 0.309375