8 0.734375 0.521875 0.8109375 0.521875 0.8109375 0.596875 0.734375 0.596875
8 0.746875 0.76875 0.8296875 0.76875 0.8296875 0.865625 0.746875 0.865625
8 0.246875 0.78125 0.3203125 0.78125 0.3203125 0.8578125 0.246875 0.8578125
8 0.41875 0.60625 0.4890625 0.60625 0.4890625 0.6875 0.41875 0.6875
8 0.5015625 0.3640625 0.578125 0.3640625 0.578125 0.4375 0.5015625 0.4375
8 0.4140625 0.1859375 0.4875 0.1859375 0.4875 0.265625 0.4140625 0.265625
8 0.159375 0.4390625 0.240625 0.4390625 0.240625 0.5171875 0.159375 0.5171875
1 0.75 0.16875 0.853125 0.16875 0.853125 0.26875 0.75 0.26875
1 0.584375 0.78125 0.671875 0.78125 0.671875 0.878125 0.584375 0.878125
1 0.4140625 0.76875 0.4921875 0.76875 0.4921875 0.8765625 0.4140625 0.8765625
10 0.33125 0.434375 0.415625 0.434375 0.415625 0.5125 0.33125 0.5125
7 0.571875 0.16875 0.65625 0.16875 0.65625 0.271875 0.571875 0.271875
7 0.140625 0.6125 0.24375 0.6125 0.24375 0.70625 0.140625 0.70625
2 0.740625 0.359375 0.8171875 0.359375 0.8171875 0.4296875 0.740625 0.4296875
2 0.159375 0.265625 0.2375 0.265625 0.2375 0.346875 0.159375 0.346875