10 0.1234375 0.625 0.2421875 0.625 0.2421875 0.728125 0.1234375 0.728125
8 0.5828125 0.38125 0.6640625 0.38125 0.6640625 0.465625 0.5828125 0.465625
8 0.746875 0.3734375 0.840625 0.3734375 0.840625 0.4515625 0.746875 0.4515625
8 0.753125 0.634375 0.84375 0.634375 0.84375 0.7046875 0.753125 0.7046875
8 0.315625 0.7953125 0.4078125 0.7953125 0.4078125 0.8953125 0.315625 0.8953125
8 0.33125 0.54375 0.4125 0.54375 0.4125 0.615625 0.33125 0.615625
8 0.3359375 0.375 0.4140625 0.375 0.4140625 0.453125 0.3359375 0.453125
8 0.23125 0.1828125 0.3171875 0.1828125 0.3171875 0.2765625 0.23125 0.2765625
7 0.490625 0.3734375 0.5734375 0.3734375 0.5734375 0.4578125 0.490625 0.4578125
7 0.7515625 0.8 0.865625 0.8 0.865625 0.9203125 0.7515625 0.9203125
2 0.575 0.2015625 0.653125 0.2015625 0.653125 0.2859375 0.575 0.2859375
2 0.5046875 0.540625 0.578125 0.540625 0.578125 0.615625 0.5046875 0.615625
1 0.75625 0.253125 0.8578125 0.253125 0.8578125 0.359375 0.75625 0.359375
1 0.4984375 0.7921875 0.5671875 0.7921875 0.5671875 0.903125 0.4984375 0.903125
1 0.13125 0.4625 0.2453125 0.4625 0.2453125 0.5421875 0.13125 0.5421875