10 0.621875 0.5125 0.7140625 0.5125 0.7140625 0.5875 0.621875 0.5875
8 0.696875 0.753125 0.790625 0.753125 0.790625 0.83125 0.696875 0.83125
8 0.6109375 0.66875 0.6875 0.66875 0.6875 0.753125 0.6109375 0.753125
8 0.6125 0.3453125 0.69375 0.3453125 0.69375 0.4234375 0.6125 0.4234375
8 0.5390625 0.16875 0.609375 0.16875 0.609375 0.2546875 0.5390625 0.2546875
8 0.4578125 0.265625 0.525 0.265625 0.525 0.34375 0.4578125 0.34375
8 0.778125 0.346875 0.884375 0.346875 0.884375 0.421875 0.778125 0.421875
8 0.1890625 0.259375 0.2765625 0.259375 0.2765625 0.3375 0.1890625 0.3375
7 0.4484375 0.425 0.5359375 0.425 0.5359375 0.509375 0.4484375 0.509375
7 0.703125 0.153125 0.8015625 0.153125 0.8015625 0.2546875 0.703125 0.2546875
2 0.45 0.590625 0.5296875 0.590625 0.5296875 0.665625 0.45 0.665625
2 0.778125 0.5921875 0.86875 0.5921875 0.86875 0.675 0.778125 0.675
1 0.265625 0.68125 0.3625 0.68125 0.3625 0.7796875 0.265625 0.7796875
1 0.190625 0.5234375 0.29375 0.5234375 0.29375 0.59375 0.190625 0.59375
1 0.459375 0.75 0.53125 0.75 0.53125 0.859375 0.459375 0.859375