8 0.7453125 0.153125 0.8328125 0.153125 0.8328125 0.2421875 0.7453125 0.2421875
8 0.4875 0.16875 0.5640625 0.16875 0.5640625 0.2578125 0.4875 0.2578125
8 0.1265625 0.346875 0.2296875 0.346875 0.2296875 0.4328125 0.1265625 0.4328125
8 0.4921875 0.5109375 0.56875 0.5109375 0.56875 0.5890625 0.4921875 0.5890625
8 0.58125 0.7671875 0.6578125 0.7671875 0.6578125 0.8671875 0.58125 0.8671875
8 0.409375 0.60625 0.48125 0.60625 0.48125 0.6859375 0.409375 0.6859375
8 0.228125 0.78125 0.309375 0.78125 0.309375 0.846875 0.228125 0.846875
1 0.74375 0.321875 0.8359375 0.321875 0.8359375 0.4171875 0.74375 0.4171875
1 0.3 0.1453125 0.40625 0.1453125 0.40625 0.2515625 0.3 0.2515625
1 0.7453125 0.5203125 0.85 0.5203125 0.85 0.6 0.7453125 0.6
2 0.13125 0.1578125 0.2265625 0.1578125 0.2265625 0.2453125 0.13125 0.2453125
2 0.396875 0.76875 0.471875 0.76875 0.471875 0.846875 0.396875 0.846875
7 0.1046875 0.50625 0.2203125 0.50625 0.2203125 0.5921875 0.1046875 0.5921875
7 0.7453125 0.68125 0.853125 0.68125 0.853125 0.7671875 0.7453125 0.7671875
10 0.3109375 0.415625 0.3984375 0.415625 0.3984375 0.5 0.3109375 0.5