10 0.4421875 0.25625 0.51875 0.25625 0.51875 0.35 0.4421875 0.35
8 0.3546875 0.16875 0.4375 0.16875 0.4375 0.2609375 0.3546875 0.2609375
8 0.1703125 0.1515625 0.253125 0.1515625 0.253125 0.2453125 0.1703125 0.2453125
8 0.1625 0.334375 0.2640625 0.334375 0.2640625 0.421875 0.1625 0.421875
8 0.525 0.340625 0.6125 0.340625 0.6125 0.4203125 0.525 0.4203125
8 0.434375 0.51875 0.5140625 0.51875 0.5140625 0.603125 0.434375 0.603125
8 0.2703125 0.60625 0.3484375 0.60625 0.3484375 0.684375 0.2703125 0.684375
8 0.3609375 0.775 0.43125 0.775 0.43125 0.8703125 0.3609375 0.8703125
7 0.6046875 0.1515625 0.715625 0.1515625 0.715625 0.2625 0.6046875 0.2625
7 0.1609375 0.434375 0.2515625 0.434375 0.2515625 0.5125 0.1609375 0.5125
2 0.6953125 0.5265625 0.7703125 0.5265625 0.7703125 0.5921875 0.6953125 0.5921875
2 0.6859375 0.2625 0.76875 0.2625 0.76875 0.35 0.6859375 0.35
1 0.6875 0.7703125 0.7984375 0.7703125 0.7984375 0.8765625 0.6875 0.8765625
1 0.76875 0.6796875 0.890625 0.6796875 0.890625 0.778125 0.76875 0.778125
1 0.60625 0.603125 0.696875 0.603125 0.696875 0.69375 0.60625 0.69375