10 0.121875 0.390625 0.2421875 0.390625 0.2421875 0.4625 0.121875 0.4625
8 0.49375 0.7359375 0.58125 0.7359375 0.58125 0.821875 0.49375 0.821875
8 0.4984375 0.55 0.571875 0.55 0.571875 0.640625 0.4984375 0.640625
8 0.31875 0.46875 0.396875 0.46875 0.396875 0.559375 0.31875 0.559375
8 0.13125 0.721875 0.225 0.721875 0.225 0.8234375 0.13125 0.8234375
8 0.2421875 0.125 0.3140625 0.125 0.3140625 0.228125 0.2421875 0.228125
8 0.74375 0.4875 0.8171875 0.4875 0.8171875 0.5578125 0.74375 0.5578125
8 0.734375 0.6421875 0.83125 0.6421875 0.83125 0.73125 0.734375 0.73125
7 0.2234375 0.7265625 0.3234375 0.7265625 0.3234375 0.840625 0.2234375 0.840625
7 0.11875 0.5625 0.2296875 0.5625 0.2296875 0.6390625 0.11875 0.6390625
2 0.5 0.2234375 0.571875 0.2234375 0.571875 0.3125 0.5 0.3125
2 0.3359375 0.3015625 0.4171875 0.3015625 0.4171875 0.3875 0.3359375 0.3875
1 0.7390625 0.3828125 0.8453125 0.3828125 0.8453125 0.4703125 0.7390625 0.4703125
1 0.7484375 0.1171875 0.8484375 0.1171875 0.8484375 0.221875 0.7484375 0.221875
1 0.4875 0.390625 0.559375 0.390625 0.559375 0.4796875 0.4875 0.4796875