8 0.753125 0.296875 0.8375 0.296875 0.8375 0.384375 0.753125 0.384375
8 0.7609375 0.475 0.8390625 0.475 0.8390625 0.55625 0.7609375 0.55625
8 0.675 0.7453125 0.75625 0.7453125 0.75625 0.8421875 0.675 0.8421875
8 0.4046875 0.1015625 0.4765625 0.1015625 0.4765625 0.209375 0.4046875 0.209375
8 0.1921875 0.1078125 0.2984375 0.1078125 0.2984375 0.196875 0.1921875 0.196875
8 0.2234375 0.484375 0.3046875 0.484375 0.3046875 0.5625 0.2234375 0.5625
8 0.109375 0.584375 0.215625 0.584375 0.215625 0.66875 0.109375 0.66875
7 0.4109375 0.66875 0.4953125 0.66875 0.4953125 0.784375 0.4109375 0.784375
7 0.403125 0.478125 0.4890625 0.478125 0.4890625 0.575 0.403125 0.575
10 0.3078125 0.2984375 0.39375 0.2984375 0.39375 0.396875 0.3078125 0.396875
2 0.7671875 0.6640625 0.8578125 0.6640625 0.8578125 0.7546875 0.7671875 0.7546875
2 0.590625 0.0859375 0.66875 0.0859375 0.66875 0.2 0.590625 0.2
1 0.590625 0.484375 0.696875 0.484375 0.696875 0.559375 0.590625 0.559375
1 0.5859375 0.29375 0.6734375 0.29375 0.6734375 0.38125 0.5859375 0.38125
1 0.4984375 0.196875 0.571875 0.196875 0.571875 0.303125 0.4984375 0.303125