10 0.59375 0.753125 0.68125 0.753125 0.68125 0.8671875 0.59375 0.8671875
8 0.7421875 0.5984375 0.8453125 0.5984375 0.8453125 0.675 0.7421875 0.675
8 0.165625 0.6875 0.259375 0.6875 0.259375 0.7765625 0.165625 0.7765625
8 0.5 0.5984375 0.5890625 0.5984375 0.5890625 0.678125 0.5 0.678125
8 0.5890625 0.18125 0.665625 0.18125 0.665625 0.275 0.5890625 0.275
8 0.346875 0.178125 0.421875 0.178125 0.421875 0.271875 0.346875 0.271875
8 0.3453125 0.60625 0.4171875 0.60625 0.4171875 0.671875 0.3453125 0.671875
8 0.34375 0.353125 0.4203125 0.353125 0.4203125 0.425 0.34375 0.425
7 0.3390625 0.4359375 0.425 0.4359375 0.425 0.515625 0.3390625 0.515625
7 0.7578125 0.165625 0.8640625 0.165625 0.8640625 0.2640625 0.7578125 0.2640625
2 0.171875 0.375 0.265625 0.375 0.265625 0.440625 0.171875 0.440625
2 0.503125 0.4390625 0.5875 0.4390625 0.5875 0.50625 0.503125 0.50625
1 0.41875 0.7625 0.50625 0.7625 0.50625 0.878125 0.41875 0.878125
1 0.746875 0.4375 0.85 0.4375 0.85 0.509375 0.746875 0.509375
1 0.240625 0.1765625 0.325 0.1765625 0.325 0.2703125 0.240625 0.2703125