8 0.146875 0.4375 0.240625 0.4375 0.240625 0.509375 0.146875 0.509375
8 0.40625 0.165625 0.48125 0.165625 0.48125 0.2546875 0.40625 0.2546875
8 0.4953125 0.3484375 0.565625 0.3484375 0.565625 0.4203125 0.4953125 0.4203125
8 0.753125 0.521875 0.834375 0.521875 0.834375 0.596875 0.753125 0.596875
8 0.7578125 0.8015625 0.84375 0.8015625 0.84375 0.9046875 0.7578125 0.9046875
8 0.221875 0.775 0.321875 0.775 0.321875 0.85625 0.221875 0.85625
8 0.403125 0.6046875 0.484375 0.6046875 0.484375 0.6859375 0.403125 0.6859375
1 0.390625 0.778125 0.4859375 0.778125 0.4859375 0.8875 0.390625 0.8875
1 0.5828125 0.7921875 0.6640625 0.7921875 0.6640625 0.90625 0.5828125 0.90625
1 0.759375 0.1140625 0.846875 0.1140625 0.846875 0.2265625 0.759375 0.2265625
2 0.1390625 0.265625 0.23125 0.265625 0.23125 0.346875 0.1390625 0.346875
2 0.75 0.3328125 0.8390625 0.3328125 0.8390625 0.4140625 0.75 0.4140625
7 0.2890625 0.4375 0.4015625 0.4375 0.4015625 0.509375 0.2890625 0.509375
7 0.1171875 0.609375 0.2390625 0.609375 0.2390625 0.7 0.1171875 0.7
7 0.5578125 0.1375 0.6515625 0.1375 0.6515625 0.24375 0.5578125 0.24375