10 0.7625 0.1296875 0.871875 0.1296875 0.871875 0.2390625 0.7625 0.2390625
7 0.5984375 0.496875 0.690625 0.496875 0.690625 0.571875 0.5984375 0.571875
7 0.5171875 0.66875 0.5984375 0.66875 0.5984375 0.75625 0.5171875 0.75625
8 0.340625 0.4140625 0.421875 0.4140625 0.421875 0.4859375 0.340625 0.4859375
8 0.1625 0.5921875 0.24375 0.5921875 0.24375 0.665625 0.1625 0.665625
8 0.1546875 0.771875 0.2421875 0.771875 0.2421875 0.86875 0.1546875 0.86875
8 0.346875 0.7640625 0.4171875 0.7640625 0.4171875 0.8453125 0.346875 0.8453125
8 0.5125 0.4125 0.5875 0.4125 0.5875 0.4828125 0.5125 0.4828125
8 0.5921875 0.31875 0.6703125 0.31875 0.6703125 0.403125 0.5921875 0.403125
8 0.771875 0.3484375 0.86875 0.3484375 0.86875 0.4203125 0.771875 0.4203125
1 0.1375 0.140625 0.253125 0.140625 0.253125 0.24375 0.1375 0.24375
1 0.140625 0.41875 0.25 0.41875 0.25 0.5 0.140625 0.5
1 0.75625 0.5015625 0.875 0.5015625 0.875 0.5765625 0.75625 0.5765625
2 0.353125 0.246875 0.421875 0.246875 0.421875 0.3234375 0.353125 0.3234375
2 0.771875 0.7640625 0.853125 0.7640625 0.853125 0.8578125 0.771875 0.8578125