10 0.396875 0.75 0.471875 0.75 0.471875 0.8640625 0.396875 0.8640625
8 0.7453125 0.7625 0.81875 0.7625 0.81875 0.8484375 0.7453125 0.8484375
8 0.1296875 0.6828125 0.2265625 0.6828125 0.2265625 0.75625 0.1296875 0.75625
8 0.4828125 0.5890625 0.5640625 0.5890625 0.5640625 0.6671875 0.4828125 0.6671875
8 0.56875 0.409375 0.6453125 0.409375 0.6453125 0.4859375 0.56875 0.4859375
8 0.740625 0.390625 0.815625 0.390625 0.815625 0.475 0.740625 0.475
8 0.640625 0.1375 0.725 0.1375 0.725 0.23125 0.640625 0.23125
8 0.4671875 0.1703125 0.553125 0.1703125 0.553125 0.2453125 0.4671875 0.2453125
7 0.74375 0.6578125 0.840625 0.6578125 0.840625 0.759375 0.74375 0.759375
7 0.5671875 0.74375 0.6546875 0.74375 0.6546875 0.8703125 0.5671875 0.8703125
2 0.2234375 0.421875 0.315625 0.421875 0.315625 0.49375 0.2234375 0.49375
2 0.3140625 0.58125 0.38125 0.58125 0.38125 0.65625 0.3140625 0.65625
1 0.3984375 0.4234375 0.4796875 0.4234375 0.4796875 0.5046875 0.3984375 0.5046875
1 0.38125 0.134375 0.46875 0.134375 0.46875 0.246875 0.38125 0.246875
1 0.1140625 0.15 0.2234375 0.15 0.2234375 0.2515625 0.1140625 0.2515625