10 0.125 0.765625 0.240625 0.765625 0.240625 0.8796875 0.125 0.8796875
7 0.1234375 0.40625 0.2375 0.40625 0.2375 0.4859375 0.1234375 0.4859375
7 0.5953125 0.4890625 0.6890625 0.4890625 0.6890625 0.578125 0.5953125 0.578125
8 0.14375 0.2390625 0.23125 0.2390625 0.23125 0.3234375 0.14375 0.3234375
8 0.1265625 0.128125 0.2328125 0.128125 0.2328125 0.21875 0.1265625 0.21875
8 0.6875 0.234375 0.771875 0.234375 0.771875 0.31875 0.6875 0.31875
8 0.7703125 0.50625 0.8734375 0.50625 0.8734375 0.5828125 0.7703125 0.5828125
8 0.24375 0.596875 0.321875 0.596875 0.321875 0.6625 0.24375 0.6625
8 0.3375 0.503125 0.4171875 0.503125 0.4171875 0.578125 0.3375 0.578125
8 0.4203125 0.5828125 0.4953125 0.5828125 0.4953125 0.671875 0.4203125 0.671875
1 0.5953125 0.315625 0.6828125 0.315625 0.6828125 0.4 0.5953125 0.4
1 0.78125 0.1125 0.896875 0.1125 0.896875 0.221875 0.78125 0.221875
1 0.509375 0.6859375 0.59375 0.6859375 0.59375 0.775 0.509375 0.775
2 0.509375 0.4203125 0.59375 0.4203125 0.59375 0.490625 0.509375 0.490625
2 0.76875 0.6796875 0.86875 0.6796875 0.86875 0.7625 0.76875 0.7625