8 0.2546875 0.1703125 0.3296875 0.1703125 0.3296875 0.25625 0.2546875 0.25625
8 0.3484375 0.265625 0.421875 0.265625 0.421875 0.3484375 0.3484375 0.3484375
8 0.3453125 0.4265625 0.4234375 0.4265625 0.4234375 0.49375 0.3453125 0.49375
8 0.3484375 0.59375 0.421875 0.59375 0.421875 0.6671875 0.3484375 0.6671875
8 0.603125 0.6734375 0.671875 0.6734375 0.671875 0.7515625 0.603125 0.7515625
8 0.76875 0.5796875 0.8421875 0.5796875 0.8421875 0.6640625 0.76875 0.6640625
8 0.7546875 0.1671875 0.8421875 0.1671875 0.8421875 0.25 0.7546875 0.25
1 0.525 0.1484375 0.5984375 0.1484375 0.5984375 0.2515625 0.525 0.2515625
1 0.68125 0.665625 0.76875 0.665625 0.76875 0.7625 0.68125 0.7625
1 0.15625 0.5078125 0.2625 0.5078125 0.2625 0.5890625 0.15625 0.5890625
2 0.2625 0.6796875 0.340625 0.6796875 0.340625 0.753125 0.2625 0.753125
2 0.68125 0.41875 0.7484375 0.41875 0.7484375 0.496875 0.68125 0.496875
7 0.5078125 0.3328125 0.5859375 0.3328125 0.5859375 0.4140625 0.5078125 0.4140625
7 0.51875 0.5875 0.5875 0.5875 0.5875 0.665625 0.51875 0.665625
10 0.6671875 0.2421875 0.7578125 0.2421875 0.7578125 0.3359375 0.6671875 0.3359375