8 0.490625 0.7421875 0.571875 0.7421875 0.571875 0.83125 0.490625 0.83125
8 0.4109375 0.5765625 0.4828125 0.5765625 0.4828125 0.6515625 0.4109375 0.6515625
8 0.1671875 0.41875 0.259375 0.41875 0.259375 0.4890625 0.1671875 0.4890625
8 0.1421875 0.153125 0.2484375 0.153125 0.2484375 0.240625 0.1421875 0.240625
8 0.49375 0.325 0.571875 0.325 0.571875 0.3984375 0.49375 0.3984375
8 0.753125 0.49375 0.83125 0.49375 0.83125 0.5671875 0.753125 0.5671875
8 0.66875 0.140625 0.7453125 0.140625 0.7453125 0.228125 0.66875 0.228125
1 0.1359375 0.734375 0.253125 0.734375 0.253125 0.8421875 0.1359375 0.8421875
1 0.3046875 0.125 0.4015625 0.125 0.4015625 0.2375 0.3046875 0.2375
1 0.4921875 0.128125 0.565625 0.128125 0.565625 0.228125 0.4921875 0.228125
2 0.75625 0.6671875 0.8375 0.6671875 0.8375 0.7578125 0.75625 0.7578125
2 0.1703125 0.5796875 0.25 0.5796875 0.25 0.653125 0.1703125 0.653125
10 0.5765625 0.490625 0.65 0.490625 0.65 0.571875 0.5765625 0.571875
7 0.325 0.740625 0.4125 0.740625 0.4125 0.846875 0.325 0.846875
7 0.753125 0.3046875 0.846875 0.3046875 0.846875 0.4 0.753125 0.4