8 0.778125 0.4390625 0.875 0.4390625 0.875 0.5109375 0.778125 0.5109375
8 0.69375 0.69375 0.78125 0.69375 0.78125 0.784375 0.69375 0.784375
8 0.134375 0.1390625 0.234375 0.1390625 0.234375 0.2296875 0.134375 0.2296875
8 0.2578125 0.434375 0.3296875 0.434375 0.3296875 0.5171875 0.2578125 0.5171875
8 0.3421875 0.6171875 0.4125 0.6171875 0.4125 0.7046875 0.3421875 0.7046875
8 0.4359375 0.796875 0.50625 0.796875 0.50625 0.90625 0.4359375 0.90625
8 0.159375 0.6125 0.2375 0.6125 0.2375 0.709375 0.159375 0.709375
7 0.515625 0.43125 0.603125 0.43125 0.603125 0.5171875 0.515625 0.5171875
7 0.115625 0.325 0.225 0.325 0.225 0.415625 0.115625 0.415625
10 0.609375 0.525 0.7140625 0.525 0.7140625 0.6046875 0.609375 0.6046875
2 0.6078125 0.1546875 0.6984375 0.1546875 0.6984375 0.2515625 0.6078125 0.2515625
2 0.34375 0.25 0.421875 0.25 0.421875 0.3328125 0.34375 0.3328125
1 0.6046875 0.3375 0.7015625 0.3375 0.7015625 0.421875 0.6046875 0.421875
1 0.4359375 0.1203125 0.5265625 0.1203125 0.5265625 0.2390625 0.4359375 0.2390625
1 0.4296875 0.696875 0.5203125 0.696875 0.5203125 0.796875 0.4296875 0.796875