10 0.2171875 0.3890625 0.3234375 0.3890625 0.3234375 0.4765625 0.2171875 0.4765625
8 0.415625 0.121875 0.4875 0.121875 0.4875 0.225 0.415625 0.225
8 0.6625 0.1328125 0.74375 0.1328125 0.74375 0.2234375 0.6625 0.2234375
8 0.578125 0.484375 0.6484375 0.484375 0.6484375 0.55625 0.578125 0.55625
8 0.496875 0.5734375 0.578125 0.5734375 0.578125 0.6453125 0.496875 0.6453125
8 0.1625 0.5671875 0.246875 0.5671875 0.246875 0.6421875 0.1625 0.6421875
8 0.140625 0.2234375 0.23125 0.2234375 0.23125 0.303125 0.140625 0.303125
8 0.321875 0.5734375 0.40625 0.5734375 0.40625 0.6453125 0.321875 0.6453125
7 0.321875 0.4765625 0.40625 0.4765625 0.40625 0.5609375 0.321875 0.5609375
7 0.66875 0.471875 0.7625 0.471875 0.7625 0.55625 0.66875 0.55625
2 0.21875 0.65625 0.3203125 0.65625 0.3203125 0.73125 0.21875 0.73125
2 0.6625 0.6484375 0.7484375 0.6484375 0.7484375 0.7234375 0.6625 0.7234375
1 0.4125 0.39375 0.496875 0.39375 0.496875 0.46875 0.4125 0.46875
1 0.309375 0.2953125 0.409375 0.2953125 0.409375 0.3890625 0.309375 0.3890625
1 0.5828125 0.30625 0.6578125 0.30625 0.6578125 0.3890625 0.5828125 0.3890625