10 0.6 0.6625 0.678125 0.6625 0.678125 0.74375 0.6 0.74375
8 0.51875 0.3234375 0.578125 0.3234375 0.578125 0.39375 0.51875 0.39375
8 0.665625 0.2265625 0.746875 0.2265625 0.746875 0.3203125 0.665625 0.3203125
8 0.7671875 0.15625 0.84375 0.15625 0.84375 0.228125 0.7671875 0.228125
8 0.759375 0.4890625 0.8484375 0.4890625 0.8484375 0.5609375 0.759375 0.5609375
8 0.6765625 0.734375 0.7546875 0.734375 0.7546875 0.8421875 0.6765625 0.8421875
8 0.35 0.74375 0.4265625 0.74375 0.4265625 0.825 0.35 0.825
8 0.1625 0.5796875 0.2515625 0.5796875 0.2515625 0.6546875 0.1625 0.6546875
7 0.5890625 0.4890625 0.6828125 0.4890625 0.6828125 0.5734375 0.5890625 0.5734375
7 0.3296875 0.578125 0.4203125 0.578125 0.4203125 0.659375 0.3296875 0.659375
2 0.43125 0.140625 0.49375 0.140625 0.49375 0.2328125 0.43125 0.2328125
2 0.16875 0.40625 0.253125 0.40625 0.253125 0.490625 0.16875 0.490625
1 0.140625 0.140625 0.2578125 0.140625 0.2578125 0.2390625 0.140625 0.2390625
1 0.33125 0.40625 0.4171875 0.40625 0.4171875 0.4703125 0.33125 0.4703125
1 0.759375 0.659375 0.8609375 0.659375 0.8609375 0.7421875 0.759375 0.7421875