8 0.7953125 0.15625 0.8875 0.15625 0.8875 0.246875 0.7953125 0.246875
8 0.50625 0.26875 0.584375 0.26875 0.584375 0.3515625 0.50625 0.3515625
8 0.321875 0.165625 0.4109375 0.165625 0.4109375 0.2625 0.321875 0.2625
8 0.3234375 0.3578125 0.409375 0.3578125 0.409375 0.4375 0.3234375 0.4375
8 0.1265625 0.4484375 0.234375 0.4484375 0.234375 0.5359375 0.1265625 0.5359375
8 0.515625 0.7890625 0.5921875 0.7890625 0.5921875 0.890625 0.515625 0.890625
8 0.246875 0.7 0.34375 0.7 0.34375 0.796875 0.246875 0.796875
7 0.6078125 0.13125 0.7015625 0.13125 0.7015625 0.246875 0.6078125 0.246875
7 0.521875 0.528125 0.596875 0.528125 0.596875 0.63125 0.521875 0.63125
10 0.428125 0.6203125 0.50625 0.6203125 0.50625 0.73125 0.428125 0.73125
2 0.6921875 0.35625 0.78125 0.35625 0.78125 0.434375 0.6921875 0.434375
2 0.771875 0.621875 0.871875 0.621875 0.871875 0.7046875 0.771875 0.7046875
1 0.790625 0.453125 0.909375 0.453125 0.909375 0.55 0.790625 0.55
1 0.5984375 0.6171875 0.690625 0.6171875 0.690625 0.7234375 0.5984375 0.7234375
1 0.2375 0.4484375 0.34375 0.4484375 0.34375 0.5453125 0.2375 0.5453125