10 0.2125 0.59375 0.309375 0.59375 0.309375 0.6765625 0.2125 0.6765625
8 0.1359375 0.1484375 0.225 0.1484375 0.225 0.2515625 0.1359375 0.2515625
8 0.3125 0.165625 0.3890625 0.165625 0.3890625 0.2578125 0.3125 0.2578125
8 0.5546875 0.4265625 0.6375 0.4265625 0.6375 0.4984375 0.5546875 0.4984375
8 0.3109375 0.3421875 0.4046875 0.3421875 0.4046875 0.421875 0.3109375 0.421875
8 0.3984375 0.58125 0.4859375 0.58125 0.4859375 0.6609375 0.3984375 0.6609375
8 0.225 0.7546875 0.3078125 0.7546875 0.3078125 0.8484375 0.225 0.8484375
8 0.73125 0.675 0.8140625 0.675 0.8140625 0.740625 0.73125 0.740625
7 0.5484375 0.1453125 0.63125 0.1453125 0.63125 0.25625 0.5484375 0.25625
7 0.4875 0.7453125 0.5671875 0.7453125 0.5671875 0.8625 0.4875 0.8625
2 0.46875 0.3375 0.540625 0.3375 0.540625 0.4140625 0.46875 0.4140625
2 0.734375 0.34375 0.80625 0.34375 0.80625 0.4140625 0.734375 0.4140625
1 0.1109375 0.5171875 0.2296875 0.5171875 0.2296875 0.596875 0.1109375 0.596875
1 0.7328125 0.50625 0.83125 0.50625 0.83125 0.5765625 0.7328125 0.5765625
1 0.7328125 0.7515625 0.8265625 0.7515625 0.8265625 0.859375 0.7328125 0.859375