10 0.7 0.29375 0.79375 0.29375 0.79375 0.3875 0.7 0.3875
8 0.1828125 0.23125 0.26875 0.23125 0.26875 0.309375 0.1828125 0.309375
8 0.371875 0.4828125 0.446875 0.4828125 0.446875 0.5578125 0.371875 0.5578125
8 0.6234375 0.5578125 0.703125 0.5578125 0.703125 0.6375 0.6234375 0.6375
8 0.5453125 0.30625 0.6078125 0.30625 0.6078125 0.38125 0.5453125 0.38125
8 0.628125 0.73125 0.703125 0.73125 0.703125 0.809375 0.628125 0.809375
8 0.7859375 0.7328125 0.8921875 0.7328125 0.8921875 0.815625 0.7859375 0.815625
8 0.7046875 0.1203125 0.7890625 0.1203125 0.7890625 0.21875 0.7046875 0.21875
7 0.3796875 0.7359375 0.4640625 0.7359375 0.4640625 0.834375 0.3796875 0.834375
7 0.4421875 0.103125 0.5125 0.103125 0.5125 0.228125 0.4421875 0.228125
2 0.1953125 0.575 0.2828125 0.575 0.2828125 0.65 0.1953125 0.65
2 0.4625 0.565625 0.534375 0.565625 0.534375 0.640625 0.4625 0.640625
1 0.1796875 0.396875 0.2859375 0.396875 0.2859375 0.48125 0.1796875 0.48125
1 0.18125 0.115625 0.26875 0.115625 0.26875 0.228125 0.18125 0.228125
1 0.7796875 0.371875 0.8953125 0.371875 0.8953125 0.45 0.7796875 0.45