8 0.31875 0.153125 0.403125 0.153125 0.403125 0.240625 0.31875 0.240625
8 0.31875 0.3359375 0.403125 0.3359375 0.403125 0.41875 0.31875 0.41875
8 0.1203125 0.4296875 0.2234375 0.4296875 0.2234375 0.5046875 0.1203125 0.5046875
8 0.240625 0.6890625 0.33125 0.6890625 0.33125 0.771875 0.240625 0.771875
8 0.4890625 0.2484375 0.58125 0.2484375 0.58125 0.3328125 0.4890625 0.3328125
8 0.7703125 0.134375 0.859375 0.134375 0.859375 0.23125 0.7703125 0.23125
8 0.509375 0.76875 0.59375 0.76875 0.59375 0.865625 0.509375 0.865625
7 0.496875 0.4984375 0.596875 0.4984375 0.596875 0.5875 0.496875 0.5875
7 0.5859375 0.1015625 0.6828125 0.1015625 0.6828125 0.234375 0.5859375 0.234375
10 0.415625 0.5921875 0.490625 0.5921875 0.490625 0.6859375 0.415625 0.6859375
2 0.675 0.3328125 0.7625 0.3328125 0.7625 0.4078125 0.675 0.4078125
2 0.7703125 0.5875 0.8625 0.5875 0.8625 0.6625 0.7703125 0.6625
1 0.234375 0.421875 0.328125 0.421875 0.328125 0.5125 0.234375 0.5125
1 0.76875 0.415625 0.89375 0.415625 0.89375 0.4984375 0.76875 0.4984375
1 0.596875 0.5828125 0.6875 0.5828125 0.6875 0.6796875 0.596875 0.6796875