8 0.428125 0.771875 0.5015625 0.771875 0.5015625 0.86875 0.428125 0.86875
8 0.24375 0.6921875 0.33125 0.6921875 0.33125 0.7828125 0.24375 0.7828125
8 0.425 0.4203125 0.503125 0.4203125 0.503125 0.4984375 0.425 0.4984375
8 0.7875 0.2375 0.8859375 0.2375 0.8859375 0.3234375 0.7875 0.3234375
8 0.3265625 0.24375 0.4109375 0.24375 0.4109375 0.33125 0.3265625 0.33125
8 0.128125 0.3375 0.2359375 0.3375 0.2359375 0.428125 0.128125 0.428125
8 0.2171875 0.153125 0.3140625 0.153125 0.3140625 0.2375 0.2171875 0.2375
7 0.609375 0.6015625 0.703125 0.6015625 0.703125 0.7109375 0.609375 0.7109375
7 0.5078125 0.11875 0.5984375 0.11875 0.5984375 0.23125 0.5078125 0.23125
10 0.421875 0.6015625 0.509375 0.6015625 0.509375 0.7125 0.421875 0.7125
2 0.6109375 0.7796875 0.6796875 0.7796875 0.6796875 0.8765625 0.6109375 0.8765625
2 0.690625 0.425 0.775 0.425 0.775 0.4984375 0.690625 0.4984375
1 0.125 0.6015625 0.2421875 0.6015625 0.2421875 0.7171875 0.125 0.7171875
1 0.76875 0.5890625 0.884375 0.5890625 0.884375 0.6953125 0.76875 0.6953125
1 0.5921875 0.3359375 0.6875 0.3359375 0.6875 0.421875 0.5921875 0.421875