10 0.115625 0.59375 0.2421875 0.59375 0.2421875 0.6859375 0.115625 0.6859375
8 0.15 0.3359375 0.240625 0.3359375 0.240625 0.4234375 0.15 0.4234375
8 0.325 0.41875 0.4234375 0.41875 0.4234375 0.496875 0.325 0.496875
8 0.6890625 0.50625 0.771875 0.50625 0.771875 0.590625 0.6890625 0.590625
8 0.7828125 0.7734375 0.8859375 0.7734375 0.8859375 0.8640625 0.7828125 0.8640625
8 0.603125 0.68125 0.6875 0.68125 0.6875 0.76875 0.603125 0.76875
8 0.596875 0.778125 0.684375 0.778125 0.684375 0.871875 0.596875 0.871875
8 0.24375 0.6875 0.3375 0.6875 0.3375 0.7703125 0.24375 0.7703125
7 0.328125 0.784375 0.41875 0.784375 0.41875 0.9109375 0.328125 0.9109375
7 0.4515625 0.771875 0.521875 0.771875 0.521875 0.9 0.4515625 0.9
2 0.415625 0.50625 0.503125 0.50625 0.503125 0.584375 0.415625 0.584375
2 0.675 0.2390625 0.7671875 0.2390625 0.7671875 0.3203125 0.675 0.3203125
1 0.328125 0.2203125 0.403125 0.2203125 0.403125 0.325 0.328125 0.325
1 0.4203125 0.1234375 0.4984375 0.1234375 0.4984375 0.2453125 0.4203125 0.2453125
1 0.7734375 0.5046875 0.8875 0.5046875 0.8875 0.58125 0.7734375 0.58125