8 0.1140625 0.7375 0.2109375 0.7375 0.2109375 0.8296875 0.1140625 0.8296875
8 0.29375 0.55 0.378125 0.55 0.378125 0.621875 0.29375 0.621875
8 0.565625 0.74375 0.646875 0.74375 0.646875 0.825 0.565625 0.825
8 0.475 0.459375 0.553125 0.459375 0.553125 0.534375 0.475 0.534375
8 0.5703125 0.55 0.6453125 0.55 0.6453125 0.6375 0.5703125 0.6375
8 0.4765625 0.296875 0.5578125 0.296875 0.5578125 0.38125 0.4765625 0.38125
8 0.1953125 0.2125 0.2859375 0.2125 0.2859375 0.3 0.1953125 0.3
7 0.6390625 0.36875 0.7328125 0.36875 0.7328125 0.4625 0.6390625 0.4625
7 0.390625 0.1765625 0.465625 0.1765625 0.465625 0.2953125 0.390625 0.2953125
10 0.09375 0.540625 0.2125 0.540625 0.2125 0.63125 0.09375 0.63125
2 0.384375 0.3828125 0.4578125 0.3828125 0.4578125 0.4515625 0.384375 0.4515625
2 0.5609375 0.109375 0.6328125 0.109375 0.6328125 0.203125 0.5609375 0.203125
1 0.090625 0.36875 0.2 0.36875 0.2 0.4625 0.090625 0.4625
1 0.721875 0.078125 0.840625 0.078125 0.840625 0.2109375 0.721875 0.2109375
1 0.7359375 0.55625 0.85 0.55625 0.85 0.634375 0.7359375 0.634375