8 0.76875 0.7390625 0.8484375 0.7390625 0.8484375 0.8203125 0.76875 0.8203125
8 0.26875 0.73125 0.35625 0.73125 0.35625 0.8046875 0.26875 0.8046875
8 0.4453125 0.5703125 0.5109375 0.5703125 0.5109375 0.6375 0.4453125 0.6375
8 0.76875 0.4890625 0.8453125 0.4890625 0.8453125 0.5578125 0.76875 0.5578125
8 0.5359375 0.33125 0.6046875 0.33125 0.6046875 0.4 0.5359375 0.4
8 0.45 0.159375 0.53125 0.159375 0.53125 0.240625 0.45 0.240625
8 0.2046875 0.3984375 0.28125 0.3984375 0.28125 0.4734375 0.2046875 0.4734375
1 0.609375 0.7359375 0.69375 0.7359375 0.69375 0.8328125 0.609375 0.8328125
1 0.44375 0.7359375 0.5171875 0.7359375 0.5171875 0.825 0.44375 0.825
1 0.778125 0.134375 0.8890625 0.134375 0.8890625 0.2546875 0.778125 0.2546875
2 0.7640625 0.321875 0.8453125 0.321875 0.8453125 0.3953125 0.7640625 0.3953125
2 0.2015625 0.23125 0.275 0.23125 0.275 0.3125 0.2015625 0.3125
7 0.18125 0.565625 0.275 0.565625 0.275 0.653125 0.18125 0.653125
7 0.603125 0.140625 0.6875 0.140625 0.6875 0.240625 0.603125 0.240625
10 0.3703125 0.40625 0.44375 0.40625 0.44375 0.4796875 0.3703125 0.4796875