10 0.325 0.2125 0.40625 0.2125 0.40625 0.3078125 0.325 0.3078125
8 0.75 0.1375 0.8515625 0.1375 0.8515625 0.225 0.75 0.225
8 0.74375 0.3125 0.834375 0.3125 0.834375 0.3875 0.74375 0.3875
8 0.5015625 0.5546875 0.575 0.5546875 0.575 0.6359375 0.5015625 0.6359375
8 0.578125 0.3125 0.6578125 0.3125 0.6578125 0.40625 0.578125 0.40625
8 0.340625 0.3984375 0.4203125 0.3984375 0.4203125 0.4828125 0.340625 0.4828125
8 0.153125 0.225 0.2453125 0.225 0.2453125 0.30625 0.153125 0.30625
8 0.259375 0.73125 0.3265625 0.73125 0.3265625 0.8140625 0.259375 0.8140625
7 0.7453125 0.5484375 0.853125 0.5484375 0.853125 0.628125 0.7453125 0.628125
7 0.1375 0.4875 0.2546875 0.4875 0.2546875 0.5671875 0.1375 0.5671875
2 0.5875 0.46875 0.6625 0.46875 0.6625 0.5421875 0.5875 0.5421875
2 0.5875 0.7328125 0.6546875 0.7328125 0.6546875 0.8046875 0.5875 0.8046875
1 0.4046875 0.1109375 0.4828125 0.1109375 0.4828125 0.228125 0.4046875 0.228125
1 0.425 0.73125 0.49375 0.73125 0.49375 0.83125 0.425 0.83125
1 0.140625 0.7328125 0.2484375 0.7328125 0.2484375 0.8265625 0.140625 0.8265625