10 0.3890625 0.775 0.4875 0.775 0.4875 0.89375 0.3890625 0.89375
8 0.496875 0.6125 0.575 0.6125 0.575 0.684375 0.496875 0.684375
8 0.5765625 0.4125 0.65625 0.4125 0.65625 0.496875 0.5765625 0.496875
8 0.65 0.15 0.740625 0.15 0.740625 0.2328125 0.65 0.2328125
8 0.4921875 0.1671875 0.5671875 0.1671875 0.5671875 0.253125 0.4921875 0.253125
8 0.759375 0.409375 0.8390625 0.409375 0.8390625 0.4828125 0.759375 0.4828125
8 0.75625 0.7765625 0.85625 0.7765625 0.85625 0.8765625 0.75625 0.8765625
8 0.1234375 0.6921875 0.2328125 0.6921875 0.2328125 0.7859375 0.1234375 0.7859375
7 0.584375 0.778125 0.665625 0.778125 0.665625 0.9 0.584375 0.9
2 0.3078125 0.59375 0.4 0.59375 0.4 0.66875 0.3078125 0.66875
2 0.225 0.4296875 0.309375 0.4296875 0.309375 0.5078125 0.225 0.5078125
1 0.1046875 0.15625 0.2109375 0.15625 0.2109375 0.2671875 0.1046875 0.2671875
1 0.3734375 0.15 0.4703125 0.15 0.4703125 0.2515625 0.3734375 0.2515625
1 0.3984375 0.434375 0.4765625 0.434375 0.4765625 0.51875 0.3984375 0.51875
7 0.7515625 0.6796875 0.8640625 0.6796875 0.8640625 0.778125 0.7515625 0.778125