10 0.7515625 0.14375 0.8546875 0.14375 0.8546875 0.2515625 0.7515625 0.2515625
7 0.296875 0.446875 0.3953125 0.446875 0.3953125 0.5234375 0.296875 0.5234375
7 0.746875 0.5234375 0.8546875 0.5234375 0.8546875 0.60625 0.746875 0.60625
8 0.4984375 0.353125 0.5703125 0.353125 0.5703125 0.425 0.4984375 0.425
8 0.665625 0.346875 0.74375 0.346875 0.74375 0.425 0.665625 0.425
8 0.5734375 0.4359375 0.6515625 0.4359375 0.6515625 0.5078125 0.5734375 0.5078125
8 0.7515625 0.684375 0.84375 0.684375 0.84375 0.7625 0.7515625 0.7625
8 0.7546875 0.778125 0.853125 0.778125 0.853125 0.8671875 0.7546875 0.8671875
8 0.13125 0.44375 0.2296875 0.44375 0.2296875 0.525 0.13125 0.525
8 0.2328125 0.7 0.3203125 0.7 0.3203125 0.775 0.2328125 0.775
1 0.390625 0.2578125 0.478125 0.2578125 0.478125 0.3390625 0.390625 0.3390625
1 0.321875 0.61875 0.403125 0.61875 0.403125 0.70625 0.321875 0.70625
1 0.11875 0.784375 0.2375 0.784375 0.2375 0.8953125 0.11875 0.8953125
2 0.40625 0.5296875 0.4828125 0.5296875 0.4828125 0.5953125 0.40625 0.5953125
2 0.1171875 0.2703125 0.225 0.2703125 0.225 0.3515625 0.1171875 0.3515625