8 0.296875 0.1625 0.384375 0.1625 0.384375 0.246875 0.296875 0.246875
8 0.475 0.1609375 0.55625 0.1609375 0.55625 0.2390625 0.475 0.2390625
8 0.7453125 0.2453125 0.8421875 0.2453125 0.8421875 0.3265625 0.7453125 0.3265625
8 0.1015625 0.5234375 0.209375 0.5234375 0.209375 0.5953125 0.1015625 0.5953125
8 0.1078125 0.7015625 0.196875 0.7015625 0.196875 0.8078125 0.1078125 0.8078125
8 0.4859375 0.696875 0.5625 0.696875 0.5625 0.778125 0.4859375 0.778125
8 0.5859375 0.7859375 0.66875 0.7859375 0.66875 0.890625 0.5859375 0.890625
7 0.6703125 0.5046875 0.784375 0.5046875 0.784375 0.5890625 0.6703125 0.5890625
7 0.4796875 0.5109375 0.575 0.5109375 0.575 0.596875 0.4796875 0.596875
10 0.2984375 0.60625 0.396875 0.60625 0.396875 0.6921875 0.2984375 0.6921875
2 0.6640625 0.14375 0.7546875 0.14375 0.7546875 0.234375 0.6640625 0.234375
2 0.0859375 0.3328125 0.2 0.3328125 0.2 0.409375 0.0859375 0.409375
1 0.484375 0.303125 0.5609375 0.303125 0.5609375 0.409375 0.484375 0.409375
1 0.29375 0.3265625 0.38125 0.3265625 0.38125 0.4140625 0.29375 0.4140625
1 0.196875 0.428125 0.3046875 0.428125 0.3046875 0.5015625 0.196875 0.5015625