10 0.565625 0.46875 0.65 0.46875 0.65 0.55 0.565625 0.55
8 0.7375 0.2875 0.840625 0.2875 0.840625 0.3640625 0.7375 0.3640625
8 0.1015625 0.2890625 0.2078125 0.2890625 0.2078125 0.3609375 0.1015625 0.3609375
8 0.3875 0.1078125 0.4625 0.1078125 0.4625 0.190625 0.3875 0.190625
8 0.184375 0.1125 0.28125 0.1125 0.28125 0.209375 0.184375 0.209375
8 0.5640625 0.30625 0.6515625 0.30625 0.6515625 0.371875 0.5640625 0.371875
8 0.3875 0.475 0.46875 0.475 0.46875 0.55625 0.3875 0.55625
8 0.6421875 0.73125 0.75625 0.73125 0.75625 0.803125 0.6421875 0.803125
7 0.390625 0.2953125 0.4796875 0.2953125 0.4796875 0.384375 0.390625 0.384375
7 0.565625 0.0828125 0.68125 0.0828125 0.68125 0.203125 0.565625 0.203125
2 0.734375 0.5515625 0.821875 0.5515625 0.821875 0.6390625 0.734375 0.6390625
2 0.3953125 0.646875 0.484375 0.646875 0.484375 0.73125 0.3953125 0.73125
1 0.10625 0.7296875 0.2203125 0.7296875 0.2203125 0.8375 0.10625 0.8375
1 0.075 0.3984375 0.2203125 0.3984375 0.2203125 0.4734375 0.075 0.4734375
1 0.7484375 0.0765625 0.8625 0.0765625 0.8625 0.2046875 0.7484375 0.2046875