10 0.5828125 0.3375 0.6625 0.3375 0.6625 0.43125 0.5828125 0.43125
7 0.41875 0.521875 0.50625 0.521875 0.50625 0.60625 0.41875 0.60625
7 0.765625 0.5265625 0.86875 0.5265625 0.86875 0.603125 0.765625 0.603125
8 0.2375 0.43125 0.3140625 0.43125 0.3140625 0.5078125 0.2375 0.5078125
8 0.4203125 0.3375 0.4921875 0.3375 0.4921875 0.421875 0.4203125 0.421875
8 0.4953125 0.26875 0.578125 0.26875 0.578125 0.346875 0.4953125 0.346875
8 0.5015625 0.159375 0.584375 0.159375 0.584375 0.2578125 0.5015625 0.2578125
8 0.671875 0.2609375 0.753125 0.2609375 0.753125 0.3484375 0.671875 0.3484375
8 0.68125 0.421875 0.75625 0.421875 0.75625 0.5015625 0.68125 0.5015625
8 0.509375 0.4453125 0.58125 0.4453125 0.58125 0.5140625 0.509375 0.5140625
1 0.31875 0.603125 0.403125 0.603125 0.403125 0.6859375 0.31875 0.6859375
1 0.5828125 0.69375 0.6640625 0.69375 0.6640625 0.7921875 0.5828125 0.7921875
1 0.225 0.1515625 0.3234375 0.1515625 0.3234375 0.2546875 0.225 0.2546875
2 0.4125 0.69375 0.478125 0.69375 0.478125 0.78125 0.4125 0.78125
2 0.4265625 0.45 0.4984375 0.45 0.4984375 0.5125 0.4265625 0.5125