10 0.3203125 0.40625 0.4046875 0.40625 0.4046875 0.4828125 0.3203125 0.4828125
8 0.6765625 0.746875 0.771875 0.746875 0.771875 0.834375 0.6765625 0.834375
8 0.5046875 0.759375 0.5859375 0.759375 0.5859375 0.85625 0.5046875 0.85625
8 0.321875 0.578125 0.415625 0.578125 0.415625 0.65625 0.321875 0.65625
8 0.1390625 0.5953125 0.23125 0.5953125 0.23125 0.659375 0.1390625 0.659375
8 0.5046875 0.409375 0.5859375 0.409375 0.5859375 0.49375 0.5046875 0.49375
8 0.225 0.159375 0.3296875 0.159375 0.3296875 0.2328125 0.225 0.2328125
8 0.7640625 0.5890625 0.85625 0.5890625 0.85625 0.6640625 0.7640625 0.6640625
7 0.4921875 0.5828125 0.5796875 0.5828125 0.5796875 0.6640625 0.4921875 0.6640625
7 0.303125 0.759375 0.4015625 0.759375 0.4015625 0.86875 0.303125 0.86875
2 0.490625 0.23125 0.5640625 0.23125 0.5640625 0.30625 0.490625 0.30625
2 0.15 0.325 0.2375 0.325 0.2375 0.4 0.15 0.4
1 0.765625 0.478125 0.86875 0.478125 0.86875 0.5578125 0.765625 0.5578125
1 0.7625 0.121875 0.8625 0.121875 0.8625 0.240625 0.7625 0.240625
1 0.1 0.7671875 0.2203125 0.7671875 0.2203125 0.865625 0.1 0.865625