8 0.5984375 0.765625 0.675 0.765625 0.675 0.859375 0.5984375 0.859375
8 0.5015625 0.66875 0.5796875 0.66875 0.5796875 0.7515625 0.5015625 0.7515625
8 0.1140625 0.675 0.2078125 0.675 0.2078125 0.7625 0.1140625 0.7625
8 0.1078125 0.4875 0.2171875 0.4875 0.2171875 0.5703125 0.1078125 0.5703125
8 0.303125 0.115625 0.390625 0.115625 0.390625 0.20625 0.303125 0.20625
8 0.484375 0.1109375 0.5734375 0.1109375 0.5734375 0.2078125 0.484375 0.2078125
8 0.765625 0.203125 0.865625 0.203125 0.865625 0.2890625 0.765625 0.2890625
7 0.6859375 0.46875 0.7984375 0.46875 0.7984375 0.55625 0.6859375 0.55625
7 0.4984375 0.48125 0.578125 0.48125 0.578125 0.5625 0.4984375 0.5625
10 0.30625 0.578125 0.40625 0.578125 0.40625 0.659375 0.30625 0.659375
2 0.09375 0.2953125 0.2046875 0.2953125 0.2046875 0.378125 0.09375 0.378125
2 0.6921875 0.1015625 0.771875 0.1015625 0.771875 0.1921875 0.6921875 0.1921875
1 0.4921875 0.2671875 0.578125 0.2671875 0.578125 0.3734375 0.4921875 0.3734375
1 0.3 0.2828125 0.39375 0.2828125 0.39375 0.3828125 0.3 0.3828125
1 0.209375 0.384375 0.3109375 0.384375 0.3109375 0.48125 0.209375 0.48125