10 0.4484375 0.2171875 0.525 0.2171875 0.525 0.3109375 0.4484375 0.3109375
8 0.184375 0.303125 0.278125 0.303125 0.278125 0.39375 0.184375 0.39375
8 0.1734375 0.1125 0.2546875 0.1125 0.2546875 0.2203125 0.1734375 0.2203125
8 0.365625 0.1390625 0.4484375 0.1390625 0.4484375 0.225 0.365625 0.225
8 0.528125 0.3140625 0.6125 0.3140625 0.6125 0.3921875 0.528125 0.3921875
8 0.4484375 0.4796875 0.534375 0.4796875 0.534375 0.56875 0.4484375 0.56875
8 0.275 0.5671875 0.359375 0.5671875 0.359375 0.65 0.275 0.65
8 0.3625 0.7375 0.4390625 0.7375 0.4390625 0.815625 0.3625 0.815625
7 0.16875 0.396875 0.2796875 0.396875 0.2796875 0.478125 0.16875 0.478125
7 0.615625 0.1109375 0.7140625 0.1109375 0.7140625 0.221875 0.615625 0.221875
2 0.7125 0.4796875 0.7796875 0.4796875 0.7796875 0.5484375 0.7125 0.5484375
2 0.6890625 0.225 0.7828125 0.225 0.7828125 0.30625 0.6890625 0.30625
1 0.61875 0.565625 0.703125 0.565625 0.703125 0.6453125 0.61875 0.6453125
1 0.771875 0.6515625 0.89375 0.6515625 0.89375 0.740625 0.771875 0.740625
1 0.70625 0.7234375 0.8125 0.7234375 0.8125 0.8296875 0.70625 0.8296875