8 0.171875 0.590625 0.25625 0.590625 0.25625 0.6625 0.171875 0.6625
8 0.2765625 0.765625 0.35 0.765625 0.35 0.8578125 0.2765625 0.8578125
8 0.5109375 0.3234375 0.59375 0.3234375 0.59375 0.4015625 0.5109375 0.4015625
8 0.3484375 0.328125 0.4234375 0.328125 0.4234375 0.409375 0.3484375 0.409375
8 0.265625 0.415625 0.3390625 0.415625 0.3390625 0.4984375 0.265625 0.4984375
8 0.240625 0.1546875 0.328125 0.1546875 0.328125 0.2390625 0.240625 0.2390625
8 0.6109375 0.146875 0.6890625 0.146875 0.6890625 0.2234375 0.6109375 0.2234375
7 0.6109375 0.65625 0.7015625 0.65625 0.7015625 0.765625 0.6109375 0.765625
7 0.44375 0.75625 0.528125 0.75625 0.528125 0.865625 0.44375 0.865625
10 0.76875 0.31875 0.890625 0.31875 0.890625 0.396875 0.76875 0.396875
1 0.34375 0.584375 0.421875 0.584375 0.421875 0.6859375 0.34375 0.6859375
1 0.1296875 0.2296875 0.2515625 0.2296875 0.2515625 0.3171875 0.1296875 0.3171875
2 0.6046875 0.4953125 0.6859375 0.4953125 0.6859375 0.571875 0.6046875 0.571875
2 0.6984375 0.5859375 0.7859375 0.5859375 0.7859375 0.671875 0.6984375 0.671875
1 0.7703125 0.7484375 0.884375 0.7484375 0.884375 0.853125 0.7703125 0.853125