10 0.678125 0.525 0.7828125 0.525 0.7828125 0.609375 0.678125 0.609375
8 0.5125 0.7765625 0.584375 0.7765625 0.584375 0.8796875 0.5125 0.8796875
8 0.25625 0.7765625 0.3359375 0.7765625 0.3359375 0.8671875 0.25625 0.8671875
8 0.3515625 0.4453125 0.421875 0.4453125 0.421875 0.5140625 0.3515625 0.5140625
8 0.4234375 0.3546875 0.5046875 0.3546875 0.5046875 0.4265625 0.4234375 0.4265625
8 0.7546875 0.3578125 0.8375 0.3578125 0.8375 0.4328125 0.7546875 0.4328125
8 0.7671875 0.696875 0.8609375 0.696875 0.8609375 0.7765625 0.7671875 0.7765625
8 0.59375 0.3546875 0.6796875 0.3546875 0.6796875 0.4265625 0.59375 0.4265625
7 0.5921875 0.440625 0.6796875 0.440625 0.6796875 0.525 0.5921875 0.525
7 0.2375 0.4453125 0.33125 0.4453125 0.33125 0.5296875 0.2375 0.5296875
2 0.6796875 0.26875 0.78125 0.26875 0.78125 0.3453125 0.6796875 0.3453125
2 0.2515625 0.2765625 0.3390625 0.2765625 0.3390625 0.3515625 0.2515625 0.3515625
1 0.5046875 0.53125 0.5875 0.53125 0.5875 0.60625 0.5046875 0.60625
1 0.590625 0.6109375 0.690625 0.6109375 0.690625 0.7046875 0.590625 0.7046875
1 0.3421875 0.6125 0.4171875 0.6125 0.4171875 0.6921875 0.3421875 0.6921875