10 0.35 0.4515625 0.4359375 0.4515625 0.4359375 0.53125 0.35 0.53125
8 0.1609375 0.6359375 0.2640625 0.6359375 0.2640625 0.7125 0.1609375 0.7125
8 0.7921875 0.640625 0.8984375 0.640625 0.8984375 0.7125 0.7921875 0.7125
8 0.5390625 0.809375 0.6140625 0.809375 0.6140625 0.8921875 0.5390625 0.8921875
8 0.71875 0.790625 0.8171875 0.790625 0.8171875 0.8875 0.71875 0.8875
8 0.35 0.628125 0.4375 0.628125 0.4375 0.69375 0.35 0.69375
8 0.53125 0.4453125 0.6140625 0.4453125 0.6140625 0.525 0.53125 0.525
8 0.24375 0.196875 0.3578125 0.196875 0.3578125 0.26875 0.24375 0.26875
7 0.5203125 0.615625 0.609375 0.615625 0.609375 0.7046875 0.5203125 0.7046875
7 0.31875 0.796875 0.434375 0.796875 0.434375 0.9171875 0.31875 0.9171875
2 0.1796875 0.3609375 0.2671875 0.3609375 0.2671875 0.4484375 0.1796875 0.4484375
2 0.515625 0.26875 0.6046875 0.26875 0.6046875 0.3546875 0.515625 0.3546875
1 0.78125 0.1625 0.8953125 0.1625 0.8953125 0.2703125 0.78125 0.2703125
1 0.7796875 0.5265625 0.925 0.5265625 0.925 0.6015625 0.7796875 0.6015625
1 0.1375 0.7953125 0.2515625 0.7953125 0.2515625 0.9234375 0.1375 0.9234375