10 0.6734375 0.421875 0.7671875 0.421875 0.7671875 0.5015625 0.6734375 0.5015625
7 0.321875 0.509375 0.4125 0.509375 0.4125 0.5890625 0.321875 0.5890625
7 0.665625 0.76875 0.7625 0.76875 0.7625 0.878125 0.665625 0.878125
8 0.3203125 0.3375 0.4015625 0.3375 0.4015625 0.415625 0.3203125 0.415625
8 0.2421875 0.240625 0.3125 0.240625 0.3125 0.328125 0.2421875 0.328125
8 0.140625 0.1484375 0.228125 0.1484375 0.228125 0.2390625 0.140625 0.2390625
8 0.503125 0.1453125 0.575 0.1453125 0.575 0.2421875 0.503125 0.2421875
8 0.6765625 0.14375 0.7546875 0.14375 0.7546875 0.234375 0.6765625 0.234375
8 0.503125 0.334375 0.5828125 0.334375 0.5828125 0.4125 0.503125 0.4125
8 0.41875 0.778125 0.490625 0.778125 0.490625 0.86875 0.41875 0.86875
1 0.334375 0.771875 0.403125 0.771875 0.403125 0.878125 0.334375 0.878125
1 0.221875 0.775 0.3125 0.775 0.3125 0.8875 0.221875 0.8875
1 0.5796875 0.509375 0.6671875 0.509375 0.6671875 0.5890625 0.5796875 0.5890625
2 0.4140625 0.421875 0.4859375 0.421875 0.4859375 0.4984375 0.4140625 0.4984375
2 0.50625 0.596875 0.578125 0.596875 0.578125 0.6703125 0.50625 0.6703125