8 0.596875 0.7671875 0.684375 0.7671875 0.684375 0.8609375 0.596875 0.8609375
8 0.4203125 0.765625 0.5015625 0.765625 0.5015625 0.85625 0.4203125 0.85625
8 0.128125 0.675 0.2234375 0.675 0.2234375 0.7625 0.128125 0.7625
8 0.78125 0.4125 0.8859375 0.4125 0.8859375 0.4890625 0.78125 0.4890625
8 0.7875 0.209375 0.896875 0.209375 0.896875 0.3 0.7875 0.3
8 0.4125 0.2171875 0.5 0.2171875 0.5 0.3046875 0.4125 0.3046875
8 0.3234375 0.109375 0.4015625 0.109375 0.4015625 0.20625 0.3234375 0.20625
7 0.190625 0.425 0.30625 0.425 0.30625 0.5015625 0.190625 0.5015625
7 0.409375 0.40625 0.5 0.40625 0.5 0.496875 0.409375 0.496875
10 0.59375 0.3125 0.696875 0.3125 0.696875 0.4 0.59375 0.4
2 0.2203125 0.775 0.3046875 0.775 0.3046875 0.86875 0.2203125 0.86875
2 0.7890625 0.5984375 0.8921875 0.5984375 0.8921875 0.6875 0.7890625 0.6875
1 0.415625 0.603125 0.5015625 0.603125 0.5015625 0.709375 0.415625 0.709375
1 0.6015625 0.596875 0.6953125 0.596875 0.6953125 0.7 0.6015625 0.7
1 0.6859375 0.5046875 0.790625 0.5046875 0.790625 0.5984375 0.6859375 0.5984375