8 0.7578125 0.2578125 0.8375 0.2578125 0.8375 0.3515625 0.7578125 0.3515625
8 0.665625 0.35625 0.74375 0.35625 0.74375 0.4375 0.665625 0.4375
8 0.5828125 0.165625 0.6546875 0.165625 0.6546875 0.265625 0.5828125 0.265625
8 0.6765625 0.803125 0.7578125 0.803125 0.7578125 0.8953125 0.6765625 0.8953125
8 0.4953125 0.446875 0.5703125 0.446875 0.5703125 0.5296875 0.4953125 0.5296875
8 0.23125 0.271875 0.31875 0.271875 0.31875 0.3625 0.23125 0.3625
8 0.1453125 0.446875 0.24375 0.446875 0.24375 0.5296875 0.1453125 0.5296875
7 0.2984375 0.628125 0.403125 0.628125 0.403125 0.721875 0.2984375 0.721875
7 0.75625 0.5359375 0.8625 0.5359375 0.8625 0.625 0.75625 0.625
10 0.2984375 0.44375 0.40625 0.44375 0.40625 0.5296875 0.2984375 0.5296875
2 0.5078125 0.70625 0.5765625 0.70625 0.5765625 0.790625 0.5078125 0.790625
2 0.14375 0.63125 0.23125 0.63125 0.23125 0.7 0.14375 0.7
1 0.5796875 0.61875 0.6640625 0.61875 0.6640625 0.7078125 0.5796875 0.7078125
1 0.3203125 0.7859375 0.41875 0.7859375 0.41875 0.9015625 0.3203125 0.9015625
1 0.29375 0.1671875 0.40625 0.1671875 0.40625 0.2734375 0.29375 0.2734375