10 0.69375 0.409375 0.7890625 0.409375 0.7890625 0.4921875 0.69375 0.4921875
8 0.184375 0.3375 0.2765625 0.3375 0.2765625 0.41875 0.184375 0.41875
8 0.35625 0.2515625 0.44375 0.2515625 0.44375 0.3296875 0.35625 0.3296875
8 0.6203125 0.15 0.696875 0.15 0.696875 0.2359375 0.6203125 0.2359375
8 0.7828125 0.1515625 0.8921875 0.1515625 0.8921875 0.21875 0.7828125 0.21875
8 0.79375 0.3375 0.8625 0.3375 0.8625 0.40625 0.79375 0.40625
8 0.6171875 0.503125 0.696875 0.503125 0.696875 0.584375 0.6171875 0.584375
8 0.4421875 0.403125 0.5203125 0.403125 0.5203125 0.4921875 0.4421875 0.4921875
7 0.5234375 0.1328125 0.6125 0.1328125 0.6125 0.2359375 0.5234375 0.2359375
7 0.771875 0.5703125 0.89375 0.5703125 0.89375 0.6703125 0.771875 0.6703125
2 0.4453125 0.6671875 0.5328125 0.6671875 0.5328125 0.7453125 0.4453125 0.7453125
2 0.7 0.6578125 0.7890625 0.6578125 0.7890625 0.746875 0.7 0.746875
1 0.1765625 0.6703125 0.2703125 0.6703125 0.2703125 0.7828125 0.1765625 0.7828125
1 0.278125 0.75 0.3734375 0.75 0.3734375 0.8640625 0.278125 0.8640625
1 0.359375 0.584375 0.4484375 0.584375 0.4484375 0.68125 0.359375 0.68125