10 0.775 0.5125 0.89375 0.5125 0.89375 0.6109375 0.775 0.6109375
8 0.6125 0.425 0.684375 0.425 0.684375 0.503125 0.6125 0.503125
8 0.4125 0.34375 0.496875 0.34375 0.496875 0.4234375 0.4125 0.4234375
8 0.15 0.259375 0.2328125 0.259375 0.2328125 0.35 0.15 0.35
8 0.1671875 0.4328125 0.253125 0.4328125 0.253125 0.5078125 0.1671875 0.5078125
8 0.409375 0.1609375 0.4828125 0.1609375 0.4828125 0.240625 0.409375 0.240625
8 0.7765625 0.14375 0.8765625 0.14375 0.8765625 0.24375 0.7765625 0.24375
8 0.6921875 0.7671875 0.7859375 0.7671875 0.7859375 0.8765625 0.6921875 0.8765625
7 0.778125 0.334375 0.9 0.334375 0.9 0.415625 0.778125 0.415625
2 0.59375 0.6 0.66875 0.6 0.66875 0.6921875 0.59375 0.6921875
2 0.4296875 0.690625 0.5078125 0.690625 0.5078125 0.775 0.4296875 0.775
1 0.15625 0.790625 0.2671875 0.790625 0.2671875 0.896875 0.15625 0.896875
1 0.15 0.5296875 0.2515625 0.5296875 0.2515625 0.6265625 0.15 0.6265625
1 0.434375 0.5234375 0.51875 0.5234375 0.51875 0.6015625 0.434375 0.6015625
7 0.6796875 0.1375 0.778125 0.1375 0.778125 0.25 0.6796875 0.25