10 0.33125 0.1171875 0.415625 0.1171875 0.415625 0.2421875 0.33125 0.2421875
8 0.1453125 0.5921875 0.240625 0.5921875 0.240625 0.68125 0.1453125 0.68125
8 0.253125 0.24375 0.3296875 0.24375 0.3296875 0.3328125 0.253125 0.3328125
8 0.50625 0.33125 0.58125 0.33125 0.58125 0.415625 0.50625 0.415625
8 0.41875 0.671875 0.5015625 0.671875 0.5015625 0.759375 0.41875 0.759375
8 0.1609375 0.7640625 0.25 0.7640625 0.25 0.8625 0.1609375 0.8625
8 0.253125 0.590625 0.328125 0.590625 0.328125 0.6765625 0.253125 0.6765625
8 0.5890625 0.1328125 0.6609375 0.1328125 0.6609375 0.2390625 0.5890625 0.2390625
7 0.1015625 0.3328125 0.2296875 0.3328125 0.2296875 0.4125 0.1015625 0.4125
7 0.125 0.4296875 0.24375 0.4296875 0.24375 0.5140625 0.125 0.5140625
2 0.425 0.4125 0.5 0.4125 0.5 0.4890625 0.425 0.4890625
2 0.6890625 0.659375 0.771875 0.659375 0.771875 0.74375 0.6890625 0.74375
1 0.68125 0.303125 0.7703125 0.303125 0.7703125 0.396875 0.68125 0.396875
1 0.7640625 0.403125 0.8796875 0.403125 0.8796875 0.4859375 0.7640625 0.4859375
1 0.43125 0.7484375 0.515625 0.7484375 0.515625 0.86875 0.43125 0.86875