8 0.1234375 0.315625 0.215625 0.315625 0.215625 0.3984375 0.1234375 0.3984375
8 0.1140625 0.50625 0.2203125 0.50625 0.2203125 0.5765625 0.1140625 0.5765625
8 0.328125 0.4984375 0.4046875 0.4984375 0.4046875 0.5875 0.328125 0.5875
8 0.1203125 0.6875 0.2125 0.6875 0.2125 0.784375 0.1203125 0.784375
8 0.603125 0.490625 0.6828125 0.490625 0.6828125 0.578125 0.603125 0.578125
8 0.6875 0.2234375 0.778125 0.2234375 0.778125 0.303125 0.6875 0.303125
8 0.4203125 0.5921875 0.5046875 0.5921875 0.5046875 0.6765625 0.4203125 0.6765625
7 0.3078125 0.78125 0.4 0.78125 0.4 0.9015625 0.3078125 0.9015625
7 0.59375 0.7765625 0.6953125 0.7765625 0.6953125 0.9015625 0.59375 0.9015625
10 0.778125 0.090625 0.903125 0.090625 0.903125 0.215625 0.778125 0.215625
1 0.2171875 0.6765625 0.315625 0.6765625 0.315625 0.7921875 0.2171875 0.7921875
2 0.8 0.78125 0.9109375 0.78125 0.9109375 0.8671875 0.8 0.8671875
2 0.503125 0.3125 0.5921875 0.3125 0.5921875 0.3953125 0.503125 0.3953125
1 0.696875 0.68125 0.8 0.68125 0.8 0.7890625 0.696875 0.7890625
1 0.1984375 0.190625 0.3125 0.190625 0.3125 0.30625 0.1984375 0.30625