8 0.6703125 0.74375 0.7453125 0.74375 0.7453125 0.8296875 0.6703125 0.8296875
8 0.578125 0.6515625 0.6515625 0.6515625 0.6515625 0.734375 0.578125 0.734375
8 0.578125 0.50625 0.65625 0.50625 0.65625 0.5734375 0.578125 0.5734375
8 0.578125 0.3328125 0.6515625 0.3328125 0.6515625 0.40625 0.578125 0.40625
8 0.328125 0.2484375 0.396875 0.2484375 0.396875 0.3265625 0.328125 0.3265625
8 0.1578125 0.3359375 0.23125 0.3359375 0.23125 0.4203125 0.1578125 0.4203125
8 0.159375 0.75 0.246875 0.75 0.246875 0.8328125 0.159375 0.8328125
1 0.4015625 0.7484375 0.475 0.7484375 0.475 0.8515625 0.4015625 0.8515625
1 0.2328125 0.2375 0.3203125 0.2375 0.3203125 0.334375 0.2328125 0.334375
1 0.7375 0.4109375 0.84375 0.4109375 0.84375 0.4921875 0.7375 0.4921875
2 0.659375 0.246875 0.7375 0.246875 0.7375 0.3203125 0.659375 0.3203125
2 0.2515625 0.503125 0.31875 0.503125 0.31875 0.58125 0.2515625 0.58125
7 0.4140625 0.5875 0.4921875 0.5875 0.4921875 0.66875 0.4140625 0.66875
7 0.4125 0.334375 0.48125 0.334375 0.48125 0.4125 0.4125 0.4125
10 0.24375 0.6640625 0.334375 0.6640625 0.334375 0.7578125 0.24375 0.7578125