8 0.7796875 0.484375 0.8703125 0.484375 0.8703125 0.5546875 0.7796875 0.5546875
8 0.540625 0.734375 0.61875 0.734375 0.61875 0.8203125 0.540625 0.8203125
8 0.45625 0.575 0.528125 0.575 0.528125 0.646875 0.45625 0.646875
8 0.2 0.4015625 0.278125 0.4015625 0.278125 0.484375 0.2 0.484375
8 0.178125 0.1265625 0.2671875 0.1265625 0.2671875 0.2171875 0.178125 0.2171875
8 0.69375 0.140625 0.8 0.140625 0.8 0.228125 0.69375 0.228125
8 0.534375 0.315625 0.61875 0.315625 0.61875 0.396875 0.534375 0.396875
1 0.534375 0.1203125 0.625 0.1203125 0.625 0.225 0.534375 0.225
1 0.365625 0.1046875 0.453125 0.1046875 0.453125 0.21875 0.365625 0.21875
1 0.190625 0.753125 0.2734375 0.753125 0.2734375 0.86875 0.190625 0.86875
2 0.1984375 0.5859375 0.2765625 0.5859375 0.2765625 0.659375 0.1984375 0.659375
2 0.7875 0.64375 0.8625 0.64375 0.8625 0.721875 0.7875 0.721875
7 0.76875 0.3078125 0.9 0.3078125 0.9 0.3890625 0.76875 0.3890625
7 0.36875 0.7375 0.46875 0.7375 0.46875 0.8484375 0.36875 0.8484375
10 0.6125 0.4828125 0.721875 0.4828125 0.721875 0.5609375 0.6125 0.5609375