10 0.7578125 0.271875 0.8765625 0.271875 0.8765625 0.375 0.7578125 0.375
8 0.3359375 0.534375 0.4171875 0.534375 0.4171875 0.61875 0.3359375 0.61875
8 0.159375 0.55 0.253125 0.55 0.253125 0.628125 0.159375 0.628125
8 0.15625 0.2953125 0.246875 0.2953125 0.246875 0.365625 0.15625 0.365625
8 0.5921875 0.1046875 0.684375 0.1046875 0.684375 0.2046875 0.5921875 0.2046875
8 0.5875 0.384375 0.66875 0.384375 0.66875 0.45625 0.5875 0.45625
8 0.5859375 0.546875 0.6640625 0.546875 0.6640625 0.625 0.5859375 0.625
8 0.6828125 0.7234375 0.76875 0.7234375 0.76875 0.8171875 0.6828125 0.8171875
7 0.4265625 0.5421875 0.509375 0.5421875 0.509375 0.6265625 0.4265625 0.6265625
7 0.134375 0.08125 0.2484375 0.08125 0.2484375 0.2 0.134375 0.2
2 0.346875 0.7140625 0.425 0.7140625 0.425 0.7984375 0.346875 0.7984375
2 0.421875 0.384375 0.4953125 0.384375 0.4953125 0.459375 0.421875 0.459375
1 0.1421875 0.640625 0.24375 0.640625 0.24375 0.746875 0.1421875 0.746875
1 0.4328125 0.096875 0.5015625 0.096875 0.5015625 0.2078125 0.4328125 0.2078125
1 0.7546875 0.4578125 0.86875 0.4578125 0.86875 0.5375 0.7546875 0.5375