9 0.215625 0.234375 0.2875 0.234375 0.2875 0.290625 0.215625 0.290625
2 0.6265625 0.228125 0.69375 0.228125 0.69375 0.296875 0.6265625 0.296875
3 0.840625 0.2375 0.915625 0.2375 0.915625 0.2921875 0.840625 0.2921875
11 0.33125 0.3015625 0.403125 0.3015625 0.403125 0.3609375 0.33125 0.3609375
9 0.10625 0.315625 0.1859375 0.315625 0.1859375 0.365625 0.10625 0.365625
3 0.734375 0.321875 0.7984375 0.321875 0.7984375 0.3703125 0.734375 0.3703125
5 0.5296875 0.321875 0.590625 0.321875 0.590625 0.378125 0.5296875 0.378125
7 0.4125 0.3953125 0.48125 0.3953125 0.48125 0.4515625 0.4125 0.4515625
9 0.2078125 0.4015625 0.2765625 0.4015625 0.2765625 0.446875 0.2078125 0.446875
0 0.6265625 0.403125 0.6953125 0.403125 0.6953125 0.453125 0.6265625 0.453125
3 0.8359375 0.4109375 0.9109375 0.4109375 0.9109375 0.4546875 0.8359375 0.4546875
3 0.734375 0.4796875 0.803125 0.4796875 0.803125 0.521875 0.734375 0.521875
9 0.1078125 0.4875 0.184375 0.4875 0.184375 0.53125 0.1078125 0.53125
4 0.5296875 0.4890625 0.5953125 0.4890625 0.5953125 0.5359375 0.5296875 0.5359375
6 0.309375 0.490625 0.384375 0.490625 0.384375 0.5375 0.309375 0.5375
11 0.415625 0.553125 0.478125 0.553125 0.478125 0.6046875 0.415625 0.6046875
9 0.2140625 0.5609375 0.28125 0.5609375 0.28125 0.6046875 0.2140625 0.6046875
1 0.61875 0.55625 0.7046875 0.55625 0.7046875 0.6125 0.61875 0.6125
3 0.8421875 0.5765625 0.9125 0.5765625 0.9125 0.6171875 0.8421875 0.6171875
3 0.725 0.640625 0.7921875 0.640625 0.7921875 0.6875 0.725 0.6875
10 0.3 0.634375 0.378125 0.634375 0.378125 0.7015625 0.3 0.7015625
2 0.5234375 0.6421875 0.5859375 0.6421875 0.5859375 0.7 0.5234375 0.7
9 0.109375 0.6515625 0.178125 0.6515625 0.178125 0.6984375 0.109375 0.6984375
3 0.83125 0.715625 0.90625 0.715625 0.90625 0.7671875 0.83125 0.7671875
9 0.2125 0.7171875 0.28125 0.7171875 0.28125 0.7734375 0.2125 0.7734375
0 0.6296875 0.7140625 0.7015625 0.7140625 0.7015625 0.7828125 0.6296875 0.7828125
8 0.4046875 0.721875 0.4734375 0.721875 0.4734375 0.790625 0.4046875 0.790625
3 0.71875 0.7953125 0.7859375 0.7953125 0.7859375 0.85625 0.71875 0.85625
9 0.109375 0.8 0.18125 0.8 0.18125 0.859375 0.109375 0.859375
5 0.5265625 0.7984375 0.5875 0.7984375 0.5875 0.871875 0.5265625 0.871875
6 0.303125 0.8078125 0.378125 0.8078125 0.378125 0.8921875 0.303125 0.8921875
8 0.446875 0.209375 0.50625 0.209375 0.50625 0.278125 0.446875 0.278125