3 0.284375 0.240625 0.3515625 0.240625 0.3515625 0.29375 0.284375 0.29375
9 0.49375 0.2421875 0.553125 0.2421875 0.553125 0.296875 0.49375 0.296875
7 0.690625 0.3046875 0.7828125 0.3046875 0.7828125 0.3734375 0.690625 0.3734375
6 0.7953125 0.3078125 0.8921875 0.3078125 0.8921875 0.3734375 0.7953125 0.3734375
9 0.590625 0.3234375 0.6515625 0.3234375 0.6515625 0.3765625 0.590625 0.3765625
0 0.275 0.3265625 0.3484375 0.3265625 0.3484375 0.3828125 0.275 0.3828125
3 0.396875 0.3390625 0.4546875 0.3390625 0.4546875 0.3859375 0.396875 0.3859375
4 0.159375 0.4015625 0.259375 0.4015625 0.259375 0.45625 0.159375 0.45625
9 0.4921875 0.4078125 0.5484375 0.4078125 0.5484375 0.45 0.4921875 0.45
1 0.021875 0.4015625 0.1515625 0.4015625 0.1515625 0.45625 0.021875 0.45625
3 0.2953125 0.415625 0.3578125 0.415625 0.3578125 0.4578125 0.2953125 0.4578125
6 0.684375 0.484375 0.765625 0.484375 0.765625 0.5328125 0.684375 0.5328125
3 0.384375 0.4875 0.44375 0.4875 0.44375 0.5328125 0.384375 0.5328125
10 0.7984375 0.4875 0.9046875 0.4875 0.9046875 0.5390625 0.7984375 0.5390625
9 0.5921875 0.4921875 0.65 0.4921875 0.65 0.534375 0.5921875 0.534375
11 0.69375 0.5609375 0.76875 0.5609375 0.76875 0.609375 0.69375 0.609375
0 0.16875 0.559375 0.253125 0.559375 0.253125 0.6109375 0.16875 0.6109375
3 0.2875 0.5671875 0.3546875 0.5671875 0.3546875 0.6109375 0.2875 0.6109375
9 0.4875 0.5734375 0.5453125 0.5734375 0.5453125 0.615625 0.4875 0.615625
9 0.596875 0.6359375 0.659375 0.6359375 0.659375 0.6859375 0.596875 0.6859375
3 0.38125 0.6359375 0.4375 0.6359375 0.4375 0.6875 0.38125 0.6875
8 0.6859375 0.6328125 0.7578125 0.6328125 0.7578125 0.696875 0.6859375 0.696875
9 0.49375 0.6421875 0.5515625 0.6421875 0.5515625 0.6953125 0.49375 0.6953125
5 0.059375 0.64375 0.1515625 0.64375 0.1515625 0.7015625 0.059375 0.7015625
2 0.1609375 0.646875 0.2515625 0.646875 0.2515625 0.7078125 0.1609375 0.7078125
3 0.278125 0.73125 0.340625 0.73125 0.340625 0.7875 0.278125 0.7875
8 0.6859375 0.1296875 0.7625 0.1296875 0.7625 0.2109375 0.6859375 0.2109375
2 0.278125 0.140625 0.35 0.140625 0.35 0.215625 0.278125 0.215625
11 0.7953125 0.14375 0.8828125 0.14375 0.8828125 0.215625 0.7953125 0.215625
3 0.3796875 0.153125 0.440625 0.153125 0.440625 0.2140625 0.3796875 0.2140625
9 0.5875 0.15625 0.64375 0.15625 0.64375 0.2171875 0.5875 0.2171875
5 0.1609375 0.153125 0.246875 0.153125 0.246875 0.221875 0.1609375 0.221875