7 0.6390625 0.6484375 0.725 0.6484375 0.725 0.721875 0.6390625 0.721875
8 0.859375 0.6484375 0.9625 0.6484375 0.9625 0.7078125 0.859375 0.7078125
11 0.315625 0.6484375 0.384375 0.6484375 0.384375 0.70625 0.315625 0.70625
6 0.4234375 0.640625 0.4859375 0.640625 0.4859375 0.70625 0.4234375 0.70625
8 0.196875 0.640625 0.284375 0.640625 0.284375 0.7 0.196875 0.7
9 0.2125 0.575 0.28125 0.575 0.28125 0.6234375 0.2125 0.6234375
9 0.634375 0.5703125 0.7046875 0.5703125 0.7046875 0.621875 0.634375 0.621875
9 0.41875 0.5703125 0.4796875 0.5703125 0.4796875 0.6203125 0.41875 0.6203125
9 0.85 0.571875 0.93125 0.571875 0.93125 0.615625 0.85 0.615625
9 0.74375 0.5015625 0.815625 0.5015625 0.815625 0.5453125 0.74375 0.5453125
9 0.5390625 0.5 0.59375 0.5 0.59375 0.540625 0.5390625 0.540625
9 0.203125 0.496875 0.275 0.496875 0.275 0.540625 0.203125 0.540625
9 0.309375 0.490625 0.3703125 0.490625 0.3703125 0.534375 0.309375 0.534375
3 0.628125 0.428125 0.6890625 0.428125 0.6890625 0.471875 0.628125 0.471875
3 0.8609375 0.415625 0.9359375 0.415625 0.9359375 0.4609375 0.8609375 0.4609375
3 0.428125 0.4171875 0.4875 0.4171875 0.4875 0.4609375 0.428125 0.4609375
3 0.2140625 0.4078125 0.284375 0.4078125 0.284375 0.45625 0.2140625 0.45625
3 0.5296875 0.3484375 0.584375 0.3484375 0.584375 0.3953125 0.5296875 0.3953125
2 0.859375 0.340625 0.9578125 0.340625 0.9578125 0.3921875 0.859375 0.3921875
3 0.7546875 0.340625 0.8234375 0.340625 0.8234375 0.3921875 0.7546875 0.3921875
3 0.3203125 0.3390625 0.378125 0.3390625 0.378125 0.3875 0.3203125 0.3875
0 0.63125 0.3328125 0.70625 0.3328125 0.70625 0.390625 0.63125 0.390625
3 0.0796875 0.3296875 0.15625 0.3296875 0.15625 0.3796875 0.0796875 0.3796875
4 0.5359375 0.24375 0.6078125 0.24375 0.6078125 0.31875 0.5359375 0.31875
5 0.8515625 0.25 0.9453125 0.25 0.9453125 0.3140625 0.8515625 0.3140625
0 0.3203125 0.246875 0.390625 0.246875 0.390625 0.3125 0.3203125 0.3125
2 0.1875 0.240625 0.2734375 0.240625 0.2734375 0.3109375 0.1875 0.3109375
5 0.1984375 0.1625 0.278125 0.1625 0.278125 0.234375 0.1984375 0.234375
1 0.534375 0.1390625 0.60625 0.1390625 0.60625 0.2390625 0.534375 0.2390625
10 0.4109375 0.73125 0.478125 0.73125 0.478125 0.8109375 0.4109375 0.8109375
6 0.6390625 0.7296875 0.7203125 0.7296875 0.7203125 0.8046875 0.6390625 0.8046875
11 0.85 0.7296875 0.94375 0.7296875 0.94375 0.7984375 0.85 0.7984375