9 0.7140625 0.2765625 0.7625 0.2765625 0.7625 0.334375 0.7140625 0.334375
9 0.7125 0.06875 0.7625 0.06875 0.7625 0.140625 0.7125 0.140625
9 0.7109375 0.4890625 0.7625 0.4890625 0.7625 0.54375 0.7109375 0.54375
9 0.709375 0.7015625 0.7625 0.7015625 0.7625 0.765625 0.709375 0.765625
9 0.6421875 0.596875 0.690625 0.596875 0.690625 0.653125 0.6421875 0.653125
9 0.640625 0.18125 0.6859375 0.18125 0.6859375 0.2453125 0.640625 0.2453125
9 0.6390625 0.3984375 0.6875 0.3984375 0.6875 0.4515625 0.6390625 0.4515625
9 0.6390625 0.7984375 0.6859375 0.7984375 0.6859375 0.86875 0.6390625 0.86875
10 0.5703125 0.275 0.6234375 0.275 0.6234375 0.35625 0.5703125 0.35625
7 0.565625 0.0125 0.621875 0.0125 0.621875 0.13125 0.565625 0.13125
6 0.5671875 0.48125 0.6171875 0.48125 0.6171875 0.540625 0.5671875 0.540625
11 0.553125 0.7109375 0.5984375 0.7109375 0.5984375 0.7828125 0.553125 0.7828125
8 0.5 0.1625 0.546875 0.1625 0.546875 0.24375 0.5 0.24375
11 0.5 0.4 0.54375 0.4 0.54375 0.4578125 0.5 0.4578125
6 0.4953125 0.6 0.5390625 0.6 0.5390625 0.6625 0.4953125 0.6625
8 0.478125 0.8125 0.521875 0.8125 0.521875 0.903125 0.478125 0.903125
2 0.41875 0.2765625 0.465625 0.2765625 0.465625 0.3484375 0.41875 0.3484375
1 0.415625 0.021875 0.46875 0.021875 0.46875 0.1359375 0.415625 0.1359375
5 0.415625 0.490625 0.459375 0.490625 0.459375 0.546875 0.415625 0.546875
4 0.409375 0.6984375 0.4625 0.6984375 0.4625 0.78125 0.409375 0.78125
0 0.34375 0.16875 0.396875 0.16875 0.396875 0.25 0.34375 0.25
2 0.3421875 0.7890625 0.390625 0.7890625 0.390625 0.8765625 0.3421875 0.8765625
0 0.340625 0.5890625 0.3921875 0.5890625 0.3921875 0.6546875 0.340625 0.6546875
5 0.340625 0.3859375 0.390625 0.3859375 0.390625 0.4484375 0.340625 0.4484375
3 0.2703125 0.290625 0.3203125 0.290625 0.3203125 0.3484375 0.2703125 0.3484375
3 0.2671875 0.696875 0.3140625 0.696875 0.3140625 0.75625 0.2671875 0.75625
3 0.265625 0.075 0.315625 0.075 0.315625 0.1484375 0.265625 0.1484375
3 0.2640625 0.503125 0.3125 0.503125 0.3125 0.5546875 0.2640625 0.5546875
3 0.1890625 0.175 0.24375 0.175 0.24375 0.24375 0.1890625 0.24375
3 0.1875 0.5890625 0.240625 0.5890625 0.240625 0.6421875 0.1875 0.6421875
3 0.1828125 0.7953125 0.2375 0.7953125 0.2375 0.8640625 0.1828125 0.8640625
3 0.1828125 0.3828125 0.2375 0.3828125 0.2375 0.43125 0.1828125 0.43125