3 0.76875 0.6203125 0.825 0.6203125 0.825 0.6828125 0.76875 0.6828125
3 0.6 0.609375 0.64375 0.609375 0.64375 0.66875 0.6 0.66875
3 0.2796875 0.5984375 0.3296875 0.5984375 0.3296875 0.6609375 0.2796875 0.6609375
3 0.446875 0.5953125 0.4875 0.5953125 0.4875 0.65625 0.446875 0.65625
3 0.671875 0.515625 0.725 0.515625 0.725 0.575 0.671875 0.575
3 0.521875 0.509375 0.5609375 0.509375 0.5609375 0.56875 0.521875 0.56875
3 0.1828125 0.509375 0.2421875 0.509375 0.2421875 0.5671875 0.1828125 0.5671875
3 0.3703125 0.49375 0.415625 0.49375 0.415625 0.55625 0.3703125 0.55625
9 0.60625 0.4109375 0.653125 0.4109375 0.653125 0.46875 0.60625 0.46875
9 0.7546875 0.4109375 0.8171875 0.4109375 0.8171875 0.46875 0.7546875 0.46875
9 0.2734375 0.4015625 0.325 0.4015625 0.325 0.4640625 0.2734375 0.4640625
9 0.4421875 0.4015625 0.4828125 0.4015625 0.4828125 0.4609375 0.4421875 0.4609375
9 0.528125 0.296875 0.56875 0.296875 0.56875 0.3609375 0.528125 0.3609375
9 0.6765625 0.29375 0.728125 0.29375 0.728125 0.3625 0.6765625 0.3625
9 0.190625 0.2890625 0.246875 0.2890625 0.246875 0.3515625 0.190625 0.3515625
9 0.359375 0.2859375 0.4046875 0.2859375 0.4046875 0.3546875 0.359375 0.3546875
6 0.60625 0.184375 0.6625 0.184375 0.6625 0.2734375 0.60625 0.2734375
11 0.7578125 0.1875 0.828125 0.1875 0.828125 0.2703125 0.7578125 0.2703125
8 0.265625 0.1796875 0.33125 0.1796875 0.33125 0.2703125 0.265625 0.2703125
7 0.434375 0.15625 0.484375 0.15625 0.484375 0.259375 0.434375 0.259375
8 0.6765625 0.06875 0.740625 0.06875 0.740625 0.159375 0.6765625 0.159375
6 0.3484375 0.0484375 0.4078125 0.0484375 0.4078125 0.15625 0.3484375 0.15625
11 0.1828125 0.0515625 0.2515625 0.0515625 0.2515625 0.1515625 0.1828125 0.1515625
10 0.528125 0.0375 0.5796875 0.0375 0.5796875 0.1515625 0.528125 0.1515625
0 0.59375 0.8203125 0.65 0.8203125 0.65 0.915625 0.59375 0.915625
1 0.4390625 0.80625 0.490625 0.80625 0.490625 0.928125 0.4390625 0.928125
5 0.7546875 0.8171875 0.8234375 0.8171875 0.8234375 0.9078125 0.7546875 0.9078125
2 0.2609375 0.809375 0.325 0.809375 0.325 0.903125 0.2609375 0.903125
0 0.346875 0.71875 0.403125 0.71875 0.403125 0.8046875 0.346875 0.8046875
2 0.6765625 0.709375 0.74375 0.709375 0.74375 0.8015625 0.6765625 0.8015625
4 0.5234375 0.703125 0.5734375 0.703125 0.5734375 0.8 0.5234375 0.8
5 0.178125 0.709375 0.2484375 0.709375 0.2484375 0.7875 0.178125 0.7875