8 0.403125 0.6609375 0.471875 0.6609375 0.471875 0.7203125 0.403125 0.7203125
0 0.615625 0.6546875 0.6890625 0.6546875 0.6890625 0.715625 0.615625 0.715625
3 0.8296875 0.6609375 0.9046875 0.6609375 0.9046875 0.709375 0.8296875 0.709375
9 0.209375 0.659375 0.275 0.659375 0.275 0.7078125 0.209375 0.7078125
9 0.103125 0.590625 0.171875 0.590625 0.171875 0.634375 0.103125 0.634375
2 0.51875 0.5796875 0.584375 0.5796875 0.584375 0.63125 0.51875 0.63125
10 0.296875 0.5734375 0.375 0.5734375 0.375 0.6328125 0.296875 0.6328125
3 0.721875 0.578125 0.790625 0.578125 0.790625 0.61875 0.721875 0.61875
3 0.8390625 0.5109375 0.9109375 0.5109375 0.9109375 0.5515625 0.8390625 0.5515625
9 0.209375 0.4984375 0.275 0.4984375 0.275 0.5421875 0.209375 0.5421875
1 0.6140625 0.4921875 0.7046875 0.4921875 0.7046875 0.540625 0.6140625 0.540625
11 0.4109375 0.49375 0.4734375 0.49375 0.4734375 0.5390625 0.4109375 0.5390625
6 0.30625 0.428125 0.3796875 0.428125 0.3796875 0.4765625 0.30625 0.4765625
4 0.5265625 0.4234375 0.59375 0.4234375 0.59375 0.471875 0.5265625 0.471875
9 0.1015625 0.4265625 0.178125 0.4265625 0.178125 0.4703125 0.1015625 0.4703125
3 0.7296875 0.4171875 0.7984375 0.4171875 0.7984375 0.4578125 0.7296875 0.4578125
3 0.828125 0.346875 0.9046875 0.346875 0.9046875 0.3921875 0.828125 0.3921875
0 0.621875 0.3359375 0.690625 0.3359375 0.690625 0.3921875 0.621875 0.3921875
9 0.2015625 0.3375 0.2703125 0.3375 0.2703125 0.3859375 0.2015625 0.3859375
7 0.4078125 0.325 0.475 0.325 0.475 0.3890625 0.4078125 0.3890625
5 0.525 0.253125 0.5875 0.253125 0.5875 0.315625 0.525 0.315625
3 0.728125 0.2578125 0.790625 0.2578125 0.790625 0.3078125 0.728125 0.3078125
9 0.1 0.25 0.178125 0.25 0.178125 0.303125 0.1 0.303125
11 0.328125 0.234375 0.39375 0.234375 0.39375 0.2984375 0.328125 0.2984375
3 0.8328125 0.175 0.9078125 0.175 0.9078125 0.23125 0.8328125 0.23125
2 0.6203125 0.1625 0.6875 0.1625 0.6875 0.2375 0.6203125 0.2375
9 0.2109375 0.1703125 0.2765625 0.1703125 0.2765625 0.2296875 0.2109375 0.2296875
8 0.440625 0.1421875 0.4984375 0.1421875 0.4984375 0.2171875 0.440625 0.2171875
6 0.3015625 0.7484375 0.375 0.7484375 0.375 0.825 0.3015625 0.825
5 0.5203125 0.740625 0.578125 0.740625 0.578125 0.8125 0.5203125 0.8125
9 0.103125 0.7421875 0.1765625 0.7421875 0.1765625 0.7984375 0.103125 0.7984375
3 0.7296875 0.734375 0.7984375 0.734375 0.7984375 0.7890625 0.7296875 0.7890625