2 0.7265625 0.24375 0.8140625 0.24375 0.8140625 0.309375 0.7265625 0.309375
9 0.4234375 0.2515625 0.4796875 0.2515625 0.4796875 0.309375 0.4234375 0.309375
8 0.2109375 0.2484375 0.2875 0.2484375 0.2875 0.3140625 0.2109375 0.3140625
5 0.8296875 0.253125 0.9171875 0.253125 0.9171875 0.3140625 0.8296875 0.3140625
9 0.3109375 0.259375 0.378125 0.259375 0.378125 0.3140625 0.3109375 0.3140625
3 0.5359375 0.2625 0.59375 0.2625 0.59375 0.31875 0.5359375 0.31875
9 0.4296875 0.3328125 0.4859375 0.3328125 0.4859375 0.38125 0.4296875 0.38125
11 0.1984375 0.3359375 0.278125 0.3359375 0.278125 0.390625 0.1984375 0.390625
3 0.6234375 0.3421875 0.6828125 0.3421875 0.6828125 0.3890625 0.6234375 0.3890625
0 0.7234375 0.34375 0.8 0.34375 0.8 0.3984375 0.7234375 0.3984375
10 0.059375 0.403125 0.1703125 0.403125 0.1703125 0.459375 0.059375 0.459375
9 0.3140625 0.415625 0.3765625 0.415625 0.3765625 0.459375 0.3140625 0.459375
6 0.1984375 0.415625 0.2875 0.415625 0.2875 0.465625 0.1984375 0.465625
3 0.5265625 0.425 0.58125 0.425 0.58125 0.4671875 0.5265625 0.4671875
3 0.6109375 0.5 0.6671875 0.5 0.6671875 0.5390625 0.6109375 0.5390625
9 0.4171875 0.5046875 0.4734375 0.5046875 0.4734375 0.5453125 0.4171875 0.5453125
4 0.709375 0.503125 0.803125 0.503125 0.803125 0.5546875 0.709375 0.5546875
1 0.81875 0.5046875 0.9390625 0.5046875 0.9390625 0.5546875 0.81875 0.5546875
3 0.5109375 0.5703125 0.565625 0.5703125 0.565625 0.6140625 0.5109375 0.6140625
9 0.30625 0.575 0.371875 0.575 0.371875 0.621875 0.30625 0.621875
0 0.615625 0.5734375 0.684375 0.5734375 0.684375 0.6265625 0.615625 0.6265625
6 0.065625 0.5734375 0.1671875 0.5734375 0.1671875 0.6328125 0.065625 0.6328125
7 0.1734375 0.5765625 0.2734375 0.5765625 0.2734375 0.6359375 0.1734375 0.6359375
9 0.409375 0.65625 0.4671875 0.65625 0.4671875 0.70625 0.409375 0.70625
3 0.6140625 0.665625 0.6734375 0.665625 0.6734375 0.7140625 0.6140625 0.7140625
9 0.315625 0.734375 0.371875 0.734375 0.371875 0.790625 0.315625 0.790625
11 0.0703125 0.7296875 0.1703125 0.7296875 0.1703125 0.796875 0.0703125 0.796875
3 0.5203125 0.74375 0.578125 0.74375 0.578125 0.8 0.5203125 0.8
5 0.7171875 0.7375 0.7953125 0.7375 0.7953125 0.8046875 0.7171875 0.8046875
8 0.190625 0.7375 0.271875 0.7375 0.271875 0.8109375 0.190625 0.8109375
2 0.609375 0.74375 0.6734375 0.74375 0.6734375 0.8140625 0.609375 0.8140625
3 0.640625 0.1640625 0.7015625 0.1640625 0.7015625 0.221875 0.640625 0.221875