10 0.5375 0.1421875 0.6125 0.1421875 0.6125 0.2296875 0.5375 0.2296875
4 0.5390625 0.6453125 0.6109375 0.6453125 0.6109375 0.7109375 0.5390625 0.7109375
9 0.540625 0.3375 0.5984375 0.3375 0.5984375 0.384375 0.540625 0.384375
3 0.5328125 0.5015625 0.5890625 0.5015625 0.5890625 0.5421875 0.5328125 0.5421875
1 0.4296875 0.7234375 0.496875 0.7234375 0.496875 0.8125 0.4296875 0.8125
3 0.434375 0.565625 0.4890625 0.565625 0.4890625 0.6078125 0.434375 0.6078125
9 0.4265625 0.41875 0.4796875 0.41875 0.4796875 0.459375 0.4265625 0.459375
7 0.4203125 0.2296875 0.484375 0.2296875 0.484375 0.309375 0.4203125 0.309375
3 0.334375 0.490625 0.3890625 0.490625 0.3890625 0.53125 0.334375 0.53125
9 0.3171875 0.33125 0.3796875 0.33125 0.3796875 0.38125 0.3171875 0.38125
0 0.30625 0.6578125 0.378125 0.6578125 0.378125 0.7203125 0.30625 0.7203125
6 0.303125 0.15 0.375 0.15 0.375 0.2296875 0.303125 0.2296875
3 0.2109375 0.5671875 0.2734375 0.5671875 0.2734375 0.6109375 0.2109375 0.6109375
9 0.203125 0.4203125 0.2671875 0.4203125 0.2671875 0.4640625 0.203125 0.4640625
8 0.190625 0.25 0.275 0.25 0.275 0.3171875 0.190625 0.3171875
2 0.1859375 0.728125 0.2734375 0.728125 0.2734375 0.796875 0.1859375 0.796875
9 0.0890625 0.334375 0.1609375 0.334375 0.1609375 0.378125 0.0890625 0.378125
11 0.0765625 0.1546875 0.165625 0.1546875 0.165625 0.2265625 0.0765625 0.2265625
5 0.0734375 0.6515625 0.1640625 0.6515625 0.1640625 0.709375 0.0734375 0.709375
3 0.078125 0.5 0.1546875 0.5 0.1546875 0.54375 0.078125 0.54375
3 0.865625 0.5796875 0.94375 0.5796875 0.94375 0.6234375 0.865625 0.6234375
5 0.85 0.7265625 0.9453125 0.7265625 0.9453125 0.7921875 0.85 0.7921875
11 0.846875 0.25625 0.94375 0.25625 0.94375 0.315625 0.846875 0.315625
9 0.84375 0.421875 0.928125 0.421875 0.928125 0.465625 0.84375 0.465625
2 0.746875 0.646875 0.8390625 0.646875 0.8390625 0.7109375 0.746875 0.7109375
8 0.7359375 0.16875 0.825 0.16875 0.825 0.2375 0.7359375 0.2375
9 0.7390625 0.3375 0.8109375 0.3375 0.8109375 0.384375 0.7390625 0.384375
3 0.7375 0.503125 0.8078125 0.503125 0.8078125 0.54375 0.7375 0.54375
6 0.646875 0.253125 0.721875 0.253125 0.721875 0.31875 0.646875 0.31875
9 0.646875 0.4234375 0.7125 0.4234375 0.7125 0.4671875 0.646875 0.4671875
0 0.634375 0.73125 0.715625 0.73125 0.715625 0.7984375 0.634375 0.7984375
3 0.6421875 0.571875 0.7015625 0.571875 0.7015625 0.615625 0.6421875 0.615625