3 0.321875 0.7171875 0.3765625 0.7171875 0.3765625 0.7703125 0.321875 0.7703125
3 0.5265625 0.709375 0.5828125 0.709375 0.5828125 0.759375 0.5265625 0.759375
3 0.7453125 0.70625 0.8140625 0.70625 0.8140625 0.7578125 0.7453125 0.7578125
3 0.0828125 0.7 0.1546875 0.7 0.1546875 0.753125 0.0828125 0.753125
3 0.8484375 0.6328125 0.9265625 0.6328125 0.9265625 0.6796875 0.8484375 0.6796875
3 0.2015625 0.628125 0.2703125 0.628125 0.2703125 0.675 0.2015625 0.675
3 0.421875 0.625 0.4765625 0.625 0.4765625 0.671875 0.421875 0.671875
3 0.6359375 0.6234375 0.6984375 0.6234375 0.6984375 0.6703125 0.6359375 0.6703125
1 0.7296875 0.553125 0.8375 0.553125 0.8375 0.6125 0.7296875 0.6125
0 0.5328125 0.5515625 0.596875 0.5515625 0.596875 0.6 0.5328125 0.6
5 0.3015625 0.55 0.3734375 0.55 0.3734375 0.6 0.3015625 0.6
0 0.0625 0.5453125 0.159375 0.5453125 0.159375 0.5953125 0.0625 0.5953125
4 0.8515625 0.4875 0.9671875 0.4875 0.9671875 0.534375 0.8515625 0.534375
2 0.425 0.48125 0.4859375 0.48125 0.4859375 0.528125 0.425 0.528125
5 0.6359375 0.475 0.7125 0.475 0.7125 0.5203125 0.6359375 0.5203125
2 0.175 0.4703125 0.2625 0.4703125 0.2625 0.51875 0.175 0.51875
6 0.5375 0.4109375 0.6015625 0.4109375 0.6015625 0.459375 0.5375 0.459375
11 0.73125 0.4 0.8109375 0.4 0.8109375 0.4484375 0.73125 0.4484375
11 0.30625 0.39375 0.375 0.39375 0.375 0.44375 0.30625 0.44375
7 0.0609375 0.3828125 0.16875 0.3828125 0.16875 0.4390625 0.0609375 0.4390625
8 0.4265625 0.3203125 0.4921875 0.3203125 0.4921875 0.375 0.4265625 0.375
8 0.6359375 0.3109375 0.709375 0.3109375 0.709375 0.3703125 0.6359375 0.3703125
10 0.865625 0.3015625 0.9828125 0.3015625 0.9828125 0.3671875 0.865625 0.3671875
6 0.19375 0.3 0.278125 0.3 0.278125 0.3625 0.19375 0.3625
9 0.5484375 0.24375 0.6046875 0.24375 0.6046875 0.3 0.5484375 0.3
9 0.31875 0.240625 0.378125 0.240625 0.378125 0.296875 0.31875 0.296875
9 0.746875 0.2390625 0.815625 0.2390625 0.815625 0.2921875 0.746875 0.2921875
9 0.0734375 0.23125 0.146875 0.23125 0.146875 0.284375 0.0734375 0.284375
9 0.215625 0.1640625 0.278125 0.1640625 0.278125 0.2234375 0.215625 0.2234375
9 0.6390625 0.159375 0.7015625 0.159375 0.7015625 0.2171875 0.6390625 0.2171875
9 0.840625 0.15625 0.91875 0.15625 0.91875 0.215625 0.840625 0.215625
9 0.434375 0.1546875 0.4859375 0.1546875 0.4859375 0.2125 0.434375 0.2125