3 0.321875 0.7734375 0.384375 0.7734375 0.384375 0.828125 0.321875 0.828125
3 0.3375 0.603125 0.396875 0.603125 0.396875 0.646875 0.3375 0.646875
3 0.346875 0.284375 0.40625 0.284375 0.40625 0.3328125 0.346875 0.3328125
3 0.3515625 0.4515625 0.4078125 0.4515625 0.4078125 0.490625 0.3515625 0.490625
3 0.434375 0.6765625 0.4875 0.6765625 0.4875 0.728125 0.434375 0.728125
3 0.4375 0.525 0.4921875 0.525 0.4921875 0.565625 0.4375 0.565625
3 0.4375 0.1875 0.49375 0.1875 0.49375 0.2453125 0.4375 0.2453125
3 0.4515625 0.375 0.5078125 0.375 0.5078125 0.4171875 0.4515625 0.4171875
9 0.5375 0.6109375 0.5953125 0.6109375 0.5953125 0.6578125 0.5375 0.6578125
9 0.5375 0.7609375 0.596875 0.7609375 0.596875 0.8203125 0.5375 0.8203125
9 0.5375 0.278125 0.603125 0.278125 0.603125 0.328125 0.5375 0.328125
9 0.5484375 0.44375 0.6046875 0.44375 0.6046875 0.484375 0.5484375 0.484375
9 0.646875 0.5296875 0.709375 0.5296875 0.709375 0.571875 0.646875 0.571875
9 0.646875 0.6796875 0.709375 0.6796875 0.709375 0.73125 0.646875 0.73125
9 0.65 0.3625 0.715625 0.3625 0.715625 0.4078125 0.65 0.4078125
9 0.653125 0.1953125 0.715625 0.1953125 0.715625 0.25 0.653125 0.25
6 0.7328125 0.609375 0.8234375 0.609375 0.8234375 0.665625 0.7328125 0.665625
11 0.7390625 0.7625 0.81875 0.7625 0.81875 0.8328125 0.7390625 0.8328125
8 0.734375 0.2671875 0.825 0.2671875 0.825 0.334375 0.734375 0.334375
7 0.746875 0.4359375 0.853125 0.4359375 0.853125 0.4890625 0.746875 0.4890625
8 0.846875 0.68125 0.9390625 0.68125 0.9390625 0.746875 0.846875 0.746875
11 0.85625 0.184375 0.9515625 0.184375 0.9515625 0.253125 0.85625 0.253125
6 0.853125 0.35 0.959375 0.35 0.959375 0.409375 0.853125 0.409375
10 0.8546875 0.53125 0.9703125 0.53125 0.9703125 0.58125 0.8546875 0.58125
0 0.0890625 0.6 0.184375 0.6 0.184375 0.653125 0.0890625 0.653125
1 0.078125 0.44375 0.1984375 0.44375 0.1984375 0.49375 0.078125 0.49375
5 0.096875 0.759375 0.1890625 0.759375 0.1890625 0.8296875 0.096875 0.8296875
2 0.1015625 0.2640625 0.196875 0.2640625 0.196875 0.3296875 0.1015625 0.3296875
0 0.2 0.3515625 0.2890625 0.3515625 0.2890625 0.409375 0.2 0.409375
2 0.2078125 0.6875 0.296875 0.6875 0.296875 0.746875 0.2078125 0.746875
4 0.2078125 0.528125 0.3015625 0.528125 0.3015625 0.5765625 0.2078125 0.5765625
5 0.215625 0.1828125 0.2984375 0.1828125 0.2984375 0.2515625 0.215625 0.2515625