3 0.171875 0.3234375 0.2265625 0.3234375 0.2265625 0.384375 0.171875 0.384375
3 0.3546875 0.3390625 0.396875 0.3390625 0.396875 0.396875 0.3546875 0.396875
3 0.6671875 0.346875 0.715625 0.346875 0.715625 0.40625 0.6671875 0.40625
3 0.509375 0.3515625 0.5484375 0.3515625 0.5484375 0.4078125 0.509375 0.4078125
3 0.271875 0.434375 0.3234375 0.434375 0.3234375 0.4875 0.271875 0.4875
3 0.434375 0.4375 0.475 0.4375 0.475 0.4921875 0.434375 0.4921875
3 0.7546875 0.4375 0.8125 0.4375 0.8125 0.49375 0.7546875 0.49375
3 0.5828125 0.4515625 0.625 0.4515625 0.625 0.5078125 0.5828125 0.5078125
9 0.34375 0.5375 0.390625 0.5375 0.390625 0.5953125 0.34375 0.5953125
9 0.1796875 0.5390625 0.2390625 0.5390625 0.2390625 0.596875 0.1796875 0.596875
9 0.671875 0.5375 0.721875 0.5375 0.721875 0.603125 0.671875 0.603125
9 0.515625 0.5484375 0.55625 0.5484375 0.55625 0.6046875 0.515625 0.6046875
9 0.428125 0.646875 0.4703125 0.646875 0.4703125 0.709375 0.428125 0.709375
9 0.26875 0.646875 0.3203125 0.646875 0.3203125 0.709375 0.26875 0.709375
9 0.5921875 0.65 0.6375 0.65 0.6375 0.715625 0.5921875 0.715625
9 0.75 0.653125 0.8046875 0.653125 0.8046875 0.715625 0.75 0.715625
6 0.3359375 0.7328125 0.390625 0.7328125 0.390625 0.8234375 0.3359375 0.8234375
11 0.1671875 0.7390625 0.2375 0.7390625 0.2375 0.81875 0.1671875 0.81875
8 0.665625 0.734375 0.7328125 0.734375 0.7328125 0.825 0.665625 0.825
7 0.5125 0.746875 0.565625 0.746875 0.565625 0.853125 0.5125 0.853125
8 0.2546875 0.846875 0.3203125 0.846875 0.3203125 0.9390625 0.2546875 0.9390625
11 0.746875 0.85625 0.815625 0.85625 0.815625 0.9515625 0.746875 0.9515625
6 0.590625 0.853125 0.65 0.853125 0.65 0.959375 0.590625 0.959375
10 0.41875 0.8546875 0.46875 0.8546875 0.46875 0.9703125 0.41875 0.9703125
0 0.346875 0.0890625 0.4 0.0890625 0.4 0.184375 0.346875 0.184375
1 0.50625 0.078125 0.5578125 0.078125 0.5578125 0.1984375 0.50625 0.1984375
5 0.171875 0.096875 0.2421875 0.096875 0.2421875 0.1890625 0.171875 0.1890625
2 0.6703125 0.1015625 0.7359375 0.1015625 0.7359375 0.196875 0.6703125 0.196875
0 0.590625 0.2 0.6484375 0.2 0.6484375 0.2890625 0.590625 0.2890625
2 0.253125 0.2078125 0.3140625 0.2078125 0.3140625 0.296875 0.253125 0.296875
4 0.4234375 0.2078125 0.471875 0.2078125 0.471875 0.3015625 0.4234375 0.3015625
5 0.7484375 0.215625 0.8171875 0.215625 0.8171875 0.2984375 0.7484375 0.2984375