9 0.621875 0.28125 0.6796875 0.28125 0.6796875 0.3328125 0.621875 0.3328125
9 0.828125 0.2859375 0.9015625 0.2859375 0.9015625 0.3375 0.828125 0.3375
9 0.415625 0.2875 0.4703125 0.2875 0.4703125 0.3375 0.415625 0.3375
9 0.1953125 0.2890625 0.2625 0.2890625 0.2625 0.3390625 0.1953125 0.3390625
10 0.2921875 0.3515625 0.3734375 0.3515625 0.3734375 0.4109375 0.2921875 0.4109375
6 0.040625 0.35625 0.146875 0.35625 0.146875 0.4125 0.040625 0.4125
6 0.5015625 0.3578125 0.5640625 0.3578125 0.5640625 0.4140625 0.5015625 0.4140625
11 0.7375 0.3734375 0.8140625 0.3734375 0.8140625 0.4234375 0.7375 0.4234375
8 0.175 0.43125 0.2609375 0.43125 0.2609375 0.4828125 0.175 0.4828125
7 0.6171875 0.4328125 0.6921875 0.4328125 0.6921875 0.484375 0.6171875 0.484375
11 0.41875 0.4375 0.4796875 0.4375 0.4796875 0.4828125 0.41875 0.4828125
8 0.8453125 0.4546875 0.9390625 0.4546875 0.9390625 0.5015625 0.8453125 0.5015625
2 0.29375 0.5171875 0.36875 0.5171875 0.36875 0.5640625 0.29375 0.5640625
5 0.7125 0.51875 0.79375 0.51875 0.79375 0.5640625 0.7125 0.5640625
5 0.065625 0.521875 0.1609375 0.521875 0.1609375 0.565625 0.065625 0.565625
4 0.509375 0.521875 0.56875 0.521875 0.56875 0.5703125 0.509375 0.5703125
2 0.821875 0.5890625 0.9171875 0.5890625 0.9171875 0.6390625 0.821875 0.6390625
0 0.615625 0.590625 0.684375 0.590625 0.684375 0.6421875 0.615625 0.6421875
1 0.4125 0.5875 0.48125 0.5875 0.48125 0.65 0.4125 0.65
0 0.1875 0.5984375 0.2703125 0.5984375 0.2703125 0.6515625 0.1875 0.6515625
3 0.090625 0.6640625 0.1640625 0.6640625 0.1640625 0.7140625 0.090625 0.7140625
3 0.3125 0.6671875 0.3703125 0.6671875 0.3703125 0.715625 0.3125 0.715625
3 0.728125 0.6703125 0.7921875 0.6703125 0.7921875 0.7171875 0.728125 0.7171875
3 0.528125 0.6734375 0.5828125 0.6734375 0.5828125 0.721875 0.528125 0.721875
3 0.61875 0.7453125 0.6734375 0.7453125 0.6734375 0.8015625 0.61875 0.8015625
3 0.209375 0.746875 0.271875 0.746875 0.271875 0.803125 0.209375 0.803125
3 0.83125 0.7484375 0.903125 0.7484375 0.903125 0.8046875 0.83125 0.8046875
3 0.4046875 0.7515625 0.4578125 0.7515625 0.4578125 0.80625 0.4046875 0.80625
9 0.728125 0.20625 0.79375 0.20625 0.79375 0.2640625 0.728125 0.2640625
9 0.509375 0.209375 0.565625 0.209375 0.565625 0.265625 0.509375 0.265625
9 0.2921875 0.2109375 0.3515625 0.2109375 0.3515625 0.2625 0.2921875 0.2625
9 0.078125 0.2125 0.1515625 0.2125 0.1515625 0.2671875 0.078125 0.2671875