8 0.615625 0.21875 0.68125 0.21875 0.68125 0.290625 0.615625 0.290625
5 0.4046875 0.228125 0.471875 0.228125 0.471875 0.296875 0.4046875 0.296875
3 0.184375 0.2359375 0.25625 0.2359375 0.25625 0.2921875 0.184375 0.2921875
9 0.8296875 0.2375 0.9046875 0.2375 0.9046875 0.29375 0.8296875 0.29375
6 0.509375 0.315625 0.575 0.315625 0.575 0.3796875 0.509375 0.3796875
9 0.7234375 0.3234375 0.7953125 0.3234375 0.7953125 0.375 0.7234375 0.375
0 0.28125 0.321875 0.3625 0.321875 0.3625 0.38125 0.28125 0.38125
3 0.05 0.33125 0.1328125 0.33125 0.1328125 0.375 0.05 0.375
3 0.184375 0.4109375 0.259375 0.4109375 0.259375 0.4546875 0.184375 0.4546875
1 0.3953125 0.4078125 0.4734375 0.4078125 0.4734375 0.4625 0.3953125 0.4625
7 0.6203125 0.4078125 0.7046875 0.4078125 0.7046875 0.4640625 0.6203125 0.4640625
9 0.8453125 0.415625 0.91875 0.415625 0.91875 0.459375 0.8453125 0.459375
4 0.275 0.4875 0.365625 0.4875 0.365625 0.5390625 0.275 0.5390625
10 0.509375 0.4875 0.578125 0.4875 0.578125 0.5390625 0.509375 0.5390625
3 0.0640625 0.49375 0.1453125 0.49375 0.1453125 0.5375 0.0640625 0.5375
9 0.71875 0.509375 0.790625 0.509375 0.790625 0.5546875 0.71875 0.5546875
0 0.3859375 0.571875 0.4546875 0.571875 0.4546875 0.628125 0.3859375 0.628125
3 0.1921875 0.5796875 0.2640625 0.5796875 0.2640625 0.6265625 0.1921875 0.6265625
9 0.8359375 0.58125 0.9171875 0.58125 0.9171875 0.63125 0.8359375 0.63125
6 0.6171875 0.5796875 0.6921875 0.5796875 0.6921875 0.6375 0.6171875 0.6375
2 0.284375 0.65625 0.359375 0.65625 0.359375 0.725 0.284375 0.725
3 0.0703125 0.665625 0.15 0.665625 0.15 0.71875 0.0703125 0.71875
9 0.73125 0.6671875 0.803125 0.6671875 0.803125 0.721875 0.73125 0.721875
8 0.503125 0.6609375 0.56875 0.6609375 0.56875 0.7296875 0.503125 0.7296875
9 0.840625 0.7421875 0.9203125 0.7421875 0.9203125 0.803125 0.840625 0.803125
5 0.403125 0.7390625 0.4671875 0.7390625 0.4671875 0.809375 0.403125 0.809375
3 0.18125 0.746875 0.25 0.746875 0.25 0.80625 0.18125 0.80625
11 0.615625 0.74375 0.6828125 0.74375 0.6828125 0.8171875 0.615625 0.8171875
9 0.740625 0.125 0.8109375 0.125 0.8109375 0.1890625 0.740625 0.1890625
2 0.2890625 0.1203125 0.365625 0.1203125 0.365625 0.203125 0.2890625 0.203125
11 0.5171875 0.13125 0.584375 0.13125 0.584375 0.2078125 0.5171875 0.2078125
3 0.0734375 0.14375 0.153125 0.14375 0.153125 0.2015625 0.0734375 0.2015625