5 0.875 0.565625 0.9875 0.565625 0.9875 0.6171875 0.875 0.6171875
5 0.1953125 0.803125 0.340625 0.803125 0.340625 0.878125 0.1953125 0.878125
1 0.5328125 0.7546875 0.7328125 0.7546875 0.7328125 0.8296875 0.5328125 0.8296875
4 0.6140625 0.5671875 0.7953125 0.5671875 0.7953125 0.6328125 0.6140625 0.6328125
3 0.5390625 0.6734375 0.653125 0.6734375 0.653125 0.7265625 0.5390625 0.7265625
3 0.721875 0.653125 0.825 0.653125 0.825 0.7 0.721875 0.7
1 0.80625 0.6390625 0.903125 0.6390625 0.903125 0.6828125 0.80625 0.6828125
3 0.88125 0.496875 0.9875 0.496875 0.9875 0.54375 0.88125 0.54375
3 0.4375 0.603125 0.55 0.603125 0.55 0.646875 0.4375 0.646875
3 0.6453125 0.49375 0.7484375 0.49375 0.7484375 0.5421875 0.6453125 0.5421875
2 0.803125 0.5671875 0.9328125 0.5671875 0.9328125 0.6109375 0.803125 0.6109375
2 0.534375 0.409375 0.6765625 0.409375 0.6765625 0.4796875 0.534375 0.4796875
6 0.3265625 0.409375 0.46875 0.409375 0.46875 0.475 0.3265625 0.475
7 0.534375 0.134375 0.7375 0.134375 0.7375 0.2140625 0.534375 0.2140625
10 0.61875 0.334375 0.790625 0.334375 0.790625 0.4 0.61875 0.4
8 0.7375 0.340625 0.871875 0.340625 0.871875 0.3953125 0.7375 0.3953125
8 0.3234375 0.1234375 0.4765625 0.1234375 0.4765625 0.2078125 0.3234375 0.2078125
11 0.1890625 0.21875 0.3265625 0.21875 0.3265625 0.290625 0.1890625 0.290625
11 0.8890625 0.178125 1 0.178125 1 0.2359375 0.8890625 0.2359375
9 0.328125 0.2375 0.44375 0.2375 0.44375 0.290625 0.328125 0.290625
9 0.8875 0.259375 0.990625 0.259375 0.990625 0.3125 0.8875 0.3125
9 0.728125 0.2609375 0.834375 0.2609375 0.834375 0.31875 0.728125 0.31875
9 0.6453125 0.4125 0.75625 0.4125 0.75625 0.4625 0.6453125 0.4625
9 0.2 0.415625 0.321875 0.415625 0.321875 0.478125 0.2 0.478125