4 0.2 0.359375 0.38125 0.359375 0.38125 0.4359375 0.2 0.4359375
2 0.3265625 0.51875 0.46875 0.51875 0.46875 0.590625 0.3265625 0.590625
6 0.5234375 0.5234375 0.6765625 0.5234375 0.6765625 0.59375 0.5234375 0.59375
10 0.203125 0.6046875 0.378125 0.6046875 0.378125 0.6703125 0.203125 0.6703125
8 0.5140625 0.796875 0.6765625 0.796875 0.6765625 0.8703125 0.5140625 0.8703125
7 0.2703125 0.69375 0.4671875 0.69375 0.4671875 0.771875 0.2703125 0.771875
11 0 0.7625 0.1125 0.7625 0.1125 0.825 0 0.825
11 0.671875 0.703125 0.8125 0.703125 0.8125 0.7875 0.671875 0.7875
9 0.559375 0.7078125 0.665625 0.7078125 0.665625 0.7703125 0.559375 0.7703125
9 0.1640625 0.684375 0.2703125 0.684375 0.2703125 0.740625 0.1640625 0.740625
9 0.00625 0.6859375 0.109375 0.6859375 0.109375 0.74375 0.00625 0.74375
9 0.253125 0.5375 0.353125 0.5375 0.353125 0.584375 0.253125 0.584375
9 0.6765625 0.51875 0.7953125 0.51875 0.7953125 0.58125 0.6765625 0.58125
3 0.0140625 0.453125 0.1171875 0.453125 0.1171875 0.5078125 0.0140625 0.5078125
3 0.178125 0.29375 0.2875 0.29375 0.2875 0.346875 0.178125 0.346875
3 0.0921875 0.3109375 0.1953125 0.3109375 0.1953125 0.3640625 0.0921875 0.3640625
3 0.2484375 0.4546875 0.353125 0.4546875 0.353125 0.5109375 0.2484375 0.5109375
3 0.4453125 0.3484375 0.5640625 0.3484375 0.5640625 0.40625 0.4453125 0.40625
3 0.3484375 0.275 0.4640625 0.275 0.4640625 0.328125 0.3484375 0.328125
1 0.2640625 0.16875 0.4703125 0.16875 0.4703125 0.25 0.2640625 0.25
5 0.6625 0.11875 0.80625 0.11875 0.80625 0.203125 0.6625 0.203125