7 0.5046875 0.025 0.9859375 0.025 0.9859375 0.18125 0.5046875 0.18125
1 0.00625 0.025 0.4859375 0.025 0.4859375 0.1921875 0.00625 0.1921875
10 0.5015625 0.2078125 0.95 0.2078125 0.95 0.365625 0.5015625 0.365625
6 0.4984375 0.3875 0.871875 0.3875 0.871875 0.51875 0.4984375 0.51875
8 0.5046875 0.534375 0.8421875 0.534375 0.8421875 0.6859375 0.5046875 0.6859375
11 0.503125 0.7046875 0.7875 0.7046875 0.7875 0.846875 0.503125 0.846875
9 0.5015625 0.8578125 0.753125 0.8578125 0.753125 0.9875 0.5015625 0.9875
9 0 0.2046875 0.453125 0.2046875 0.453125 0.36875 0 0.36875
0 0 0.3890625 0.38125 0.3890625 0.38125 0.5203125 0 0.5203125
2 0.0015625 0.5359375 0.328125 0.5359375 0.328125 0.6859375 0.0015625 0.6859375
5 0 0.7 0.290625 0.7 0.290625 0.85 0 0.85
3 0 0.86875 0.2515625 0.86875 0.2515625 0.984375 0 0.984375