5 0.1265625 0.2015625 0.2015625 0.2015625 0.2015625 0.3390625 0.1265625 0.3390625
1 0.15 0.409375 0.24375 0.409375 0.24375 0.61875 0.15 0.61875
4 0.371875 0.61875 0.434375 0.61875 0.434375 0.796875 0.371875 0.796875
8 0.4625 0.8 0.528125 0.8 0.528125 0.93125 0.4625 0.93125
3 0.45625 0.884375 0.503125 0.884375 0.503125 0.9859375 0.45625 0.9859375
3 0.278125 0.5375 0.3328125 0.5375 0.3328125 0.653125 0.278125 0.653125
3 0.296875 0.721875 0.3546875 0.721875 0.3546875 0.825 0.296875 0.825
3 0.459375 0.64375 0.509375 0.64375 0.509375 0.75 0.459375 0.75
3 0.3453125 0.440625 0.4015625 0.440625 0.4015625 0.5546875 0.3453125 0.5546875
2 0.5296875 0.5375 0.5921875 0.5375 0.5921875 0.6765625 0.5296875 0.6765625
8 0.8 0.328125 0.878125 0.328125 0.878125 0.475 0.8 0.475
10 0.60625 0.625 0.671875 0.625 0.671875 0.79375 0.60625 0.79375
7 0.69375 0.534375 0.7703125 0.534375 0.7703125 0.73125 0.69375 0.73125
9 0.7078125 0.3265625 0.76875 0.3265625 0.76875 0.440625 0.7078125 0.440625
11 0.7109375 0.1875 0.7828125 0.1875 0.7828125 0.325 0.7109375 0.325
11 0.7640625 0.8890625 0.8265625 0.8890625 0.8265625 1 0.7640625 1
9 0.69375 0.8890625 0.746875 0.8890625 0.746875 1 0.69375 1
9 0.534375 0.6421875 0.59375 0.6421875 0.59375 0.7484375 0.534375 0.7484375
9 0.690625 0.721875 0.7375 0.721875 0.7375 0.8359375 0.690625 0.8359375
6 0.528125 0.328125 0.596875 0.328125 0.596875 0.475 0.528125 0.475
9 0.525 0.2046875 0.5828125 0.2046875 0.5828125 0.3234375 0.525 0.3234375