1 0.7296875 0.196875 0.809375 0.196875 0.809375 0.4 0.7296875 0.4
0 0.5671875 0.0859375 0.621875 0.0859375 0.621875 0.2296875 0.5671875 0.2296875
5 0.54375 0.0265625 0.603125 0.0265625 0.603125 0.1453125 0.54375 0.1453125
5 0.484375 0.18125 0.55 0.18125 0.55 0.3046875 0.484375 0.3046875
2 0.409375 0.18125 0.46875 0.18125 0.46875 0.315625 0.409375 0.315625
3 0.3953125 0.128125 0.446875 0.128125 0.446875 0.234375 0.3953125 0.234375
3 0.6609375 0.2875 0.7109375 0.2875 0.7109375 0.39375 0.6609375 0.39375
3 0.5796875 0.48125 0.6328125 0.48125 0.6328125 0.6 0.5796875 0.6
3 0.7109375 0.725 0.771875 0.725 0.771875 0.840625 0.7109375 0.840625
3 0.5109375 0.603125 0.571875 0.603125 0.571875 0.728125 0.5109375 0.728125
2 0.40625 0.6984375 0.4796875 0.6984375 0.4796875 0.8640625 0.40625 0.8640625
7 0.1171875 0.3046875 0.203125 0.3046875 0.203125 0.5109375 0.1171875 0.5109375
11 0.165625 0.01875 0.228125 0.01875 0.228125 0.15 0.165625 0.15
8 0.196875 0.709375 0.278125 0.709375 0.278125 0.871875 0.196875 0.871875
10 0.3078125 0.059375 0.3765625 0.059375 0.3765625 0.240625 0.3078125 0.240625
6 0.15625 0.078125 0.2125 0.078125 0.2125 0.2203125 0.15625 0.2203125
6 0.325 0.35625 0.3859375 0.35625 0.3859375 0.5 0.325 0.5
9 0.478125 0.103125 0.5328125 0.103125 0.5328125 0.215625 0.478125 0.215625
9 0.24375 0.109375 0.303125 0.109375 0.303125 0.225 0.24375 0.225
9 0.23125 0.28125 0.284375 0.28125 0.284375 0.390625 0.23125 0.390625
9 0.225 0.38125 0.2859375 0.38125 0.2859375 0.4921875 0.225 0.4921875
9 0.3265625 0.5 0.3890625 0.5 0.3890625 0.621875 0.3265625 0.621875