1 0.5984375 0.515625 0.7171875 0.515625 0.7171875 0.6 0.5984375 0.6
1 0.03125 0.33125 0.2 0.33125 0.2 0.4375 0.03125 0.4375
2 0.625 0.346875 0.740625 0.346875 0.740625 0.43125 0.625 0.43125
2 0.2765625 0.1921875 0.4046875 0.1921875 0.4046875 0.2890625 0.2765625 0.2890625
4 0.40625 0.7625 0.5125 0.7625 0.5125 0.89375 0.40625 0.89375
5 0.8125 0.759375 0.946875 0.759375 0.946875 0.8671875 0.8125 0.8671875
5 0.0734375 0.1734375 0.2125 0.1734375 0.2125 0.28125 0.0734375 0.28125
7 0.8296875 0.2640625 0.9890625 0.2640625 0.9890625 0.3796875 0.8296875 0.3796875
8 0.825 0.61875 0.95625 0.61875 0.95625 0.703125 0.825 0.703125
8 0.296875 0.5125 0.409375 0.5125 0.409375 0.59375 0.296875 0.59375
8 0.4296875 0.278125 0.521875 0.278125 0.521875 0.3609375 0.4296875 0.3609375
8 0.503125 0.446875 0.603125 0.446875 0.603125 0.51875 0.503125 0.51875
10 0.0625 0.671875 0.2078125 0.671875 0.2078125 0.79375 0.0625 0.79375
11 0.60625 0.690625 0.7015625 0.690625 0.7015625 0.778125 0.60625 0.778125
11 0.3125 0.678125 0.4109375 0.678125 0.4109375 0.771875 0.3125 0.771875