5 0.26875 0.60625 0.334375 0.60625 0.334375 0.6703125 0.26875 0.6703125
5 0.4828125 0.3109375 0.54375 0.3109375 0.54375 0.3953125 0.4828125 0.3953125
1 0.6375 0.5203125 0.703125 0.5203125 0.703125 0.5953125 0.6375 0.5953125
1 0.340625 0.3875 0.415625 0.3875 0.415625 0.484375 0.340625 0.484375
2 0.6375 0.803125 0.715625 0.803125 0.715625 0.896875 0.6375 0.896875
2 0.5625 0.221875 0.6296875 0.221875 0.6296875 0.3125 0.5625 0.3125
11 0.63125 0.6125 0.6984375 0.6125 0.6984375 0.6921875 0.63125 0.6921875
11 0.428125 0.5234375 0.4859375 0.5234375 0.4859375 0.5890625 0.428125 0.5890625
10 0.4734375 0.70625 0.5578125 0.70625 0.5578125 0.8078125 0.4734375 0.8078125
8 0.1953125 0.1390625 0.2796875 0.1390625 0.2796875 0.2234375 0.1953125 0.2234375
8 0.7296875 0.8203125 0.815625 0.8203125 0.815625 0.9125 0.7296875 0.9125
8 0.6421875 0.428125 0.709375 0.428125 0.709375 0.5 0.6421875 0.5
8 0.7109375 0.1125 0.78125 0.1125 0.78125 0.21875 0.7109375 0.21875
7 0.7125 0.5125 0.8 0.5125 0.8 0.6046875 0.7125 0.6046875
4 0.1453125 0.803125 0.25625 0.803125 0.25625 0.9109375 0.1453125 0.9109375