7 0.7765625 0.3546875 0.9109375 0.3546875 0.9109375 0.428125 0.7765625 0.428125
8 0.784375 0.51875 0.89375 0.51875 0.89375 0.5734375 0.784375 0.5734375
8 0.71875 0.6125 0.8234375 0.6125 0.8234375 0.6703125 0.71875 0.6703125
2 0.4 0.5421875 0.475 0.5421875 0.475 0.596875 0.4 0.596875
1 0.5171875 0.69375 0.6171875 0.69375 0.6171875 0.78125 0.5171875 0.78125
4 0.5828125 0.36875 0.6890625 0.36875 0.6890625 0.440625 0.5828125 0.440625
5 0.8125 0.675 0.915625 0.675 0.915625 0.7375 0.8125 0.7375
8 0.0546875 0.709375 0.159375 0.709375 0.159375 0.7734375 0.0546875 0.7734375
8 0.053125 0.553125 0.15 0.553125 0.15 0.6125 0.053125 0.6125
1 0.015625 0.378125 0.1421875 0.378125 0.1421875 0.4515625 0.015625 0.4515625
5 0.059375 0.140625 0.153125 0.140625 0.153125 0.225 0.059375 0.225
2 0.2859375 0.2203125 0.3625 0.2203125 0.3625 0.29375 0.2859375 0.29375
10 0.4703125 0.1171875 0.5609375 0.1171875 0.5609375 0.2265625 0.4703125 0.2265625
11 0.484375 0.2328125 0.5625 0.2328125 0.5625 0.3015625 0.484375 0.3015625
11 0.671875 0.2 0.7609375 0.2 0.7609375 0.275 0.671875 0.275