7 0.665625 0.709375 0.753125 0.709375 0.753125 0.796875 0.665625 0.796875
8 0.75 0.721875 0.825 0.721875 0.825 0.790625 0.75 0.790625
11 0.5953125 0.728125 0.6515625 0.728125 0.6515625 0.803125 0.5953125 0.803125
11 0.6 0.6328125 0.6578125 0.6328125 0.6578125 0.6984375 0.6 0.6984375
10 0.584375 0.825 0.659375 0.825 0.659375 0.9421875 0.584375 0.9421875
1 0.5875 0.5078125 0.6484375 0.5078125 0.6484375 0.571875 0.5875 0.571875
1 0.665625 0.5015625 0.75 0.5015625 0.75 0.5765625 0.665625 0.5765625
4 0.675 0.609375 0.7546875 0.609375 0.7546875 0.6703125 0.675 0.6703125
4 0.75 0.4890625 0.840625 0.4890625 0.840625 0.5609375 0.75 0.5609375
2 0.740625 0.4015625 0.8234375 0.4015625 0.8234375 0.4703125 0.740625 0.4703125
5 0.6640625 0.4140625 0.7265625 0.4140625 0.7265625 0.484375 0.6640625 0.484375
5 0.58125 0.409375 0.6375 0.409375 0.6375 0.478125 0.58125 0.478125
2 0.521875 0.609375 0.575 0.609375 0.575 0.671875 0.521875 0.671875
3 0.521875 0.5171875 0.56875 0.5171875 0.56875 0.5703125 0.521875 0.5703125
9 0.50625 0.421875 0.553125 0.421875 0.553125 0.484375 0.50625 0.484375
8 0.58125 0.309375 0.64375 0.309375 0.64375 0.384375 0.58125 0.384375
8 0.746875 0.290625 0.815625 0.290625 0.815625 0.38125 0.746875 0.38125
8 0.5234375 0.71875 0.58125 0.71875 0.58125 0.7921875 0.5234375 0.7921875
7 0.5203125 0.8265625 0.578125 0.8265625 0.578125 0.9453125 0.5203125 0.9453125
6 0.4421875 0.6015625 0.4984375 0.6015625 0.4984375 0.6703125 0.4421875 0.6703125
6 0.678125 0.803125 0.740625 0.803125 0.740625 0.8859375 0.678125 0.8859375
3 0.7515625 0.83125 0.815625 0.83125 0.815625 0.9015625 0.7515625 0.9015625
10 0.74375 0.6140625 0.83125 0.6140625 0.83125 0.68125 0.74375 0.68125
0 0.671875 0.2984375 0.7296875 0.2984375 0.7296875 0.3734375 0.671875 0.3734375
9 0.515625 0.3015625 0.5625 0.3015625 0.5625 0.3640625 0.515625 0.3640625