7 0.7765625 0.3546875 0.9109375 0.3546875 0.9109375 0.4296875 0.7765625 0.4296875
8 0.7828125 0.51875 0.89375 0.51875 0.89375 0.575 0.7828125 0.575
8 0.71875 0.6125 0.821875 0.6125 0.821875 0.6703125 0.71875 0.6703125
2 0.3984375 0.5421875 0.4734375 0.5421875 0.4734375 0.596875 0.3984375 0.596875
1 0.51875 0.6921875 0.6171875 0.6921875 0.6171875 0.78125 0.51875 0.78125
4 0.5828125 0.36875 0.6890625 0.36875 0.6890625 0.440625 0.5828125 0.440625
5 0.8125 0.675 0.915625 0.675 0.915625 0.740625 0.8125 0.740625
8 0.0546875 0.709375 0.1609375 0.709375 0.1609375 0.775 0.0546875 0.775
8 0.0515625 0.5546875 0.15 0.5546875 0.15 0.6125 0.0515625 0.6125
1 0.015625 0.378125 0.14375 0.378125 0.14375 0.453125 0.015625 0.453125
5 0.059375 0.1390625 0.153125 0.1390625 0.153125 0.2265625 0.059375 0.2265625
2 0.284375 0.2203125 0.3640625 0.2203125 0.3640625 0.2953125 0.284375 0.2953125
10 0.4703125 0.1171875 0.5625 0.1171875 0.5625 0.228125 0.4703125 0.228125
11 0.4828125 0.2328125 0.5625 0.2328125 0.5625 0.303125 0.4828125 0.303125
11 0.671875 0.1984375 0.7609375 0.1984375 0.7609375 0.275 0.671875 0.275