0 0.3171875 0.8109375 0.39375 0.8109375 0.39375 0.9140625 0.3171875 0.9140625
0 0.1015625 0.109375 0.2046875 0.109375 0.2046875 0.2125 0.1015625 0.2125
9 0.109375 0.2484375 0.196875 0.2484375 0.196875 0.3125 0.109375 0.3125
11 0.2875 0.215625 0.3703125 0.215625 0.3703125 0.3078125 0.2875 0.3078125
5 0.409375 0.2140625 0.4765625 0.2140625 0.4765625 0.2984375 0.409375 0.2984375
4 0.6015625 0.1046875 0.6921875 0.1046875 0.6921875 0.2296875 0.6015625 0.2296875
6 0.484375 0.1140625 0.5515625 0.1140625 0.5515625 0.2125 0.484375 0.2125
9 0.8171875 0.1140625 0.8921875 0.1140625 0.8921875 0.190625 0.8171875 0.190625
8 0.209375 0.321875 0.2890625 0.321875 0.2890625 0.40625 0.209375 0.40625
6 0.3171875 0.321875 0.396875 0.321875 0.396875 0.4046875 0.3171875 0.4046875
1 0.5984375 0.3171875 0.6890625 0.3171875 0.6890625 0.4109375 0.5984375 0.4109375
0 0.7171875 0.3515625 0.8 0.3515625 0.8 0.4359375 0.7171875 0.4359375
5 0.7890625 0.321875 0.8859375 0.321875 0.8859375 0.39375 0.7890625 0.39375
5 0.103125 0.415625 0.20625 0.415625 0.20625 0.4953125 0.103125 0.4953125
11 0.2109375 0.4421875 0.2953125 0.4421875 0.2953125 0.5140625 0.2109375 0.5140625
10 0.5046875 0.44375 0.5875 0.44375 0.5875 0.5203125 0.5046875 0.5203125
9 0.4390625 0.5453125 0.4953125 0.5453125 0.4953125 0.603125 0.4390625 0.603125
9 0.609375 0.525 0.675 0.525 0.675 0.590625 0.609375 0.590625
4 0.78125 0.51875 0.909375 0.51875 0.909375 0.6171875 0.78125 0.6171875
1 0.0859375 0.553125 0.209375 0.553125 0.209375 0.64375 0.0859375 0.64375
8 0.221875 0.6296875 0.30625 0.6296875 0.30625 0.7125 0.221875 0.7125
10 0.4109375 0.6328125 0.4984375 0.6328125 0.4984375 0.734375 0.4109375 0.734375
2 0.509375 0.6296875 0.5890625 0.6296875 0.5890625 0.7140625 0.509375 0.7140625
7 0.60625 0.61875 0.703125 0.61875 0.703125 0.721875 0.60625 0.721875
2 0.7859375 0.809375 0.8890625 0.809375 0.8890625 0.90625 0.7859375 0.90625
7 0.6109375 0.8171875 0.709375 0.8171875 0.709375 0.946875 0.6109375 0.946875
6 0.4046875 0.8140625 0.475 0.8140625 0.475 0.9171875 0.4046875 0.9171875
8 0.496875 0.8265625 0.5796875 0.8265625 0.5796875 0.9328125 0.496875 0.9328125
8 0.08125 0.825 0.1875 0.825 0.1875 0.9359375 0.08125 0.9359375
6 0.2140625 0.8109375 0.29375 0.8109375 0.29375 0.9078125 0.2140625 0.9078125
5 0.1171875 0.728125 0.20625 0.728125 0.20625 0.821875 0.1171875 0.821875