11 0.5046875 0.528125 0.58125 0.528125 0.58125 0.596875 0.5046875 0.596875
11 0.68125 0.421875 0.76875 0.421875 0.76875 0.5 0.68125 0.5
10 0.5078125 0.709375 0.5921875 0.709375 0.5921875 0.8203125 0.5078125 0.8203125
10 0.28125 0.09375 0.39375 0.09375 0.39375 0.23125 0.28125 0.23125
9 0.13125 0.74375 0.2015625 0.74375 0.2015625 0.8125 0.13125 0.8125
9 0.6171875 0.6109375 0.6796875 0.6109375 0.6796875 0.6734375 0.6171875 0.6734375
9 0.109375 0.2390625 0.19375 0.2390625 0.19375 0.315625 0.109375 0.315625
9 0.8015625 0.215625 0.8875 0.215625 0.8875 0.29375 0.8015625 0.29375
8 0.796875 0.8 0.896875 0.8 0.896875 0.896875 0.796875 0.896875
8 0.678125 0.7015625 0.771875 0.7015625 0.771875 0.7875 0.678125 0.7875
8 0.4 0.709375 0.4859375 0.709375 0.4859375 0.828125 0.4 0.828125
8 0.115625 0.3421875 0.2 0.3421875 0.2 0.4328125 0.115625 0.4328125
7 0.39375 0.321875 0.4875 0.321875 0.4875 0.415625 0.39375 0.415625
7 0.475 0.1140625 0.5734375 0.1140625 0.5734375 0.2375 0.475 0.2375
6 0.803125 0.6109375 0.896875 0.6109375 0.896875 0.6984375 0.803125 0.6984375
6 0.503125 0.6203125 0.584375 0.6203125 0.584375 0.7046875 0.503125 0.7046875
6 0.4953125 0.440625 0.5734375 0.440625 0.5734375 0.515625 0.4953125 0.515625
6 0.20625 0.4515625 0.296875 0.4515625 0.296875 0.5328125 0.20625 0.5328125
5 0.321875 0.5328125 0.396875 0.5328125 0.396875 0.6109375 0.321875 0.6109375
5 0.79375 0.4375 0.89375 0.4375 0.89375 0.5109375 0.79375 0.5109375
5 0.796875 0.1125 0.8890625 0.1125 0.8890625 0.2015625 0.796875 0.2015625
5 0.0796875 0.1234375 0.19375 0.1234375 0.19375 0.228125 0.0796875 0.228125
4 0.31875 0.61875 0.415625 0.61875 0.415625 0.715625 0.31875 0.715625
4 0.5953125 0.09375 0.68125 0.09375 0.68125 0.20625 0.5953125 0.20625
2 0.2203125 0.63125 0.296875 0.63125 0.296875 0.71875 0.2203125 0.71875
2 0.603125 0.234375 0.6984375 0.234375 0.6984375 0.3234375 0.603125 0.3234375
1 0.3078125 0.425 0.4109375 0.425 0.4109375 0.51875 0.3078125 0.51875
1 0.1875 0.3375 0.296875 0.3375 0.296875 0.4296875 0.1875 0.4296875
0 0.5953125 0.8125 0.6796875 0.8125 0.6796875 0.9171875 0.5953125 0.9171875
0 0.209375 0.725 0.296875 0.725 0.296875 0.8125 0.209375 0.8125
0 0.0796875 0.5375 0.1796875 0.5375 0.1796875 0.6140625 0.0796875 0.6140625