2 0.5828125 0.6828125 0.6515625 0.6828125 0.6515625 0.7703125 0.5828125 0.7703125
2 0.415625 0.2109375 0.48125 0.2109375 0.48125 0.30625 0.415625 0.30625
1 0.16875 0.0828125 0.271875 0.0828125 0.271875 0.215625 0.16875 0.215625
4 0.4125 0.090625 0.48125 0.090625 0.48125 0.2109375 0.4125 0.2109375
4 0.4390625 0.675 0.5015625 0.675 0.5015625 0.7859375 0.4390625 0.7859375
1 0.434375 0.4046875 0.5 0.4046875 0.5 0.4984375 0.434375 0.4984375
0 0.2140625 0.5140625 0.30625 0.5140625 0.30625 0.6 0.2140625 0.6
5 0.6375 0.40625 0.709375 0.40625 0.709375 0.4828125 0.6375 0.4828125
5 0.5109375 0.775 0.571875 0.775 0.571875 0.86875 0.5109375 0.86875
7 0.703125 0.5703125 0.8046875 0.5703125 0.8046875 0.665625 0.703125 0.665625
8 0.5484375 0.0890625 0.6125 0.0890625 0.6125 0.209375 0.5484375 0.209375
8 0.56875 0.2953125 0.6265625 0.2953125 0.6265625 0.390625 0.56875 0.390625
8 0.3703125 0.7734375 0.43125 0.7734375 0.43125 0.8859375 0.3703125 0.8859375
10 0.3625 0.503125 0.428125 0.503125 0.428125 0.5875 0.3625 0.5875
10 0.190625 0.3109375 0.2859375 0.3109375 0.2859375 0.4109375 0.190625 0.4109375
8 0.2265625 0.696875 0.309375 0.696875 0.309375 0.796875 0.2265625 0.796875