0 0.83125 0.465625 0.9375 0.465625 0.9375 0.5265625 0.83125 0.5265625
1 0.246875 0.25625 0.3734375 0.25625 0.3734375 0.359375 0.246875 0.359375
2 0.35625 0.6390625 0.465625 0.6390625 0.465625 0.7140625 0.35625 0.7140625
2 0.49375 0.715625 0.5765625 0.715625 0.5765625 0.8 0.49375 0.8
4 0.8015625 0.815625 0.940625 0.815625 0.940625 0.94375 0.8015625 0.94375
4 0.7109375 0.2609375 0.8265625 0.2609375 0.8265625 0.3671875 0.7109375 0.3671875
5 0.84375 0.165625 0.9546875 0.165625 0.9546875 0.2625 0.84375 0.2625
5 0.271875 0.3703125 0.371875 0.3703125 0.371875 0.4375 0.271875 0.4375
6 0.25625 0.54375 0.359375 0.54375 0.359375 0.6 0.25625 0.6
6 0.396875 0.46875 0.478125 0.46875 0.478125 0.5265625 0.396875 0.5265625
7 0.115625 0.4375 0.2671875 0.4375 0.2671875 0.509375 0.115625 0.509375
7 0.475 0.5421875 0.575 0.5421875 0.575 0.6140625 0.475 0.6140625
8 0.7125 0.6375 0.80625 0.6375 0.80625 0.715625 0.7125 0.715625
8 0.596875 0.2796875 0.6875 0.2796875 0.6875 0.359375 0.596875 0.359375
8 0.2609375 0.1875 0.36875 0.1875 0.36875 0.271875 0.2609375 0.271875
10 0.2125 0.7 0.353125 0.7 0.353125 0.803125 0.2125 0.803125
10 0.475 0.79375 0.578125 0.79375 0.578125 0.915625 0.475 0.915625
11 0.36875 0.2671875 0.4625 0.2671875 0.4625 0.35 0.36875 0.35
11 0.6921875 0.48125 0.790625 0.48125 0.790625 0.546875 0.6921875 0.546875