0 0.2125 0.578125 0.275 0.578125 0.275 0.646875 0.2125 0.646875
0 0.3 0.2703125 0.35625 0.2703125 0.35625 0.3296875 0.3 0.3296875
0 0.4390625 0.1671875 0.515625 0.1671875 0.515625 0.2375 0.4390625 0.2375
1 0.459375 0.6546875 0.515625 0.6546875 0.515625 0.7359375 0.459375 0.7359375
1 0.596875 0.421875 0.66875 0.421875 0.66875 0.4859375 0.596875 0.4859375
2 0.3671875 0.271875 0.4234375 0.271875 0.4234375 0.340625 0.3671875 0.340625
2 0.675 0.5734375 0.7390625 0.5734375 0.7390625 0.6359375 0.675 0.6359375
4 0.6109375 0.73125 0.684375 0.73125 0.684375 0.821875 0.6109375 0.821875
4 0.2890625 0.34375 0.3703125 0.34375 0.3703125 0.41875 0.2890625 0.41875
5 0.45 0.73125 0.525 0.73125 0.525 0.8125 0.45 0.8125
5 0.7609375 0.5140625 0.8359375 0.5140625 0.8359375 0.578125 0.7609375 0.578125
5 0.4453125 0.35 0.51875 0.35 0.51875 0.41875 0.4453125 0.41875
5 0.759375 0.175 0.84375 0.175 0.84375 0.2484375 0.759375 0.2484375
11 0.7546875 0.340625 0.83125 0.340625 0.83125 0.409375 0.7546875 0.409375
11 0.4453125 0.5078125 0.5 0.5078125 0.5 0.5625 0.4453125 0.5625
10 0.2859375 0.5046875 0.3640625 0.5046875 0.3640625 0.58125 0.2859375 0.58125
10 0.6734375 0.2421875 0.765625 0.2421875 0.765625 0.334375 0.6734375 0.334375
9 0.771875 0.73125 0.84375 0.73125 0.84375 0.8 0.771875 0.8
9 0.3921875 0.590625 0.4515625 0.590625 0.4515625 0.65 0.3921875 0.65
9 0.278125 0.203125 0.3453125 0.203125 0.3453125 0.259375 0.278125 0.259375
9 0.6734375 0.1859375 0.7421875 0.1859375 0.7421875 0.2484375 0.6734375 0.2484375
8 0.2203125 0.7421875 0.3 0.7421875 0.3 0.8171875 0.2203125 0.8171875
8 0.2828125 0.41875 0.35625 0.41875 0.35625 0.4859375 0.2828125 0.4859375
8 0.528125 0.728125 0.596875 0.728125 0.596875 0.8015625 0.528125 0.8015625
8 0.590625 0.1875 0.659375 0.1875 0.659375 0.2640625 0.590625 0.2640625
7 0.596875 0.5734375 0.66875 0.5734375 0.66875 0.646875 0.596875 0.646875
7 0.6734375 0.4078125 0.7546875 0.4078125 0.7546875 0.4890625 0.6734375 0.4890625
6 0.3859375 0.7359375 0.44375 0.7359375 0.44375 0.8171875 0.3859375 0.8171875
6 0.4453125 0.4328125 0.503125 0.4328125 0.503125 0.4890625 0.4453125 0.4890625
6 0.5140625 0.2546875 0.578125 0.2546875 0.578125 0.3359375 0.5140625 0.3359375
6 0.521875 0.4875 0.5921875 0.4875 0.5921875 0.55625 0.521875 0.55625