7 0.746875 0.6015625 0.93125 0.6015625 0.93125 0.8203125 0.746875 0.8203125
7 0.771875 0.253125 0.9671875 0.253125 0.9671875 0.403125 0.771875 0.403125
6 0.175 0.6 0.3078125 0.6 0.3078125 0.759375 0.175 0.759375
8 0.4671875 0.43125 0.571875 0.43125 0.571875 0.571875 0.4671875 0.571875
5 0.3421875 0.45 0.4421875 0.45 0.4421875 0.584375 0.3421875 0.584375
5 0.753125 0.446875 0.8828125 0.446875 0.8828125 0.590625 0.753125 0.590625
5 0.6484375 0.2765625 0.76875 0.2765625 0.76875 0.4015625 0.6484375 0.4015625
4 0.1296875 0.4421875 0.3140625 0.4421875 0.3140625 0.6125 0.1296875 0.6125
4 0.4875 0.246875 0.6109375 0.246875 0.6109375 0.39375 0.4875 0.39375
1 0.3234375 0.23125 0.45625 0.23125 0.45625 0.40625 0.3234375 0.40625
0 0.3328125 0.6125 0.4296875 0.6125 0.4296875 0.759375 0.3328125 0.759375
2 0.1875 0.2328125 0.321875 0.2328125 0.321875 0.3828125 0.1875 0.3828125
10 0.628125 0.4328125 0.78125 0.4328125 0.78125 0.59375 0.628125 0.59375
10 0.48125 0.5984375 0.590625 0.5984375 0.590625 0.8015625 0.48125 0.8015625