11 0.3140625 0.2875 0.3953125 0.2875 0.3953125 0.346875 0.3140625 0.346875
1 0.078125 0.4546875 0.2234375 0.4546875 0.2234375 0.5109375 0.078125 0.5109375
5 0.08125 0.2 0.1890625 0.2 0.1890625 0.2703125 0.08125 0.2703125
5 0.2125 0.2109375 0.30625 0.2109375 0.30625 0.275 0.2125 0.275
2 0.1296875 0.603125 0.2296875 0.603125 0.2296875 0.6671875 0.1296875 0.6671875
2 0.096875 0.2859375 0.20625 0.2859375 0.20625 0.3515625 0.096875 0.3515625
3 0.528125 0.4796875 0.59375 0.4796875 0.59375 0.5203125 0.528125 0.5203125
6 0.1046875 0.7515625 0.215625 0.7515625 0.215625 0.821875 0.1046875 0.821875
6 0.1109375 0.396875 0.2125 0.396875 0.2125 0.434375 0.1109375 0.434375
10 0.5234375 0.2109375 0.6171875 0.2109375 0.6171875 0.2890625 0.5234375 0.2890625
10 0.203125 0.68125 0.33125 0.68125 0.33125 0.7625 0.203125 0.7625
8 0.109375 0.5296875 0.215625 0.5296875 0.215625 0.590625 0.109375 0.590625
9 0.45 0.21875 0.509375 0.21875 0.509375 0.271875 0.45 0.271875
8 0.3984375 0.7671875 0.4984375 0.7671875 0.4984375 0.8328125 0.3984375 0.8328125
8 0.8640625 0.2015625 0.9703125 0.2015625 0.9703125 0.2703125 0.8640625 0.2703125
7 0.859375 0.2875 0.984375 0.2875 0.984375 0.365625 0.859375 0.365625
9 0.7515625 0.215625 0.8328125 0.215625 0.8328125 0.2703125 0.7515625 0.2703125
11 0.653125 0.196875 0.7375 0.196875 0.7375 0.26875 0.653125 0.26875
4 0.625 0.2828125 0.71875 0.2828125 0.71875 0.35 0.625 0.35
0 0.75625 0.2953125 0.834375 0.2953125 0.834375 0.35625 0.75625 0.35625
7 0.61875 0.775 0.7109375 0.775 0.7109375 0.88125 0.61875 0.88125
8 0.7234375 0.7828125 0.8078125 0.7828125 0.8078125 0.871875 0.7234375 0.871875
4 0.728125 0.7015625 0.81875 0.7015625 0.81875 0.7921875 0.728125 0.7921875
1 0.828125 0.6921875 0.940625 0.6921875 0.940625 0.7921875 0.828125 0.7921875
3 0.81875 0.7875 0.89375 0.7875 0.89375 0.846875 0.81875 0.846875