6 0.771875 0.7546875 0.8625 0.7546875 0.8625 0.8390625 0.771875 0.8390625
4 0.7515625 0.665625 0.8578125 0.665625 0.8578125 0.75625 0.7515625 0.75625
1 0.5796875 0.6640625 0.6625 0.6640625 0.6625 0.7625 0.5796875 0.7625
7 0.49375 0.75 0.5671875 0.75 0.5671875 0.85625 0.49375 0.85625
4 0.1125 0.7546875 0.2203125 0.7546875 0.2203125 0.86875 0.1125 0.86875
2 0.1328125 0.65625 0.2171875 0.65625 0.2171875 0.7375 0.1328125 0.7375
9 0.4171875 0.6578125 0.471875 0.6578125 0.471875 0.7203125 0.4171875 0.7203125
9 0.3140625 0.6765625 0.3703125 0.6765625 0.3703125 0.7390625 0.3140625 0.7390625
5 0.590625 0.575 0.65625 0.575 0.65625 0.646875 0.590625 0.646875
10 0.3 0.5 0.384375 0.5 0.384375 0.58125 0.3 0.58125
11 0.4921875 0.4875 0.55 0.4875 0.55 0.55 0.4921875 0.55
9 0.59375 0.421875 0.64375 0.421875 0.64375 0.471875 0.59375 0.471875
9 0.4171875 0.4125 0.4703125 0.4125 0.4703125 0.46875 0.4171875 0.46875
8 0.775 0.4 0.8640625 0.4 0.8640625 0.4640625 0.775 0.4640625
0 0.6859375 0.484375 0.753125 0.484375 0.753125 0.55 0.6859375 0.55
8 0.23125 0.4203125 0.309375 0.4203125 0.309375 0.4921875 0.23125 0.4921875
7 0.10625 0.409375 0.221875 0.409375 0.221875 0.496875 0.10625 0.496875
8 0.3125 0.315625 0.3828125 0.315625 0.3828125 0.3875 0.3125 0.3875
0 0.2203125 0.309375 0.2953125 0.309375 0.2953125 0.384375 0.2203125 0.384375
11 0.503125 0.321875 0.5609375 0.321875 0.5609375 0.3875 0.503125 0.3875
8 0.5828125 0.240625 0.65625 0.240625 0.65625 0.3203125 0.5828125 0.3203125
6 0.6734375 0.33125 0.753125 0.33125 0.753125 0.4 0.6734375 0.4
5 0.765625 0.221875 0.8546875 0.221875 0.8546875 0.296875 0.765625 0.296875
5 0.7765625 0.1296875 0.8609375 0.1296875 0.8609375 0.2140625 0.7765625 0.2140625
1 0.678125 0.0953125 0.76875 0.0953125 0.76875 0.2140625 0.678125 0.2140625
6 0.596875 0.121875 0.6671875 0.121875 0.6671875 0.2125 0.596875 0.2125
2 0.3984375 0.125 0.4796875 0.125 0.4796875 0.21875 0.3984375 0.21875
5 0.2984375 0.2203125 0.3796875 0.2203125 0.3796875 0.3 0.2984375 0.3
0 0.2328125 0.1125 0.3125 0.1125 0.3125 0.20625 0.2328125 0.20625
6 0.321875 0.125 0.390625 0.125 0.390625 0.209375 0.321875 0.209375
10 0.1078125 0.1953125 0.221875 0.1953125 0.221875 0.2984375 0.1078125 0.2984375