7 0.54375 0.7328125 0.609375 0.7328125 0.609375 0.8234375 0.54375 0.8234375
3 0.40625 0.7421875 0.475 0.7421875 0.475 0.828125 0.40625 0.828125
9 0.259375 0.6484375 0.3234375 0.6484375 0.3234375 0.7359375 0.259375 0.7359375
3 0.3359375 0.653125 0.3921875 0.653125 0.3921875 0.7375 0.3359375 0.7375
11 0.4125 0.653125 0.465625 0.653125 0.465625 0.73125 0.4125 0.73125
9 0.4671875 0.646875 0.5359375 0.646875 0.5359375 0.734375 0.4671875 0.734375
3 0.5453125 0.65 0.6046875 0.65 0.6046875 0.725 0.5453125 0.725
6 0.6140625 0.6453125 0.6796875 0.6453125 0.6796875 0.7359375 0.6140625 0.7359375
5 0.678125 0.6328125 0.75 0.6328125 0.75 0.73125 0.678125 0.73125
6 0.753125 0.646875 0.821875 0.646875 0.821875 0.73125 0.753125 0.73125
9 0.534375 0.5515625 0.5984375 0.5515625 0.5984375 0.640625 0.534375 0.640625
9 0.46875 0.4609375 0.53125 0.4609375 0.53125 0.5421875 0.46875 0.5421875
9 0.2453125 0.28125 0.3171875 0.28125 0.3171875 0.371875 0.2453125 0.371875
5 0.3265625 0.2796875 0.3921875 0.2796875 0.3921875 0.3703125 0.3265625 0.3703125
0 0.396875 0.2828125 0.4640625 0.2828125 0.4640625 0.365625 0.396875 0.365625
5 0.4703125 0.2796875 0.5328125 0.2796875 0.5328125 0.371875 0.4703125 0.371875
8 0.5453125 0.28125 0.6046875 0.28125 0.6046875 0.365625 0.5453125 0.365625
10 0.609375 0.26875 0.6765625 0.26875 0.6765625 0.371875 0.609375 0.371875
4 0.7 0.2828125 0.7484375 0.2828125 0.7484375 0.359375 0.7 0.359375
1 0.771875 0.271875 0.8171875 0.271875 0.8171875 0.3578125 0.771875 0.3578125
10 0.246875 0.1953125 0.31875 0.1953125 0.31875 0.275 0.246875 0.275
11 0.321875 0.1828125 0.3875 0.1828125 0.3875 0.271875 0.321875 0.271875
1 0.3984375 0.1875 0.459375 0.1875 0.459375 0.275 0.3984375 0.275
5 0.471875 0.1796875 0.5265625 0.1796875 0.5265625 0.2640625 0.471875 0.2640625
2 0.5390625 0.1796875 0.60625 0.1796875 0.60625 0.2640625 0.5390625 0.2640625
6 0.621875 0.1921875 0.6765625 0.1921875 0.6765625 0.2703125 0.621875 0.2703125
8 0.684375 0.1703125 0.74375 0.1703125 0.74375 0.26875 0.684375 0.26875
4 0.7609375 0.1921875 0.8203125 0.1921875 0.8203125 0.2609375 0.7609375 0.2609375
7 0.2453125 0.1 0.309375 0.1 0.309375 0.184375 0.2453125 0.184375
0 0.3234375 0.090625 0.384375 0.090625 0.384375 0.16875 0.3234375 0.16875
0 0.3953125 0.090625 0.4453125 0.090625 0.4453125 0.1640625 0.3953125 0.1640625
3 0.46875 0.0984375 0.5265625 0.0984375 0.5265625 0.1671875 0.46875 0.1671875
2 0.5390625 0.0828125 0.596875 0.0828125 0.596875 0.1671875 0.5390625 0.1671875
6 0.6125 0.09375 0.6625 0.09375 0.6625 0.1765625 0.6125 0.1765625
8 0.68125 0.084375 0.746875 0.084375 0.746875 0.1703125 0.68125 0.1703125
8 0.746875 0.078125 0.8078125 0.078125 0.8078125 0.1703125 0.746875 0.1703125
7 0.2125 0.03125 0.3125 0.03125 0.3125 0.175 0.2125 0.175
7 0.5453125 0.7359375 0.6203125 0.7359375 0.6203125 0.8671875 0.5453125 0.8671875
6 0.7578125 0.6546875 0.8328125 0.6546875 0.8328125 0.7453125 0.7578125 0.7453125
6 0.625 0.08125 0.6875 0.08125 0.6875 0.18125 0.625 0.18125
6 0.61875 0.190625 0.690625 0.190625 0.690625 0.284375 0.61875 0.284375
8 0.7671875 0.0609375 0.8640625 0.0609375 0.8640625 0.171875 0.7671875 0.171875
8 0.68125 0.06875 0.75625 0.06875 0.75625 0.175 0.68125 0.175
8 0.6875 0.1578125 0.759375 0.1578125 0.759375 0.265625 0.6875 0.265625
9 0.253125 0.6640625 0.3140625 0.6640625 0.3140625 0.7484375 0.253125 0.7484375
10 0.6109375 0.265625 0.7046875 0.265625 0.7046875 0.375 0.6109375 0.375
11 0.3984375 0.6609375 0.4609375 0.6609375 0.4609375 0.75 0.3984375 0.75
11 0.3125 0.1484375 0.378125 0.1484375 0.378125 0.2484375 0.3125 0.2484375
10 0.23125 0.159375 0.321875 0.159375 0.321875 0.2796875 0.23125 0.2796875