1 0.284375 0.1078125 0.475 0.1078125 0.475 0.3234375 0.284375 0.3234375
4 0.0484375 0.0875 0.2859375 0.0875 0.2859375 0.3234375 0.0484375 0.3234375
4 0.728125 0.4125 0.9875 0.4125 0.9875 0.6578125 0.728125 0.6578125
2 0.3421875 0.35625 0.4828125 0.35625 0.4828125 0.5125 0.3421875 0.5125
2 0.371875 0.6125 0.5 0.6125 0.5 0.8375 0.371875 0.8375
10 0.671875 0.5828125 0.8890625 0.5828125 0.8890625 0.8859375 0.671875 0.8859375
10 0.134375 0.6046875 0.3421875 0.6046875 0.3421875 0.9234375 0.134375 0.9234375
7 0.0390625 0.371875 0.3 0.371875 0.3 0.6015625 0.0390625 0.6015625
7 0.678125 0.134375 0.934375 0.134375 0.934375 0.35 0.678125 0.35
8 0.546875 0.615625 0.6828125 0.615625 0.6828125 0.821875 0.546875 0.821875
8 0.5359375 0.3703125 0.675 0.3703125 0.675 0.54375 0.5359375 0.54375
5 0.5296875 0.128125 0.6703125 0.128125 0.6703125 0.3015625 0.5296875 0.3015625