9 0.7703125 0.7921875 0.8421875 0.7921875 0.8421875 0.8734375 0.7703125 0.8734375
9 0.409375 0.778125 0.471875 0.778125 0.471875 0.859375 0.409375 0.859375
9 0.5 0.6765625 0.559375 0.6765625 0.559375 0.7484375 0.5 0.7484375
9 0.784375 0.6109375 0.85625 0.6109375 0.85625 0.6828125 0.784375 0.6828125
9 0.240625 0.665625 0.30625 0.665625 0.30625 0.734375 0.240625 0.734375
9 0.503125 0.5890625 0.571875 0.5890625 0.571875 0.6546875 0.503125 0.6546875
9 0.7734375 0.51875 0.8484375 0.51875 0.8484375 0.59375 0.7734375 0.59375
9 0.6859375 0.41875 0.753125 0.41875 0.753125 0.48125 0.6859375 0.48125
9 0.59375 0.428125 0.665625 0.428125 0.665625 0.4875 0.59375 0.4875
9 0.128125 0.4015625 0.203125 0.4015625 0.203125 0.4640625 0.128125 0.4640625
9 0.240625 0.3140625 0.30625 0.3140625 0.30625 0.3765625 0.240625 0.3765625
9 0.503125 0.228125 0.559375 0.228125 0.559375 0.29375 0.503125 0.29375
9 0.8140625 0.1 0.8859375 0.1 0.8859375 0.1796875 0.8140625 0.1796875
9 0.3078125 0.0984375 0.3765625 0.0984375 0.3765625 0.1734375 0.3078125 0.1734375
9 0.1328125 0.0890625 0.2171875 0.0890625 0.2171875 0.178125 0.1328125 0.178125
9 0.496875 0.4046875 0.575 0.4046875 0.575 0.4765625 0.496875 0.4765625
3 0.596875 0.7890625 0.653125 0.7890625 0.653125 0.8578125 0.596875 0.8578125
3 0.140625 0.759375 0.209375 0.759375 0.209375 0.83125 0.140625 0.83125
3 0.3109375 0.65625 0.3765625 0.65625 0.3765625 0.721875 0.3109375 0.721875
3 0.6625 0.6 0.721875 0.6 0.721875 0.6625 0.6625 0.6625
3 0.403125 0.4890625 0.46875 0.4890625 0.46875 0.5484375 0.403125 0.5484375
3 0.228125 0.4 0.296875 0.4 0.296875 0.45625 0.228125 0.45625
3 0.6921875 0.3078125 0.7609375 0.3078125 0.7609375 0.3671875 0.6921875 0.3671875
3 0.5015625 0.3125 0.5640625 0.3125 0.5640625 0.38125 0.5015625 0.38125
3 0.340625 0.3125 0.409375 0.3125 0.409375 0.375 0.340625 0.375
3 0.8046875 0.2234375 0.8765625 0.2234375 0.8765625 0.2859375 0.8046875 0.2859375
3 0.1296875 0.234375 0.20625 0.234375 0.20625 0.3015625 0.1296875 0.3015625
3 0.7046875 0.1109375 0.7703125 0.1109375 0.7703125 0.184375 0.7046875 0.184375
3 0.621875 0.1140625 0.684375 0.1140625 0.684375 0.1875 0.621875 0.1875
3 0.521875 0.10625 0.584375 0.10625 0.584375 0.18125 0.521875 0.18125
3 0.4484375 0.09375 0.5109375 0.09375 0.5109375 0.16875 0.4484375 0.16875
0 0.684375 0.78125 0.7625 0.78125 0.7625 0.875 0.684375 0.875
0 0.584375 0.6921875 0.653125 0.6921875 0.653125 0.7703125 0.584375 0.7703125
0 0.490625 0.759375 0.5640625 0.759375 0.5640625 0.878125 0.490625 0.878125
1 0.603125 0.3140625 0.678125 0.3140625 0.678125 0.3921875 0.603125 0.3921875
4 0.771875 0.6953125 0.8671875 0.6953125 0.8671875 0.8078125 0.771875 0.8078125
4 0.678125 0.5 0.7609375 0.5 0.7609375 0.5875 0.678125 0.5875
4 0.5890625 0.50625 0.6546875 0.50625 0.6546875 0.58125 0.5890625 0.58125
2 0.671875 0.6953125 0.7578125 0.6953125 0.7578125 0.7859375 0.671875 0.7859375
2 0.584375 0.596875 0.6546875 0.596875 0.6546875 0.675 0.584375 0.675
2 0.4921875 0.5 0.5609375 0.5 0.5609375 0.58125 0.4921875 0.58125
2 0.3953125 0.4140625 0.4671875 0.4140625 0.4671875 0.4796875 0.3953125 0.4796875
5 0.796875 0.4140625 0.8859375 0.4140625 0.8859375 0.4890625 0.796875 0.4890625
5 0.8015625 0.328125 0.8875 0.328125 0.8875 0.396875 0.8015625 0.396875
5 0.4109375 0.3 0.4796875 0.3 0.4796875 0.3703125 0.4109375 0.3703125
5 0.7046875 0.2125 0.7765625 0.2125 0.7765625 0.2875 0.7046875 0.2875
5 0.609375 0.2125 0.678125 0.2125 0.678125 0.2875 0.609375 0.2875
5 0.4203125 0.20625 0.4921875 0.20625 0.4921875 0.2875 0.4203125 0.2875