1 0.5109375 0.225 0.5953125 0.225 0.5953125 0.31875 0.5109375 0.31875
1 0.721875 0.471875 0.83125 0.471875 0.83125 0.53125 0.721875 0.53125
2 0.828125 0.3859375 0.940625 0.3859375 0.940625 0.4609375 0.828125 0.4609375
2 0.7203125 0.3984375 0.81875 0.3984375 0.81875 0.4609375 0.7203125 0.4609375
4 0.815625 0.1796875 0.94375 0.1796875 0.94375 0.29375 0.815625 0.29375
5 0.5171875 0.4 0.6015625 0.4 0.6015625 0.4703125 0.5171875 0.4703125
5 0.696875 0.2296875 0.7984375 0.2296875 0.7984375 0.309375 0.696875 0.309375
7 0.83125 0.4734375 0.9625 0.4734375 0.9625 0.54375 0.83125 0.54375
8 0.6109375 0.484375 0.69375 0.484375 0.69375 0.55625 0.6109375 0.55625
8 0.828125 0.5453125 0.93125 0.5453125 0.93125 0.6109375 0.828125 0.6109375
8 0.8109375 0.3046875 0.934375 0.3046875 0.934375 0.3796875 0.8109375 0.3796875
8 0.6046875 0.2296875 0.690625 0.2296875 0.690625 0.30625 0.6046875 0.30625
10 0.7203125 0.2875 0.8234375 0.2875 0.8234375 0.375 0.7203125 0.375
11 0.6265625 0.390625 0.703125 0.390625 0.703125 0.45 0.6265625 0.45
11 0.6109375 0.315625 0.7046875 0.315625 0.7046875 0.390625 0.6109375 0.390625