11 0.753125 0.590625 0.859375 0.590625 0.859375 0.65625 0.753125 0.65625
11 0.4953125 0.55 0.575 0.55 0.575 0.609375 0.4953125 0.609375
8 0.584375 0.4703125 0.68125 0.4703125 0.68125 0.5359375 0.584375 0.5359375
8 0.7765625 0.678125 0.878125 0.678125 0.878125 0.7546875 0.7765625 0.7546875
8 0.3265625 0.553125 0.4109375 0.553125 0.4109375 0.61875 0.3265625 0.61875
8 0.190625 0.4203125 0.2984375 0.4203125 0.2984375 0.48125 0.190625 0.48125
7 0.49375 0.3296875 0.58125 0.3296875 0.58125 0.4125 0.49375 0.4125
10 0.096875 0.54375 0.2171875 0.54375 0.2171875 0.61875 0.096875 0.61875
1 0.0953125 0.7078125 0.20625 0.7078125 0.20625 0.8046875 0.0953125 0.8046875
1 0.6671875 0.390625 0.775 0.390625 0.775 0.478125 0.6671875 0.478125
4 0.7625 0.475 0.8875 0.475 0.8875 0.5453125 0.7625 0.5453125
2 0.321875 0.69375 0.396875 0.69375 0.396875 0.7640625 0.321875 0.7640625
2 0.603125 0.690625 0.696875 0.690625 0.696875 0.7609375 0.603125 0.7609375
5 0.3984375 0.4265625 0.475 0.4265625 0.475 0.4875 0.3984375 0.4875
5 0.6 0.6265625 0.684375 0.6265625 0.684375 0.6875 0.6 0.6875
2 0.31875 0.6890625 0.403125 0.6890625 0.403125 0.7640625 0.31875 0.7640625
2 0.6046875 0.6828125 0.6984375 0.6828125 0.6984375 0.765625 0.6046875 0.765625
5 0.603125 0.6203125 0.69375 0.6203125 0.69375 0.6875 0.603125 0.6875
5 0.3921875 0.4265625 0.484375 0.4265625 0.484375 0.496875 0.3921875 0.496875
4 0.7625 0.471875 0.890625 0.471875 0.890625 0.546875 0.7625 0.546875
1 0.0953125 0.7078125 0.209375 0.7078125 0.209375 0.80625 0.0953125 0.80625
1 0.6640625 0.3921875 0.7796875 0.3921875 0.7796875 0.478125 0.6640625 0.478125
7 0.490625 0.3296875 0.584375 0.3296875 0.584375 0.4125 0.490625 0.4125
8 0.1890625 0.4203125 0.3 0.4203125 0.3 0.4828125 0.1890625 0.4828125
8 0.3234375 0.553125 0.4171875 0.553125 0.4171875 0.61875 0.3234375 0.61875
8 0.7734375 0.675 0.8796875 0.675 0.8796875 0.7546875 0.7734375 0.7546875
8 0.58125 0.465625 0.6828125 0.465625 0.6828125 0.5359375 0.58125 0.5359375
10 0.0984375 0.5375 0.21875 0.5375 0.21875 0.6171875 0.0984375 0.6171875
11 0.4890625 0.5453125 0.58125 0.5453125 0.58125 0.6109375 0.4890625 0.6109375
11 0.7515625 0.5875 0.865625 0.5875 0.865625 0.6578125 0.7515625 0.6578125