2 0.446875 0.5703125 0.5484375 0.5703125 0.5484375 0.6328125 0.446875 0.6328125
2 0.23125 0.7140625 0.33125 0.7140625 0.33125 0.79375 0.23125 0.79375
4 0.7078125 0.440625 0.859375 0.440625 0.859375 0.509375 0.7078125 0.509375
1 0.690625 0.2734375 0.84375 0.2734375 0.84375 0.365625 0.690625 0.365625
1 0.45625 0.425 0.5625 0.425 0.5625 0.49375 0.45625 0.49375
5 0.7171875 0.703125 0.8421875 0.703125 0.8421875 0.790625 0.7171875 0.790625
5 0.45625 0.725 0.54375 0.725 0.54375 0.7875 0.45625 0.7875
7 0.3625 0.2515625 0.4453125 0.2515625 0.4453125 0.3546875 0.3625 0.3546875
8 0.459375 0.2125 0.553125 0.2125 0.553125 0.296875 0.459375 0.296875
8 0.546875 0.284375 0.6375 0.284375 0.6375 0.359375 0.546875 0.359375
8 0.6390625 0.559375 0.753125 0.559375 0.753125 0.625 0.6390625 0.625
8 0.0640625 0.3421875 0.1671875 0.3421875 0.1671875 0.4171875 0.0640625 0.4171875
10 0.153125 0.5625 0.26875 0.5625 0.26875 0.634375 0.153125 0.634375
11 0.165625 0.1953125 0.26875 0.1953125 0.26875 0.278125 0.165625 0.278125
11 0.253125 0.4203125 0.35625 0.4203125 0.35625 0.4953125 0.253125 0.4953125