8 0.059375 0.10625 0.165625 0.10625 0.165625 0.203125 0.059375 0.203125
9 0.0875 0.2125 0.18125 0.2125 0.18125 0.278125 0.0875 0.278125
0 0.2 0.1984375 0.29375 0.1984375 0.29375 0.2890625 0.2 0.2890625
6 0.29375 0.0859375 0.3875 0.0859375 0.3875 0.2046875 0.29375 0.2046875
0 0.378125 0.1359375 0.459375 0.1359375 0.459375 0.221875 0.378125 0.221875
8 0.575 0.10625 0.675 0.10625 0.675 0.20625 0.575 0.20625
8 0.496875 0.209375 0.584375 0.209375 0.584375 0.303125 0.496875 0.303125
4 0.678125 0.1546875 0.771875 0.1546875 0.771875 0.2765625 0.678125 0.2765625
2 0.7703125 0.1953125 0.8609375 0.1953125 0.8609375 0.2890625 0.7703125 0.2890625
6 0.5828125 0.2953125 0.6609375 0.2953125 0.6609375 0.3796875 0.5828125 0.3796875
7 0.3671875 0.278125 0.459375 0.278125 0.459375 0.38125 0.3671875 0.38125
0 0.0859375 0.396875 0.18125 0.396875 0.18125 0.4796875 0.0859375 0.4796875
9 0.4984375 0.39375 0.5671875 0.39375 0.5671875 0.45625 0.4984375 0.45625
9 0.6828125 0.39375 0.7703125 0.39375 0.7703125 0.46875 0.6828125 0.46875
9 0.4109375 0.50625 0.4890625 0.50625 0.4890625 0.5765625 0.4109375 0.5765625
9 0.784375 0.5796875 0.8625 0.5796875 0.8625 0.64375 0.784375 0.64375
4 0.7765625 0.384375 0.89375 0.384375 0.89375 0.478125 0.7765625 0.478125
2 0.6890625 0.4953125 0.7765625 0.4953125 0.7765625 0.571875 0.6890625 0.571875
10 0.571875 0.4828125 0.6640625 0.4828125 0.6640625 0.5640625 0.571875 0.5640625
11 0.1875 0.4984375 0.2796875 0.4984375 0.2796875 0.5703125 0.1875 0.5703125
5 0.2875 0.5 0.371875 0.5 0.371875 0.575 0.2875 0.575
5 0.0765625 0.584375 0.1828125 0.584375 0.1828125 0.659375 0.0765625 0.659375
6 0.4953125 0.5828125 0.5734375 0.5828125 0.5734375 0.6546875 0.4953125 0.6546875
8 0.78125 0.675 0.884375 0.675 0.884375 0.7671875 0.78125 0.7671875
5 0.4953125 0.6859375 0.575 0.6859375 0.575 0.7671875 0.4953125 0.7671875
6 0.2953125 0.6765625 0.3734375 0.6765625 0.3734375 0.7515625 0.2953125 0.7515625
1 0.046875 0.6796875 0.178125 0.6796875 0.178125 0.7859375 0.046875 0.7859375
1 0.0421875 0.8015625 0.1765625 0.8015625 0.1765625 0.9109375 0.0421875 0.9109375
10 0.28125 0.784375 0.384375 0.784375 0.384375 0.896875 0.28125 0.896875
5 0.503125 0.790625 0.5875 0.790625 0.5875 0.8890625 0.503125 0.8890625
7 0.68125 0.790625 0.8078125 0.790625 0.8078125 0.915625 0.68125 0.915625