9 0.490625 0.2421875 0.5875 0.2421875 0.5875 0.3109375 0.490625 0.3109375
9 0.7734375 0.1578125 0.89375 0.1578125 0.89375 0.2453125 0.7734375 0.2453125
9 0.2828125 0.3296875 0.3828125 0.3296875 0.3828125 0.4046875 0.2828125 0.4046875
3 0.690625 0.15 0.7703125 0.15 0.7703125 0.2390625 0.690625 0.2390625
0 0.809375 0.3765625 0.921875 0.3765625 0.921875 0.4671875 0.809375 0.4671875
6 0.815625 0.4671875 0.9359375 0.4671875 0.9359375 0.5484375 0.815625 0.5484375
9 0.8453125 0.55625 0.9453125 0.55625 0.9453125 0.63125 0.8453125 0.63125
0 0.8390625 0.640625 0.9359375 0.640625 0.9359375 0.71875 0.8390625 0.71875
8 0.8671875 0.7203125 0.9734375 0.7203125 0.9734375 0.8015625 0.8671875 0.8015625
4 0.721875 0.6359375 0.84375 0.6359375 0.84375 0.71875 0.721875 0.71875
5 0.7375 0.475 0.8375 0.475 0.8375 0.553125 0.7375 0.553125
8 0.7078125 0.390625 0.80625 0.390625 0.80625 0.471875 0.7078125 0.471875
10 0.625 0.553125 0.7296875 0.553125 0.7296875 0.6234375 0.625 0.6234375
6 0.6328125 0.73125 0.7203125 0.73125 0.7203125 0.809375 0.6328125 0.809375
8 0.5328125 0.728125 0.61875 0.728125 0.61875 0.803125 0.5328125 0.803125
2 0.5109375 0.646875 0.596875 0.646875 0.596875 0.7234375 0.5109375 0.7234375
6 0.51875 0.5734375 0.5921875 0.5734375 0.5921875 0.6328125 0.51875 0.6328125
7 0.50625 0.475 0.596875 0.475 0.596875 0.55625 0.50625 0.55625
11 0.5015625 0.39375 0.58125 0.39375 0.58125 0.4578125 0.5015625 0.4578125
5 0.503125 0.31875 0.5859375 0.31875 0.5859375 0.3921875 0.503125 0.3921875
10 0.4890625 0.1109375 0.5734375 0.1109375 0.5734375 0.2328125 0.4890625 0.2328125
5 0.3921875 0.153125 0.475 0.153125 0.475 0.2453125 0.3921875 0.2453125
1 0.38125 0.4828125 0.4734375 0.4828125 0.4734375 0.5546875 0.38125 0.5546875
8 0.39375 0.565625 0.478125 0.565625 0.478125 0.63125 0.39375 0.63125
0 0.2609375 0.6640625 0.365625 0.6640625 0.365625 0.7375 0.2609375 0.7375
4 0.1375 0.7375 0.265625 0.7375 0.265625 0.8375 0.1375 0.8375
1 0.140625 0.571875 0.271875 0.571875 0.271875 0.653125 0.140625 0.653125
6 0.1578125 0.4875 0.2609375 0.4875 0.2609375 0.5484375 0.1578125 0.5484375
3 0.28125 0.2515625 0.3625 0.2515625 0.3625 0.315625 0.28125 0.315625
11 0.2578125 0.1453125 0.3625 0.1453125 0.3625 0.2390625 0.2578125 0.2390625
9 0.165625 0.3296875 0.253125 0.3296875 0.253125 0.4 0.165625 0.4
5 0.0328125 0.15 0.1484375 0.15 0.1484375 0.240625 0.0328125 0.240625
3 0.0578125 0.2453125 0.15 0.2453125 0.15 0.3171875 0.0578125 0.3171875
7 0 0.31875 0.15 0.31875 0.15 0.40625 0 0.40625
2 0.034375 0.49375 0.153125 0.49375 0.153125 0.56875 0.034375 0.56875
3 0.0796875 0.665625 0.1671875 0.665625 0.1671875 0.734375 0.0796875 0.734375