11 0.590625 0.1421875 0.65625 0.1421875 0.65625 0.2484375 0.590625 0.2484375
11 0.55 0.425 0.609375 0.425 0.609375 0.5046875 0.55 0.5046875
8 0.4703125 0.3203125 0.5359375 0.3203125 0.5359375 0.4171875 0.4703125 0.4171875
8 0.678125 0.121875 0.7546875 0.121875 0.7546875 0.225 0.678125 0.225
8 0.553125 0.590625 0.61875 0.590625 0.61875 0.675 0.553125 0.675
8 0.4203125 0.703125 0.48125 0.703125 0.48125 0.809375 0.4203125 0.809375
7 0.3296875 0.41875 0.4125 0.41875 0.4125 0.50625 0.3296875 0.50625
10 0.54375 0.784375 0.61875 0.784375 0.61875 0.903125 0.54375 0.903125
1 0.7078125 0.79375 0.8046875 0.79375 0.8046875 0.90625 0.7078125 0.90625
1 0.390625 0.225 0.478125 0.225 0.478125 0.3328125 0.390625 0.3328125
4 0.475 0.1140625 0.54375 0.1140625 0.54375 0.2390625 0.475 0.2390625
2 0.69375 0.603125 0.7625 0.603125 0.7625 0.678125 0.69375 0.678125
2 0.690625 0.303125 0.7609375 0.303125 0.7609375 0.396875 0.690625 0.396875
5 0.4265625 0.525 0.4875 0.525 0.4875 0.603125 0.4265625 0.603125
5 0.625 0.315625 0.6875 0.315625 0.6875 0.4 0.625 0.4
2 0.6890625 0.596875 0.7640625 0.596875 0.7640625 0.68125 0.6890625 0.68125
2 0.68125 0.3015625 0.765625 0.3015625 0.765625 0.3953125 0.68125 0.3953125
5 0.6203125 0.3078125 0.6875 0.3078125 0.6875 0.3984375 0.6203125 0.3984375
5 0.4265625 0.515625 0.496875 0.515625 0.496875 0.609375 0.4265625 0.609375
4 0.471875 0.1109375 0.546875 0.1109375 0.546875 0.2390625 0.471875 0.2390625
1 0.7078125 0.790625 0.80625 0.790625 0.80625 0.90625 0.7078125 0.90625
1 0.3921875 0.221875 0.478125 0.221875 0.478125 0.3375 0.3921875 0.3375
7 0.3296875 0.415625 0.4125 0.415625 0.4125 0.509375 0.3296875 0.509375
8 0.4203125 0.7 0.4828125 0.7 0.4828125 0.8125 0.4203125 0.8125
8 0.553125 0.5828125 0.61875 0.5828125 0.61875 0.6765625 0.553125 0.6765625
8 0.675 0.1203125 0.7546875 0.1203125 0.7546875 0.2265625 0.675 0.2265625
8 0.465625 0.31875 0.534375 0.31875 0.534375 0.41875 0.465625 0.41875
10 0.5375 0.78125 0.615625 0.78125 0.615625 0.903125 0.5375 0.903125
11 0.5453125 0.41875 0.6109375 0.41875 0.6109375 0.5109375 0.5453125 0.5109375
11 0.5875 0.134375 0.6578125 0.134375 0.6578125 0.25 0.5875 0.25