7 0.0765625 0.2390625 0.1546875 0.2390625 0.1546875 0.284375 0.0765625 0.284375
0 0.178125 0.2375 0.240625 0.2375 0.240625 0.284375 0.178125 0.284375
0 0.2765625 0.23125 0.3578125 0.23125 0.3578125 0.2828125 0.2765625 0.2828125
3 0.390625 0.23125 0.453125 0.23125 0.453125 0.2796875 0.390625 0.2796875
2 0.4765625 0.23125 0.5734375 0.23125 0.5734375 0.278125 0.4765625 0.278125
6 0.5828125 0.221875 0.6765625 0.221875 0.6765625 0.2859375 0.5828125 0.2859375
8 0.6953125 0.2171875 0.7796875 0.2171875 0.7796875 0.2734375 0.6953125 0.2734375
8 0.79375 0.2140625 0.89375 0.2140625 0.89375 0.2703125 0.79375 0.2703125
10 0.078125 0.3171875 0.178125 0.3171875 0.178125 0.3828125 0.078125 0.3828125
11 0.1859375 0.315625 0.275 0.315625 0.275 0.384375 0.1859375 0.384375
1 0.278125 0.3078125 0.375 0.3078125 0.375 0.365625 0.278125 0.365625
5 0.3859375 0.3078125 0.4828125 0.3078125 0.4828125 0.3796875 0.3859375 0.3796875
2 0.484375 0.3046875 0.58125 0.3046875 0.58125 0.3734375 0.484375 0.3734375
6 0.5953125 0.303125 0.684375 0.303125 0.684375 0.3671875 0.5953125 0.3671875
8 0.709375 0.303125 0.7953125 0.303125 0.7953125 0.3625 0.709375 0.3625
4 0.7921875 0.2921875 0.8890625 0.2921875 0.8890625 0.3453125 0.7921875 0.3453125
9 0.0890625 0.3921875 0.159375 0.3921875 0.159375 0.4484375 0.0890625 0.4484375
5 0.1890625 0.384375 0.275 0.384375 0.275 0.4421875 0.1890625 0.4421875
0 0.2984375 0.3875 0.3734375 0.3875 0.3734375 0.446875 0.2984375 0.446875
5 0.396875 0.3875 0.484375 0.3875 0.484375 0.44375 0.396875 0.44375
8 0.4984375 0.3859375 0.5859375 0.3859375 0.5859375 0.4390625 0.4984375 0.4390625
10 0.6046875 0.3796875 0.690625 0.3796875 0.690625 0.4421875 0.6046875 0.4421875
4 0.709375 0.3703125 0.8 0.3703125 0.8 0.4359375 0.709375 0.4359375
1 0.8375 0.3671875 0.896875 0.3671875 0.896875 0.4359375 0.8375 0.4359375
9 0.3953125 0.5265625 0.4921875 0.5265625 0.4921875 0.59375 0.3953125 0.59375
9 0.5 0.6015625 0.603125 0.6015625 0.603125 0.6640625 0.5 0.6640625
9 0.1 0.6953125 0.184375 0.6953125 0.184375 0.75625 0.1 0.75625
3 0.2046875 0.6890625 0.278125 0.6890625 0.278125 0.7578125 0.2046875 0.7578125
11 0.303125 0.6859375 0.390625 0.6859375 0.390625 0.753125 0.303125 0.753125
9 0.4125 0.6765625 0.4890625 0.6765625 0.4890625 0.7484375 0.4125 0.7484375
3 0.5078125 0.6828125 0.578125 0.6828125 0.578125 0.7328125 0.5078125 0.7328125
6 0.609375 0.6765625 0.70625 0.6765625 0.70625 0.7421875 0.609375 0.7421875
5 0.709375 0.66875 0.815625 0.66875 0.815625 0.7484375 0.709375 0.7484375
6 0.8296875 0.66875 0.93125 0.66875 0.93125 0.7453125 0.8296875 0.7453125
3 0.3109375 0.7625 0.4 0.7625 0.4 0.8203125 0.3109375 0.8203125
7 0.5125 0.7546875 0.6046875 0.7546875 0.6046875 0.828125 0.5125 0.828125
10 0.0328125 0.2875 0.1765625 0.2875 0.1765625 0.38125 0.0328125 0.38125
10 0.6078125 0.3671875 0.703125 0.3671875 0.703125 0.45 0.6078125 0.45
7 0.009375 0.1921875 0.171875 0.1921875 0.171875 0.29375 0.009375 0.29375
7 0.50625 0.7515625 0.6203125 0.7515625 0.6203125 0.875 0.50625 0.875
6 0.5921875 0.2125 0.690625 0.2125 0.690625 0.296875 0.5921875 0.296875
6 0.6046875 0.3046875 0.6921875 0.3046875 0.6921875 0.371875 0.6046875 0.371875
6 0.6109375 0.6671875 0.7015625 0.6671875 0.7015625 0.7609375 0.6109375 0.7609375
6 0.815625 0.671875 0.9296875 0.671875 0.9296875 0.7546875 0.815625 0.7546875
9 0.065625 0.3828125 0.1578125 0.3828125 0.1578125 0.4484375 0.065625 0.4484375
9 0.503125 0.5859375 0.5859375 0.5859375 0.5859375 0.65 0.503125 0.65
9 0.0703125 0.6921875 0.1640625 0.6921875 0.1640625 0.7703125 0.0703125 0.7703125
11 0.1453125 0.28125 0.25625 0.28125 0.25625 0.35625 0.1453125 0.35625
11 0.290625 0.68125 0.3890625 0.68125 0.3890625 0.771875 0.290625 0.771875
5 0.3890625 0.2890625 0.4796875 0.2890625 0.4796875 0.3609375 0.3890625 0.3609375
5 0.16875 0.3765625 0.2796875 0.3765625 0.2796875 0.4484375 0.16875 0.4484375
4 0.79375 0.26875 0.9421875 0.26875 0.9421875 0.35625 0.79375 0.35625
4 0.7203125 0.3609375 0.8375 0.3609375 0.8375 0.434375 0.7203125 0.434375
1 0.2703125 0.28125 0.38125 0.28125 0.38125 0.3703125 0.2703125 0.3703125
1 0.81875 0.3578125 0.9625 0.3578125 0.9625 0.4359375 0.81875 0.4359375
2 0.4859375 0.2734375 0.584375 0.2734375 0.584375 0.3640625 0.4859375 0.3640625
2 0.46875 0.1828125 0.5671875 0.1828125 0.5671875 0.284375 0.46875 0.284375
0 0.25625 0.209375 0.3625 0.209375 0.3625 0.290625 0.25625 0.290625
0 0.1453125 0.2078125 0.2484375 0.2078125 0.2484375 0.2921875 0.1453125 0.2921875
8 0.7921875 0.2 0.953125 0.2 0.953125 0.2828125 0.7921875 0.2828125
8 0.690625 0.2078125 0.7875 0.2078125 0.7875 0.2921875 0.690625 0.2921875
8 0.696875 0.278125 0.7984375 0.278125 0.7984375 0.36875 0.696875 0.36875