11 0.5984375 0.1984375 0.6765625 0.1984375 0.6765625 0.3 0.5984375 0.3
11 0.428125 0.4328125 0.5046875 0.4328125 0.5046875 0.5109375 0.428125 0.5109375
10 0.0609375 0.3359375 0.1890625 0.3359375 0.1890625 0.4296875 0.0609375 0.4296875
10 0.1609375 0.6265625 0.284375 0.6265625 0.284375 0.7375 0.1609375 0.7375
10 0.15625 0.828125 0.2890625 0.828125 0.2890625 0.9734375 0.15625 0.9734375
9 0.0875 0.1046875 0.1796875 0.1046875 0.1796875 0.190625 0.0875 0.190625
9 0.825 0.103125 0.903125 0.103125 0.903125 0.190625 0.825 0.190625
9 0.5171875 0.2265625 0.5828125 0.2265625 0.5828125 0.29375 0.5171875 0.29375
9 0.2015625 0.3375 0.284375 0.3375 0.284375 0.3984375 0.2015625 0.3984375
9 0.6140625 0.3171875 0.675 0.3171875 0.675 0.3875 0.6140625 0.3875
9 0.078125 0.4390625 0.1609375 0.4390625 0.1609375 0.50625 0.078125 0.50625
9 0.5375 0.4234375 0.5984375 0.4234375 0.5984375 0.5015625 0.5375 0.5015625
9 0.8234375 0.4359375 0.8984375 0.4359375 0.8984375 0.5046875 0.8234375 0.5046875
9 0.6203125 0.5421875 0.6859375 0.5421875 0.6859375 0.615625 0.6203125 0.615625
9 0.840625 0.540625 0.921875 0.540625 0.921875 0.6140625 0.840625 0.6140625
9 0.5234375 0.634375 0.590625 0.634375 0.590625 0.696875 0.5234375 0.696875
9 0.20625 0.7453125 0.2859375 0.7453125 0.2859375 0.81875 0.20625 0.81875
9 0.5171875 0.7328125 0.584375 0.7328125 0.584375 0.8140625 0.5171875 0.8140625
9 0.3 0.8515625 0.3765625 0.8515625 0.3765625 0.9421875 0.3 0.9421875
9 0.8265625 0.85625 0.9140625 0.85625 0.9140625 0.9515625 0.8265625 0.9515625
7 0.28125 0.0703125 0.3859375 0.0703125 0.3859375 0.2078125 0.28125 0.2078125
7 0.159375 0.521875 0.2828125 0.521875 0.2828125 0.6125 0.159375 0.6125
7 0.034375 0.728125 0.1765625 0.728125 0.1765625 0.84375 0.034375 0.84375
6 0.19375 0.2359375 0.2796875 0.2359375 0.2796875 0.321875 0.19375 0.321875
6 0.4140625 0.3203125 0.4921875 0.3203125 0.4921875 0.4140625 0.4140625 0.4140625
6 0.834375 0.615625 0.940625 0.615625 0.940625 0.7203125 0.834375 0.7203125
6 0.2734375 0.6421875 0.3640625 0.6421875 0.3640625 0.7265625 0.2734375 0.7265625
6 0.7375 0.7421875 0.83125 0.7421875 0.83125 0.8515625 0.7375 0.8515625
5 0.4078125 0.0765625 0.4765625 0.0765625 0.4765625 0.1875 0.4078125 0.1875
5 0.3984375 0.2 0.465625 0.2 0.465625 0.2953125 0.3984375 0.2953125
5 0.6234375 0.4390625 0.6921875 0.4390625 0.6921875 0.515625 0.6234375 0.515625
5 0.409375 0.8546875 0.4953125 0.8546875 0.4953125 0.96875 0.409375 0.96875
5 0.725 0.5359375 0.828125 0.5359375 0.828125 0.621875 0.725 0.621875
4 0.0484375 0.521875 0.18125 0.521875 0.18125 0.6171875 0.0484375 0.6171875
4 0.2671875 0.525 0.375 0.525 0.375 0.60625 0.2671875 0.60625
4 0.6140625 0.85 0.703125 0.85 0.703125 0.99375 0.6140625 0.99375
3 0.5375 0.115625 0.5984375 0.115625 0.5984375 0.196875 0.5375 0.196875
3 0.621875 0.1015625 0.690625 0.1015625 0.690625 0.18125 0.621875 0.18125
3 0.7171875 0.0984375 0.78125 0.0984375 0.78125 0.1875 0.7171875 0.1875
3 0.821875 0.2171875 0.903125 0.2171875 0.903125 0.2890625 0.821875 0.2890625
3 0.084375 0.253125 0.165625 0.253125 0.165625 0.3359375 0.084375 0.3359375
3 0.325 0.3328125 0.39375 0.3328125 0.39375 0.4015625 0.325 0.4015625
3 0.528125 0.33125 0.596875 0.33125 0.596875 0.4109375 0.528125 0.4109375
3 0.703125 0.3046875 0.784375 0.3046875 0.784375 0.378125 0.703125 0.378125
3 0.809375 0.3296875 0.8875 0.3296875 0.8875 0.403125 0.809375 0.403125
3 0.1984375 0.4328125 0.271875 0.4328125 0.271875 0.5015625 0.1984375 0.5015625
3 0.396875 0.5265625 0.471875 0.5265625 0.471875 0.59375 0.396875 0.59375
3 0.284375 0.725 0.3640625 0.725 0.3640625 0.796875 0.284375 0.796875
3 0.0890625 0.85 0.1796875 0.85 0.1796875 0.9453125 0.0890625 0.9453125
3 0.5265625 0.8421875 0.5890625 0.8421875 0.5890625 0.928125 0.5265625 0.928125
2 0.1640625 0.090625 0.26875 0.090625 0.26875 0.2 0.1640625 0.2
2 0.403125 0.64375 0.4734375 0.64375 0.4734375 0.740625 0.403125 0.740625
2 0.6046875 0.7453125 0.6875 0.7453125 0.6875 0.840625 0.6046875 0.840625
2 0.83125 0.728125 0.9328125 0.728125 0.9328125 0.825 0.83125 0.825
1 0.703125 0.165625 0.821875 0.165625 0.821875 0.290625 0.703125 0.290625
1 0.046875 0.628125 0.1921875 0.628125 0.1921875 0.7265625 0.046875 0.7265625
1 0.3984375 0.7421875 0.4984375 0.7421875 0.4984375 0.8625 0.3984375 0.8625
0 0.29375 0.221875 0.3609375 0.221875 0.3609375 0.3171875 0.29375 0.3171875
0 0.2953125 0.4234375 0.3828125 0.4234375 0.3828125 0.4921875 0.2953125 0.4921875
0 0.703125 0.6328125 0.796875 0.6328125 0.796875 0.7140625 0.703125 0.7140625
0 0.615625 0.634375 0.690625 0.634375 0.690625 0.7171875 0.615625 0.7171875
0 0.721875 0.84375 0.815625 0.84375 0.815625 0.959375 0.721875 0.959375
5 0.703125 0.4234375 0.7953125 0.4234375 0.7953125 0.50625 0.703125 0.50625
6 0.5109375 0.5578125 0.5875 0.5578125 0.5875 0.6328125 0.5109375 0.6328125