2 0.65 0.3 0.7265625 0.3 0.7265625 0.3671875 0.65 0.3671875
2 0.06875 0.378125 0.1671875 0.378125 0.1671875 0.4359375 0.06875 0.4359375
0 0.49375 0.4421875 0.5546875 0.4421875 0.5546875 0.4875 0.49375 0.4875
1 0.2703125 0.3015625 0.3546875 0.3015625 0.3546875 0.378125 0.2703125 0.378125
5 0.178125 0.38125 0.2625 0.38125 0.2625 0.434375 0.178125 0.434375
10 0.0359375 0.2265625 0.15625 0.2265625 0.15625 0.3109375 0.0359375 0.3109375
1 0.7453125 0.34375 0.85625 0.34375 0.85625 0.415625 0.7453125 0.415625
4 0.378125 0.2953125 0.45 0.2953125 0.45 0.3703125 0.378125 0.3703125
5 0.6546875 0.5890625 0.73125 0.5890625 0.73125 0.6421875 0.6546875 0.6421875
7 0.575 0.5015625 0.659375 0.5015625 0.659375 0.559375 0.575 0.559375
8 0.3890625 0.428125 0.4546875 0.428125 0.4546875 0.490625 0.3890625 0.490625
8 0.5890625 0.7125 0.665625 0.7125 0.665625 0.775 0.5890625 0.775
8 0.778125 0.6953125 0.875 0.6953125 0.875 0.7609375 0.778125 0.7609375
8 0.103125 0.6078125 0.1921875 0.6078125 0.1921875 0.665625 0.103125 0.665625
10 0.296875 0.6640625 0.3828125 0.6640625 0.3828125 0.7390625 0.296875 0.7390625
4 0.08125 0.73125 0.2015625 0.73125 0.2015625 0.81875 0.08125 0.81875