0 0.396875 0.7765625 0.4765625 0.7765625 0.4765625 0.875 0.396875 0.875
0 0.2375 0.4265625 0.31875 0.4265625 0.31875 0.5 0.2375 0.5
0 0.25 0.240625 0.33125 0.240625 0.33125 0.309375 0.25 0.309375
1 0.709375 0.58125 0.8171875 0.58125 0.8171875 0.66875 0.709375 0.66875
1 0.5890625 0.0828125 0.6953125 0.0828125 0.6953125 0.2015625 0.5890625 0.2015625
2 0.5109375 0.765625 0.5890625 0.765625 0.5890625 0.8578125 0.5109375 0.8578125
2 0.15625 0.3046875 0.25 0.3046875 0.25 0.375 0.15625 0.375
4 0.1203125 0.5984375 0.2390625 0.5984375 0.2390625 0.6796875 0.1203125 0.6796875
4 0.5171875 0.50625 0.6015625 0.50625 0.6015625 0.5875 0.5171875 0.5875
5 0.7140625 0.7875 0.7953125 0.7875 0.7953125 0.875 0.7140625 0.875
5 0.4234375 0.40625 0.5 0.40625 0.5 0.475 0.4234375 0.475
5 0.66875 0.309375 0.759375 0.309375 0.759375 0.384375 0.66875 0.384375
5 0.784375 0.109375 0.890625 0.109375 0.890625 0.2015625 0.784375 0.2015625
11 0.79375 0.6953125 0.890625 0.6953125 0.890625 0.78125 0.79375 0.78125
11 0.7828125 0.215625 0.8859375 0.215625 0.8859375 0.3015625 0.7828125 0.3015625
10 0.3046875 0.5 0.4078125 0.5 0.4078125 0.5734375 0.3046875 0.5734375
10 0.765625 0.4984375 0.8828125 0.4984375 0.8828125 0.5796875 0.765625 0.5796875
9 0.246875 0.678125 0.31875 0.678125 0.31875 0.75 0.246875 0.75
9 0.3234375 0.29375 0.403125 0.29375 0.403125 0.3703125 0.3234375 0.3703125
9 0.3234375 0.146875 0.4140625 0.146875 0.4140625 0.221875 0.3234375 0.221875
9 0.696875 0.1359375 0.771875 0.1359375 0.771875 0.2046875 0.696875 0.2046875
8 0.3234375 0.6765625 0.4109375 0.6765625 0.4109375 0.7625 0.3234375 0.7625
8 0.5921875 0.6734375 0.6765625 0.6734375 0.6765625 0.7546875 0.5921875 0.7546875
8 0.7828125 0.30625 0.86875 0.30625 0.86875 0.38125 0.7828125 0.38125
8 0.234375 0.1171875 0.315625 0.1171875 0.315625 0.209375 0.234375 0.209375
7 0.1125 0.4921875 0.234375 0.4921875 0.234375 0.5765625 0.1125 0.5765625
7 0.5984375 0.496875 0.6796875 0.496875 0.6796875 0.58125 0.5984375 0.58125
6 0.153125 0.7828125 0.25 0.7828125 0.25 0.8671875 0.153125 0.8671875
6 0.609375 0.7828125 0.690625 0.7828125 0.690625 0.86875 0.609375 0.86875
6 0.4125 0.503125 0.484375 0.503125 0.484375 0.5734375 0.4125 0.5734375
6 0.5 0.396875 0.5765625 0.396875 0.5765625 0.4640625 0.5 0.4640625