3 0.7859375 0.15625 0.878125 0.15625 0.878125 0.234375 0.7859375 0.234375
3 0.8171875 0.85625 0.9 0.85625 0.9 0.9359375 0.8171875 0.9359375
3 0.709375 0.8375 0.7859375 0.8375 0.7859375 0.91875 0.709375 0.91875
3 0.5359375 0.8453125 0.5984375 0.8453125 0.5984375 0.934375 0.5359375 0.934375
3 0.3234375 0.8640625 0.3921875 0.8640625 0.3921875 0.95 0.3234375 0.95
3 0.2015625 0.8609375 0.2765625 0.8609375 0.2765625 0.9375 0.2015625 0.9375
3 0.1046875 0.8609375 0.184375 0.8609375 0.184375 0.9421875 0.1046875 0.9421875
3 0.0890625 0.765625 0.1703125 0.765625 0.1703125 0.8375 0.0890625 0.8375
3 0.0796875 0.671875 0.1640625 0.671875 0.1640625 0.74375 0.0796875 0.74375
3 0.071875 0.5859375 0.1625 0.5859375 0.1625 0.65 0.071875 0.65
3 0.096875 0.4671875 0.1734375 0.4671875 0.1734375 0.5328125 0.096875 0.5328125
3 0.0859375 0.3640625 0.1671875 0.3640625 0.1671875 0.425 0.0859375 0.425
3 0.084375 0.2765625 0.171875 0.2765625 0.171875 0.3359375 0.084375 0.3359375
3 0.059375 0.146875 0.1515625 0.146875 0.1515625 0.2234375 0.059375 0.2234375
3 0.2875 0.15 0.35 0.15 0.35 0.2203125 0.2875 0.2203125
9 0.590625 0.6375 0.646875 0.6375 0.646875 0.70625 0.590625 0.70625
9 0.5984375 0.5578125 0.6609375 0.5578125 0.6609375 0.6203125 0.5984375 0.6203125
9 0.5984375 0.45625 0.6609375 0.45625 0.6609375 0.5171875 0.5984375 0.5171875
9 0.5 0.453125 0.559375 0.453125 0.559375 0.509375 0.5 0.509375
9 0.39375 0.45625 0.453125 0.45625 0.453125 0.5109375 0.39375 0.5109375
9 0.403125 0.3671875 0.465625 0.3671875 0.465625 0.4234375 0.403125 0.4234375
9 0.5015625 0.65625 0.55625 0.65625 0.55625 0.721875 0.5015625 0.721875
9 0.5 0.759375 0.5609375 0.759375 0.5609375 0.83125 0.5 0.83125
9 0.409375 0.7625 0.471875 0.7625 0.471875 0.834375 0.409375 0.834375
9 0.4 0.6625 0.465625 0.6625 0.465625 0.725 0.4 0.725
9 0.3890625 0.5625 0.4484375 0.5625 0.4484375 0.61875 0.3890625 0.61875
9 0.5015625 0.5625 0.559375 0.5625 0.559375 0.61875 0.5015625 0.61875
9 0.309375 0.646875 0.375 0.646875 0.375 0.7125 0.309375 0.7125
9 0.303125 0.5734375 0.3671875 0.5734375 0.3671875 0.6328125 0.303125 0.6328125
9 0.303125 0.45625 0.3625 0.45625 0.3625 0.51875 0.303125 0.51875