11 0.575 0.053125 0.6484375 0.053125 0.6484375 0.15625 0.575 0.15625
11 0.3375 0.2890625 0.40625 0.2890625 0.40625 0.3609375 0.3375 0.3609375
10 0.3140625 0.0484375 0.4015625 0.0484375 0.4015625 0.1796875 0.3140625 0.1796875
7 0.2390625 0.390625 0.33125 0.390625 0.33125 0.484375 0.2390625 0.484375
8 0.4859375 0.3078125 0.55625 0.3078125 0.55625 0.3921875 0.4859375 0.3921875
8 0.33125 0.49375 0.40625 0.49375 0.40625 0.5671875 0.33125 0.5671875
8 0.5734375 0.5984375 0.6453125 0.5984375 0.6453125 0.6859375 0.5734375 0.6859375
8 0.4078125 0.6984375 0.4734375 0.6984375 0.4734375 0.7890625 0.4078125 0.7890625
2 0.5015625 0.490625 0.5625 0.490625 0.5625 0.559375 0.5015625 0.559375
2 0.421875 0.5015625 0.475 0.5015625 0.475 0.5796875 0.421875 0.5796875
1 0.6484375 0.5 0.740625 0.5 0.740625 0.5953125 0.6484375 0.5953125
1 0.33125 0.390625 0.409375 0.390625 0.409375 0.4734375 0.33125 0.4734375
5 0.578125 0.278125 0.65 0.278125 0.65 0.3640625 0.578125 0.3640625
5 0.5203125 0.60625 0.5765625 0.60625 0.5765625 0.684375 0.5203125 0.684375
4 0.2421875 0.603125 0.33125 0.603125 0.33125 0.71875 0.2421875 0.71875