1 0.2828125 0.4 0.403125 0.4 0.403125 0.484375 0.2828125 0.484375
1 0.8015625 0.5640625 0.96875 0.5640625 0.96875 0.66875 0.8015625 0.66875
2 0.2609375 0.5703125 0.3734375 0.5703125 0.3734375 0.6515625 0.2609375 0.6515625
2 0.596875 0.7125 0.7234375 0.7125 0.7234375 0.80625 0.596875 0.80625
4 0.4875 0.10625 0.59375 0.10625 0.59375 0.2375 0.4875 0.2375
5 0.0546875 0.1328125 0.1875 0.1328125 0.1875 0.240625 0.0546875 0.240625
5 0.7875 0.71875 0.9265625 0.71875 0.9265625 0.828125 0.7875 0.828125
7 0.0125 0.621875 0.171875 0.621875 0.171875 0.734375 0.0125 0.734375
8 0.04375 0.296875 0.1734375 0.296875 0.1734375 0.3828125 0.04375 0.3828125
8 0.590625 0.40625 0.703125 0.40625 0.703125 0.4875 0.590625 0.4875
8 0.4765625 0.6390625 0.5703125 0.6390625 0.5703125 0.721875 0.4765625 0.721875
8 0.396875 0.4828125 0.4984375 0.4828125 0.4984375 0.5515625 0.396875 0.5515625
10 0.79375 0.20625 0.9375 0.20625 0.9375 0.3265625 0.79375 0.3265625
11 0.3 0.221875 0.39375 0.221875 0.39375 0.309375 0.3 0.309375
11 0.5875 0.2296875 0.6875 0.2296875 0.6875 0.3234375 0.5875 0.3234375