7 0.5171875 0.5953125 0.6140625 0.5953125 0.6140625 0.6703125 0.5171875 0.6703125
7 0.634375 0.7703125 0.728125 0.7703125 0.728125 0.8796875 0.634375 0.8796875
10 0.0515625 0.7453125 0.2140625 0.7453125 0.2140625 0.840625 0.0515625 0.840625
10 0.5078125 0.25625 0.60625 0.25625 0.60625 0.359375 0.5078125 0.359375
8 0.84375 0.86875 0.9609375 0.86875 0.9609375 0.975 0.84375 0.975
8 0.43125 0.765625 0.5265625 0.765625 0.5265625 0.85 0.43125 0.85
8 0.225 0.365625 0.321875 0.365625 0.321875 0.440625 0.225 0.440625
11 0.653125 0.3578125 0.725 0.3578125 0.725 0.4328125 0.653125 0.4328125
11 0.8609375 0.2640625 0.9734375 0.2640625 0.9734375 0.346875 0.8609375 0.346875
6 0.1 0.5109375 0.225 0.5109375 0.225 0.5859375 0.1 0.5859375
6 0.75 0.44375 0.83125 0.44375 0.83125 0.503125 0.75 0.503125
4 0.75 0.6046875 0.871875 0.6046875 0.871875 0.6875 0.75 0.6875
4 0.2546875 0.8359375 0.3921875 0.8359375 0.3921875 0.9515625 0.2546875 0.9515625
2 0.8484375 0.4265625 0.9390625 0.4265625 0.9390625 0.4984375 0.8484375 0.4984375
2 0.415625 0.4375 0.509375 0.4375 0.509375 0.50625 0.415625 0.50625
1 0.2859375 0.26875 0.4203125 0.26875 0.4203125 0.36875 0.2859375 0.36875
0 0.8484375 0.540625 0.9453125 0.540625 0.9453125 0.6 0.8484375 0.6
5 0.284375 0.6765625 0.39375 0.6765625 0.39375 0.74375 0.284375 0.74375
5 0.3140625 0.5265625 0.4046875 0.5265625 0.4046875 0.5859375 0.3140625 0.5859375