1 0.109375 0.771875 0.225 0.771875 0.225 0.890625 0.109375 0.890625
1 0.478125 0.140625 0.5390625 0.140625 0.5390625 0.2859375 0.478125 0.2859375
0 0.4015625 0.68125 0.465625 0.68125 0.465625 0.75625 0.4015625 0.75625
2 0.3265625 0.084375 0.3953125 0.084375 0.3953125 0.196875 0.3265625 0.196875
2 0.559375 0.3765625 0.621875 0.3765625 0.621875 0.4734375 0.559375 0.4734375
3 0.240625 0.671875 0.3 0.671875 0.3 0.75 0.240625 0.75
3 0.2484375 0.3609375 0.3125 0.3609375 0.3125 0.440625 0.2484375 0.440625
4 0.6234375 0.6796875 0.7140625 0.6796875 0.7140625 0.7859375 0.6234375 0.7859375
4 0.715625 0.228125 0.809375 0.228125 0.809375 0.3625 0.715625 0.3625
5 0.709375 0.4625 0.7828125 0.4625 0.7828125 0.55 0.709375 0.55
5 0.6328125 0.346875 0.7015625 0.346875 0.7015625 0.44375 0.6328125 0.44375
6 0.16875 0.0640625 0.246875 0.0640625 0.246875 0.18125 0.16875 0.18125
6 0.553125 0.25625 0.615625 0.25625 0.615625 0.353125 0.553125 0.353125
7 0.3859375 0.4578125 0.465625 0.4578125 0.465625 0.565625 0.3859375 0.565625
7 0.7109375 0.79375 0.8125 0.79375 0.8125 0.903125 0.7109375 0.903125
8 0.2171875 0.465625 0.3015625 0.465625 0.3015625 0.5578125 0.2171875 0.5578125
8 0.296875 0.6734375 0.378125 0.6734375 0.378125 0.765625 0.296875 0.765625
8 0.7015625 0.05 0.784375 0.05 0.784375 0.1625 0.7015625 0.1625
8 0.384375 0.275 0.459375 0.275 0.459375 0.3671875 0.384375 0.3671875
9 0.46875 0.7953125 0.53125 0.7953125 0.53125 0.871875 0.46875 0.871875
9 0.7109375 0.6078125 0.7765625 0.6078125 0.7765625 0.678125 0.7109375 0.678125
10 0.546875 0.575 0.615625 0.575 0.615625 0.6640625 0.546875 0.6640625
10 0.2328125 0.1484375 0.31875 0.1484375 0.31875 0.2859375 0.2328125 0.2859375
11 0.303125 0.7796875 0.3796875 0.7796875 0.3796875 0.8796875 0.303125 0.8796875
11 0.625 0.1390625 0.690625 0.1390625 0.690625 0.2546875 0.625 0.2546875