1 0.4375 0.425 0.5125 0.425 0.5125 0.525 0.4375 0.525
4 0.6046875 0.20625 0.675 0.20625 0.675 0.296875 0.6046875 0.296875
4 0.2296875 0.2375 0.334375 0.2375 0.334375 0.325 0.2296875 0.325
2 0.8671875 0.0921875 0.9765625 0.0921875 0.9765625 0.190625 0.8671875 0.190625
2 0.765625 0.6421875 0.84375 0.6421875 0.84375 0.740625 0.765625 0.740625
0 0.6984375 0.4296875 0.7625 0.4296875 0.7625 0.5046875 0.6984375 0.5046875
5 0.5359375 0.6453125 0.5875 0.6453125 0.5875 0.7453125 0.5359375 0.7453125
5 0.6734375 0.746875 0.7359375 0.746875 0.7359375 0.8578125 0.6734375 0.8578125
7 0.696875 0.196875 0.7890625 0.196875 0.7890625 0.29375 0.696875 0.29375
7 0.85625 0.31875 0.975 0.31875 0.975 0.4109375 0.85625 0.4109375
10 0.4640625 0.7203125 0.534375 0.7203125 0.534375 0.8609375 0.4640625 0.8609375
10 0.753125 0.828125 0.840625 0.828125 0.840625 0.9875 0.753125 0.9875
8 0.609375 0.0890625 0.675 0.0890625 0.675 0.1828125 0.609375 0.1828125
8 0.85625 0.5359375 0.95 0.5359375 0.95 0.628125 0.85625 0.628125
8 0.275 0.6375 0.35625 0.6375 0.35625 0.73125 0.275 0.73125
11 0.60625 0.53125 0.665625 0.53125 0.665625 0.634375 0.60625 0.634375
11 0.3640625 0.340625 0.434375 0.340625 0.434375 0.4125 0.3640625 0.4125
6 0.3484375 0.1078125 0.41875 0.1078125 0.41875 0.1921875 0.3484375 0.1921875
6 0.5234375 0.3203125 0.5765625 0.3203125 0.5765625 0.3875 0.5234375 0.3875