3 0.196875 0.840625 0.284375 0.840625 0.284375 0.928125 0.196875 0.928125
4 0.175 0.6515625 0.275 0.6515625 0.275 0.74375 0.175 0.74375
5 0.1953125 0.2171875 0.2796875 0.2171875 0.2796875 0.309375 0.1953125 0.309375
1 0.2640625 0.396875 0.3640625 0.396875 0.3640625 0.4671875 0.2640625 0.4671875
2 0.2875 0.21875 0.3609375 0.21875 0.3609375 0.303125 0.2875 0.303125
8 0.2875 0.746875 0.371875 0.746875 0.371875 0.8375 0.2875 0.8375
7 0.378125 0.8359375 0.4625 0.8359375 0.4625 0.9328125 0.378125 0.9328125
3 0.384375 0.7484375 0.4625 0.7484375 0.4625 0.8296875 0.384375 0.8296875
9 0.4625 0.2125 0.546875 0.2125 0.546875 0.3015625 0.4625 0.3015625
5 0.4625 0.30625 0.5375 0.30625 0.5375 0.390625 0.4625 0.390625
11 0.4671875 0.48125 0.5515625 0.48125 0.5515625 0.565625 0.4671875 0.565625
1 0.465625 0.5703125 0.553125 0.5703125 0.553125 0.65625 0.465625 0.65625
2 0.565625 0.2171875 0.6328125 0.2171875 0.6328125 0.3 0.565625 0.3
8 0.5625 0.8375 0.646875 0.8375 0.646875 0.9265625 0.5625 0.9265625
6 0.6453125 0.565625 0.7265625 0.565625 0.7265625 0.653125 0.6453125 0.653125
9 0.64375 0.48125 0.725 0.48125 0.725 0.55625 0.64375 0.55625
7 0.6375 0.29375 0.721875 0.29375 0.721875 0.3890625 0.6375 0.3890625
0 0.740625 0.2078125 0.815625 0.2078125 0.815625 0.2890625 0.740625 0.2890625
10 0.7421875 0.740625 0.828125 0.740625 0.828125 0.828125 0.7421875 0.828125
8 0.6515625 0.8421875 0.746875 0.8421875 0.746875 0.9234375 0.6515625 0.9234375
6 0.8375 0.8375 0.9265625 0.8375 0.9265625 0.9265625 0.8375 0.9265625
10 0.8296875 0.475 0.9125 0.475 0.9125 0.5640625 0.8296875 0.5640625
11 0.821875 0.384375 0.9109375 0.384375 0.9109375 0.4625 0.821875 0.4625
4 0.8265625 0.284375 0.9078125 0.284375 0.9078125 0.3671875 0.8265625 0.3671875
8 0.83125 0.203125 0.9046875 0.203125 0.9046875 0.2734375 0.83125 0.2734375