4 0.1359375 0.1515625 0.265625 0.1515625 0.265625 0.2671875 0.1359375 0.2671875
4 0.1484375 0.51875 0.278125 0.51875 0.278125 0.6015625 0.1484375 0.6015625
5 0.50625 0.43125 0.58125 0.43125 0.58125 0.4953125 0.50625 0.4953125
5 0.7328125 0.509375 0.8390625 0.509375 0.8390625 0.578125 0.7328125 0.578125
3 0.51875 0.59375 0.590625 0.59375 0.590625 0.6546875 0.51875 0.6546875
2 0.6078125 0.509375 0.7046875 0.509375 0.7046875 0.575 0.6078125 0.575
2 0.396875 0.3359375 0.4828125 0.3359375 0.4828125 0.409375 0.396875 0.409375
1 0.83125 0.490625 0.9859375 0.490625 0.9859375 0.575 0.83125 0.575
1 0.29375 0.51875 0.39375 0.51875 0.39375 0.6015625 0.29375 0.6015625
0 0.3 0.659375 0.390625 0.659375 0.390625 0.75625 0.3 0.75625
0 0.053125 0.43125 0.1734375 0.43125 0.1734375 0.4984375 0.053125 0.4984375
0 0.396875 0.51875 0.4875 0.51875 0.4875 0.5875 0.396875 0.5875
11 0.1765625 0.603125 0.28125 0.603125 0.28125 0.678125 0.1765625 0.678125
10 0.828125 0.3203125 0.975 0.3203125 0.975 0.409375 0.828125 0.409375
10 0.6140625 0.240625 0.734375 0.240625 0.734375 0.3421875 0.6140625 0.3421875
9 0.0796875 0.7703125 0.1828125 0.7703125 0.1828125 0.8390625 0.0796875 0.8390625
8 0.0625 0.5171875 0.1609375 0.5171875 0.1609375 0.5984375 0.0625 0.5984375
8 0.290625 0.43125 0.390625 0.43125 0.390625 0.50625 0.290625 0.50625
8 0.5125 0.7515625 0.6125 0.7515625 0.6125 0.846875 0.5125 0.846875
8 0.3703125 0.1734375 0.46875 0.1734375 0.46875 0.2640625 0.3703125 0.2640625
7 0.609375 0.59375 0.728125 0.59375 0.728125 0.69375 0.609375 0.69375
7 0.5 0.353125 0.590625 0.353125 0.590625 0.428125 0.5 0.428125
7 0.496875 0.3546875 0.590625 0.3546875 0.590625 0.4265625 0.496875 0.4265625
6 0.7296875 0.4328125 0.8390625 0.4328125 0.8390625 0.49375 0.7296875 0.49375
6 0.0265625 0.2609375 0.153125 0.2609375 0.153125 0.3359375 0.0265625 0.3359375
5 0.0265625 0.3625 0.146875 0.3625 0.146875 0.4265625 0.0265625 0.4265625