7 0.509375 0.371875 0.5984375 0.371875 0.5984375 0.440625 0.509375 0.440625
7 0.515625 0.2765625 0.6 0.2765625 0.6 0.3578125 0.515625 0.3578125
11 0.109375 0.671875 0.2125 0.671875 0.2125 0.753125 0.109375 0.753125
11 0.6359375 0.69375 0.71875 0.69375 0.71875 0.775 0.6359375 0.775
10 0.5109375 0.60625 0.6 0.60625 0.6 0.6859375 0.5109375 0.6859375
10 0.6203125 0.365625 0.703125 0.365625 0.703125 0.434375 0.6203125 0.434375
9 0.7328125 0.29375 0.8078125 0.29375 0.8078125 0.3546875 0.7328125 0.3546875
9 0.3171875 0.221875 0.3921875 0.221875 0.3921875 0.2921875 0.3171875 0.2921875
8 0.61875 0.53125 0.69375 0.53125 0.69375 0.60625 0.61875 0.60625
8 0.828125 0.453125 0.921875 0.453125 0.921875 0.53125 0.828125 0.53125
8 0.3125 0.4546875 0.4 0.4546875 0.4 0.5109375 0.3125 0.5109375
8 0.2109375 0.3890625 0.3109375 0.3890625 0.3109375 0.4515625 0.2109375 0.4515625
6 0.39375 0.534375 0.475 0.534375 0.475 0.596875 0.39375 0.596875
6 0.0765625 0.2140625 0.196875 0.2140625 0.196875 0.2890625 0.0765625 0.2890625
5 0.0859375 0.2984375 0.2015625 0.2984375 0.2015625 0.359375 0.0859375 0.359375
5 0.615625 0.2 0.703125 0.2 0.703125 0.278125 0.615625 0.278125
4 0.521875 0.4515625 0.6 0.4515625 0.6 0.5140625 0.521875 0.5140625
4 0.2859375 0.36875 0.3984375 0.36875 0.3984375 0.4359375 0.2859375 0.4359375
3 0.5140625 0.678125 0.5765625 0.678125 0.5765625 0.7359375 0.5140625 0.7359375
3 0.8296875 0.7671875 0.9171875 0.7671875 0.9171875 0.8390625 0.8296875 0.8390625
2 0.4328125 0.365625 0.509375 0.365625 0.509375 0.4359375 0.4328125 0.4359375
2 0.3515625 0.678125 0.434375 0.678125 0.434375 0.75625 0.3515625 0.75625
1 0.4078125 0.4578125 0.503125 0.4578125 0.503125 0.5171875 0.4078125 0.5171875
1 0.5140625 0.5296875 0.603125 0.5296875 0.603125 0.6078125 0.5140625 0.6078125
0 0.6296875 0.4625 0.6984375 0.4625 0.6984375 0.515625 0.6296875 0.515625