3 0.10625 0.840625 0.1875 0.840625 0.1875 0.93125 0.10625 0.93125
3 0.8453125 0.83125 0.9328125 0.83125 0.9328125 0.915625 0.8453125 0.915625
3 0.6125 0.740625 0.6875 0.740625 0.6875 0.825 0.6125 0.825
3 0.51875 0.634375 0.590625 0.634375 0.590625 0.70625 0.51875 0.70625
3 0.628125 0.64375 0.7125 0.64375 0.7125 0.715625 0.628125 0.715625
3 0.7453125 0.6234375 0.8203125 0.6234375 0.8203125 0.703125 0.7453125 0.703125
3 0.5125 0.4296875 0.584375 0.4296875 0.584375 0.4953125 0.5125 0.4953125
3 0.6234375 0.428125 0.69375 0.428125 0.69375 0.49375 0.6234375 0.49375
3 0.3125 0.425 0.3796875 0.425 0.3796875 0.503125 0.3125 0.503125
3 0.0953125 0.321875 0.1796875 0.321875 0.1796875 0.4 0.0953125 0.4
3 0.7203125 0.3046875 0.7953125 0.3046875 0.7953125 0.3796875 0.7203125 0.3796875
3 0.8328125 0.3203125 0.93125 0.3203125 0.93125 0.390625 0.8328125 0.390625
3 0.0546875 0.09375 0.1390625 0.09375 0.1390625 0.1828125 0.0546875 0.1828125
3 0.275 0.221875 0.346875 0.221875 0.346875 0.296875 0.275 0.296875
3 0.50625 0.2171875 0.575 0.2171875 0.575 0.2921875 0.50625 0.2921875
9 0.0921875 0.65 0.175 0.65 0.175 0.7203125 0.0921875 0.7203125
9 0.20625 0.55 0.28125 0.55 0.28125 0.625 0.20625 0.625
9 0.1859375 0.440625 0.265625 0.440625 0.265625 0.50625 0.1859375 0.50625
9 0.184375 0.23125 0.25625 0.23125 0.25625 0.3125 0.184375 0.3125
9 0.421875 0.55625 0.4921875 0.55625 0.4921875 0.628125 0.421875 0.628125
9 0.4265625 0.6421875 0.496875 0.6421875 0.496875 0.71875 0.4265625 0.71875
9 0.3046875 0.6578125 0.375 0.6578125 0.375 0.734375 0.3046875 0.734375
9 0.403125 0.215625 0.471875 0.215625 0.471875 0.296875 0.403125 0.296875
9 0.5203125 0.3265625 0.5828125 0.3265625 0.5828125 0.3921875 0.5203125 0.3921875
9 0.74375 0.5140625 0.828125 0.5140625 0.828125 0.5890625 0.74375 0.5890625
9 0.615625 0.215625 0.690625 0.215625 0.690625 0.2921875 0.615625 0.2921875
9 0.26875 0.1078125 0.334375 0.1078125 0.334375 0.1828125 0.26875 0.1828125
9 0.1625 0.09375 0.24375 0.09375 0.24375 0.175 0.1625 0.175
9 0.3984375 0.09375 0.4640625 0.09375 0.4640625 0.1734375 0.3984375 0.1734375
9 0.496875 0.103125 0.5578125 0.103125 0.5578125 0.18125 0.496875 0.18125