4 0.7515625 0.746875 0.8828125 0.746875 0.8828125 0.8484375 0.7515625 0.8484375
1 0.128125 0.79375 0.259375 0.79375 0.259375 0.9046875 0.128125 0.9046875
2 0.015625 0.63125 0.1421875 0.63125 0.1421875 0.6953125 0.015625 0.6953125
5 0.503125 0.60625 0.575 0.60625 0.575 0.6609375 0.503125 0.6609375
8 0.8546875 0.740625 0.98125 0.740625 0.98125 0.8078125 0.8546875 0.8078125
10 0.4109375 0.771875 0.496875 0.771875 0.496875 0.8796875 0.4109375 0.8796875
10 0.63125 0.7546875 0.746875 0.7546875 0.746875 0.8609375 0.63125 0.8609375
8 0.2609375 0.5375 0.3578125 0.5375 0.3578125 0.5984375 0.2609375 0.5984375
8 0.7265625 0.5828125 0.8328125 0.5828125 0.8328125 0.64375 0.7265625 0.64375
8 0.359375 0.203125 0.4390625 0.203125 0.4390625 0.278125 0.359375 0.278125
7 0.603125 0.51875 0.7046875 0.51875 0.7046875 0.5828125 0.603125 0.5828125
5 0.4703125 0.3375 0.5375 0.3375 0.5375 0.40625 0.4703125 0.40625
4 0.8203125 0.5109375 0.965625 0.5109375 0.965625 0.5734375 0.8203125 0.5734375
2 0.4890625 0.5234375 0.5640625 0.5234375 0.5640625 0.5796875 0.4890625 0.5796875
0 0.009375 0.4 0.121875 0.4 0.121875 0.4578125 0.009375 0.4578125
1 0.0953125 0.271875 0.2265625 0.271875 0.2265625 0.36875 0.0953125 0.36875