0 0.578125 0.725 0.646875 0.725 0.646875 0.7875 0.578125 0.7875
0 0.2703125 0.64375 0.3296875 0.64375 0.3296875 0.7 0.2703125 0.7
0 0.1671875 0.484375 0.2375 0.484375 0.2375 0.5609375 0.1671875 0.5609375
1 0.6546875 0.484375 0.7359375 0.484375 0.7359375 0.540625 0.6546875 0.540625
1 0.421875 0.33125 0.4859375 0.33125 0.4859375 0.403125 0.421875 0.403125
2 0.271875 0.5765625 0.340625 0.5765625 0.340625 0.6328125 0.271875 0.6328125
2 0.5734375 0.2609375 0.6359375 0.2609375 0.6359375 0.325 0.5734375 0.325
4 0.73125 0.315625 0.821875 0.315625 0.821875 0.3890625 0.73125 0.3890625
4 0.34375 0.63125 0.41875 0.63125 0.41875 0.7125 0.34375 0.7125
5 0.73125 0.475 0.8125 0.475 0.8125 0.55 0.73125 0.55
5 0.5140625 0.1640625 0.578125 0.1640625 0.578125 0.2390625 0.5140625 0.2390625
5 0.35 0.48125 0.41875 0.48125 0.41875 0.5546875 0.35 0.5546875
5 0.175 0.15625 0.2484375 0.15625 0.2484375 0.240625 0.175 0.240625
11 0.340625 0.16875 0.4109375 0.16875 0.4109375 0.2453125 0.340625 0.2453125
11 0.5078125 0.5 0.5625 0.5 0.5625 0.5546875 0.5078125 0.5546875
10 0.5046875 0.6359375 0.58125 0.6359375 0.58125 0.7140625 0.5046875 0.7140625
10 0.2421875 0.234375 0.334375 0.234375 0.334375 0.3265625 0.2421875 0.3265625
9 0.73125 0.15625 0.8 0.15625 0.8 0.228125 0.73125 0.228125
9 0.590625 0.55 0.65 0.55 0.65 0.609375 0.590625 0.609375
9 0.203125 0.6546875 0.259375 0.6546875 0.259375 0.721875 0.203125 0.721875
9 0.1859375 0.2578125 0.2484375 0.2578125 0.2484375 0.3265625 0.1859375 0.3265625
8 0.7421875 0.7 0.8171875 0.7 0.8171875 0.7796875 0.7421875 0.7796875
8 0.41875 0.64375 0.4859375 0.64375 0.4859375 0.7171875 0.41875 0.7171875
8 0.728125 0.403125 0.8015625 0.403125 0.8015625 0.471875 0.728125 0.471875
8 0.1875 0.340625 0.2640625 0.340625 0.2640625 0.409375 0.1875 0.409375
7 0.5734375 0.33125 0.646875 0.33125 0.646875 0.403125 0.5734375 0.403125
7 0.4078125 0.2453125 0.4890625 0.2453125 0.4890625 0.3265625 0.4078125 0.3265625
6 0.7359375 0.55625 0.8171875 0.55625 0.8171875 0.6140625 0.7359375 0.6140625
6 0.4328125 0.496875 0.4890625 0.496875 0.4890625 0.5546875 0.4328125 0.5546875
6 0.2546875 0.421875 0.3359375 0.421875 0.3359375 0.4859375 0.2546875 0.4859375
6 0.4875 0.4078125 0.55625 0.4078125 0.55625 0.478125 0.4875 0.478125