3 0.140625 0.053125 0.2328125 0.053125 0.2328125 0.1390625 0.140625 0.1390625
3 0.25625 0.0765625 0.3375 0.0765625 0.3375 0.1609375 0.25625 0.1609375
3 0.4421875 0.071875 0.5234375 0.071875 0.5234375 0.153125 0.4421875 0.153125
3 0.6421875 0.0609375 0.7171875 0.0609375 0.7171875 0.14375 0.6421875 0.14375
3 0.7453125 0.065625 0.83125 0.065625 0.83125 0.15 0.7453125 0.15
3 0.8421875 0.075 0.9265625 0.075 0.9265625 0.15625 0.8421875 0.15625
3 0.85 0.178125 0.940625 0.178125 0.940625 0.2546875 0.85 0.2546875
3 0.8484375 0.271875 0.9453125 0.271875 0.9453125 0.340625 0.8484375 0.340625
3 0.846875 0.3578125 0.9375 0.3578125 0.9375 0.428125 0.846875 0.428125
3 0.8328125 0.4640625 0.9203125 0.4640625 0.9203125 0.5328125 0.8328125 0.5328125
3 0.8328125 0.56875 0.9171875 0.56875 0.9171875 0.6421875 0.8328125 0.6421875
3 0.825 0.65 0.9109375 0.65 0.9109375 0.721875 0.825 0.721875
3 0.840625 0.75 0.928125 0.75 0.928125 0.825 0.840625 0.825
3 0.65 0.7484375 0.7296875 0.7484375 0.7296875 0.8296875 0.65 0.8296875
3 0.1734375 0.74375 0.2515625 0.74375 0.2515625 0.821875 0.1734375 0.821875
9 0.4765625 0.165625 0.5421875 0.165625 0.5421875 0.2453125 0.4765625 0.2453125
9 0.55625 0.16875 0.63125 0.16875 0.63125 0.246875 0.55625 0.246875
9 0.3828125 0.2875 0.4609375 0.2875 0.4609375 0.3625 0.3828125 0.3625
9 0.4703125 0.2734375 0.5453125 0.2734375 0.5453125 0.3484375 0.4703125 0.3484375
9 0.5546875 0.2671875 0.634375 0.2671875 0.634375 0.340625 0.5546875 0.340625
9 0.646875 0.2890625 0.721875 0.2890625 0.721875 0.3625 0.646875 0.3625
9 0.3734375 0.3765625 0.440625 0.3765625 0.440625 0.4390625 0.3734375 0.4390625
9 0.4625 0.371875 0.5359375 0.371875 0.5359375 0.44375 0.4625 0.44375
9 0.56875 0.3640625 0.640625 0.3640625 0.640625 0.4515625 0.56875 0.4515625
9 0.65 0.371875 0.728125 0.371875 0.728125 0.4375 0.65 0.4375
9 0.36875 0.4671875 0.4375 0.4671875 0.4375 0.5359375 0.36875 0.5359375
9 0.465625 0.4765625 0.534375 0.4765625 0.534375 0.5453125 0.465625 0.5453125
9 0.5625 0.4703125 0.634375 0.4703125 0.634375 0.5421875 0.5625 0.5421875
9 0.6515625 0.4734375 0.7234375 0.4734375 0.7234375 0.5390625 0.6515625 0.5390625
9 0.553125 0.5625 0.6171875 0.5625 0.6171875 0.628125 0.553125 0.628125