1 0.0828125 0.0953125 0.2015625 0.0953125 0.2015625 0.23125 0.0828125 0.23125
1 0.35625 0.0609375 0.440625 0.0609375 0.440625 0.20625 0.35625 0.20625
2 0.2671875 0.321875 0.3453125 0.321875 0.3453125 0.4171875 0.2671875 0.4171875
2 0.44375 0.4390625 0.503125 0.4390625 0.503125 0.521875 0.44375 0.521875
5 0.1125 0.340625 0.20625 0.340625 0.20625 0.4265625 0.1125 0.4265625
5 0.184375 0.740625 0.2671875 0.740625 0.2671875 0.8375 0.184375 0.8375
4 0.6796875 0.05625 0.7703125 0.05625 0.7703125 0.2 0.6796875 0.2
7 0.6875 0.853125 0.78125 0.853125 0.78125 1 0.6875 1
10 0.078125 0.85625 0.203125 0.85625 0.203125 1 0.078125 1
8 0.290625 0.5296875 0.3609375 0.5296875 0.3609375 0.609375 0.290625 0.609375
8 0.3484375 0.4453125 0.421875 0.4453125 0.421875 0.525 0.3484375 0.525
8 0.4390625 0.2046875 0.5 0.2046875 0.5 0.3109375 0.4390625 0.3109375
8 0.51875 0.659375 0.584375 0.659375 0.584375 0.7421875 0.51875 0.7421875
11 0.365625 0.6515625 0.43125 0.6515625 0.43125 0.7390625 0.365625 0.7390625
11 0.5890625 0.3125 0.653125 0.3125 0.653125 0.4 0.5890625 0.4