7 0.6375 0.546875 0.746875 0.546875 0.746875 0.6234375 0.6375 0.6234375
10 0.5484375 0.403125 0.646875 0.403125 0.646875 0.478125 0.5484375 0.478125
8 0.4671875 0.4875 0.553125 0.4875 0.553125 0.55 0.4671875 0.55
8 0.740625 0.4171875 0.8359375 0.4171875 0.8359375 0.4796875 0.740625 0.4796875
8 0.378125 0.34375 0.465625 0.34375 0.465625 0.415625 0.378125 0.415625
11 0.184375 0.3375 0.278125 0.3375 0.278125 0.4078125 0.184375 0.4078125
11 0.378125 0.5546875 0.4671875 0.5546875 0.4671875 0.6203125 0.378125 0.6203125
8 0.559375 0.625 0.6390625 0.625 0.6390625 0.69375 0.559375 0.69375
5 0.078125 0.69375 0.1734375 0.69375 0.1734375 0.7640625 0.078125 0.7640625
5 0.4734375 0.284375 0.5546875 0.284375 0.5546875 0.3515625 0.4734375 0.3515625
2 0.303125 0.2703125 0.38125 0.2703125 0.38125 0.359375 0.303125 0.359375
2 0.2875 0.55625 0.3640625 0.55625 0.3640625 0.6265625 0.2875 0.6265625
1 0.646875 0.259375 0.753125 0.259375 0.753125 0.3515625 0.646875 0.3515625
1 0.2671875 0.4796875 0.3953125 0.4796875 0.3953125 0.5453125 0.2671875 0.5453125
4 0.0578125 0.5484375 0.1921875 0.5484375 0.1921875 0.625 0.0578125 0.625
1 0.6421875 0.253125 0.7578125 0.253125 0.7578125 0.3546875 0.6421875 0.3546875
1 0.2671875 0.478125 0.39375 0.478125 0.39375 0.54375 0.2671875 0.54375
4 0.053125 0.5453125 0.1921875 0.5453125 0.1921875 0.6234375 0.053125 0.6234375
2 0.2984375 0.265625 0.3828125 0.265625 0.3828125 0.3578125 0.2984375 0.3578125
2 0.2703125 0.5578125 0.36875 0.5578125 0.36875 0.6265625 0.2703125 0.6265625
5 0.078125 0.69375 0.171875 0.69375 0.171875 0.765625 0.078125 0.765625
5 0.4703125 0.2734375 0.5546875 0.2734375 0.5546875 0.35625 0.4703125 0.35625
7 0.634375 0.540625 0.7453125 0.540625 0.7453125 0.625 0.634375 0.625
8 0.371875 0.340625 0.4703125 0.340625 0.4703125 0.4171875 0.371875 0.4171875
8 0.4625 0.4828125 0.553125 0.4828125 0.553125 0.5546875 0.4625 0.5546875
8 0.740625 0.4140625 0.8359375 0.4140625 0.8359375 0.4828125 0.740625 0.4828125
8 0.5546875 0.6265625 0.646875 0.6265625 0.646875 0.6953125 0.5546875 0.6953125
10 0.55 0.3984375 0.6421875 0.3984375 0.6421875 0.4796875 0.55 0.4796875
11 0.1875 0.3359375 0.2796875 0.3359375 0.2796875 0.409375 0.1875 0.409375
11 0.375 0.5484375 0.4671875 0.5484375 0.4671875 0.625 0.375 0.625