11 0.33125 0.4375 0.415625 0.4375 0.415625 0.5046875 0.33125 0.5046875
11 0.6171875 0.196875 0.7015625 0.196875 0.7015625 0.2859375 0.6171875 0.2859375
10 0.121875 0.80625 0.24375 0.80625 0.24375 0.9359375 0.121875 0.9359375
10 0.2265625 0.60625 0.340625 0.60625 0.340625 0.69375 0.2265625 0.69375
10 0.225 0.51875 0.334375 0.51875 0.334375 0.5984375 0.225 0.5984375
9 0.15 0.725 0.225 0.725 0.225 0.79375 0.15 0.79375
9 0.14375 0.125 0.21875 0.125 0.21875 0.20625 0.14375 0.20625
9 0.253125 0.446875 0.328125 0.446875 0.328125 0.5078125 0.253125 0.5078125
9 0.2546875 0.340625 0.3265625 0.340625 0.3265625 0.39375 0.2546875 0.39375
9 0.4453125 0.80625 0.515625 0.80625 0.515625 0.88125 0.4453125 0.88125
9 0.5375 0.7 0.609375 0.7 0.609375 0.76875 0.5375 0.76875
9 0.540625 0.609375 0.6109375 0.609375 0.6109375 0.6671875 0.540625 0.6671875
9 0.5484375 0.1078125 0.6046875 0.1078125 0.6046875 0.1875 0.5484375 0.1875
9 0.625 0.41875 0.6953125 0.41875 0.6953125 0.484375 0.625 0.484375
9 0.6375 0.515625 0.696875 0.515625 0.696875 0.5875 0.6375 0.5875
9 0.7390625 0.328125 0.809375 0.328125 0.809375 0.390625 0.7390625 0.390625
9 0.725 0.11875 0.7921875 0.11875 0.7921875 0.196875 0.725 0.196875
9 0.828125 0.4109375 0.909375 0.4109375 0.909375 0.48125 0.828125 0.48125
9 0.846875 0.521875 0.925 0.521875 0.925 0.584375 0.846875 0.584375
9 0.8296875 0.8140625 0.9234375 0.8140625 0.9234375 0.8984375 0.8296875 0.8984375
7 0.2078125 0.7125 0.3234375 0.7125 0.3234375 0.8203125 0.2078125 0.8203125
7 0.3328125 0.521875 0.434375 0.521875 0.434375 0.6 0.3328125 0.6
7 0.1859375 0.0875 0.309375 0.0875 0.309375 0.2078125 0.1859375 0.2078125
6 0.321875 0.6140625 0.4046875 0.6140625 0.4046875 0.684375 0.321875 0.684375
6 0.334375 0.30625 0.41875 0.30625 0.41875 0.38125 0.334375 0.38125
6 0.440625 0.325 0.5109375 0.325 0.5109375 0.403125 0.440625 0.403125
6 0.5359375 0.53125 0.60625 0.53125 0.60625 0.603125 0.5359375 0.603125
6 0.7296875 0.721875 0.8265625 0.721875 0.8265625 0.8140625 0.7296875 0.8140625
6 0.8390625 0.59375 0.9421875 0.59375 0.9421875 0.678125 0.8390625 0.678125
5 0.146875 0.59375 0.2359375 0.59375 0.2359375 0.6609375 0.146875 0.6609375
5 0.346875 0.809375 0.4296875 0.809375 0.4296875 0.915625 0.346875 0.915625
5 0.41875 0.203125 0.503125 0.203125 0.503125 0.3 0.41875 0.3
5 0.740625 0.51875 0.828125 0.51875 0.828125 0.590625 0.740625 0.590625
5 0.7125 0.41875 0.80625 0.41875 0.80625 0.4875 0.7125 0.4875
4 0.1234375 0.509375 0.24375 0.509375 0.24375 0.584375 0.1234375 0.584375
4 0.1 0.2328125 0.246875 0.2328125 0.246875 0.334375 0.1 0.334375
4 0.71875 0.1859375 0.8265625 0.1859375 0.8265625 0.296875 0.71875 0.296875
3 0.1375 0.434375 0.228125 0.434375 0.228125 0.4953125 0.1375 0.4953125
3 0.159375 0.3421875 0.24375 0.3421875 0.24375 0.3953125 0.159375 0.3953125
3 0.25625 0.80625 0.3375 0.80625 0.3375 0.8734375 0.25625 0.8734375
3 0.3328125 0.6921875 0.4125 0.6921875 0.4125 0.7625 0.3328125 0.7625
3 0.2578125 0.2328125 0.3296875 0.2328125 0.3296875 0.3171875 0.2578125 0.3171875
3 0.4375 0.5125 0.4953125 0.5125 0.4953125 0.571875 0.4375 0.571875
3 0.5453125 0.8 0.6203125 0.8 0.6203125 0.878125 0.5453125 0.878125
3 0.465625 0.1140625 0.534375 0.1140625 0.534375 0.1890625 0.465625 0.1890625
3 0.5390625 0.3203125 0.609375 0.3203125 0.609375 0.390625 0.5390625 0.390625
3 0.628125 0.34375 0.684375 0.34375 0.684375 0.403125 0.628125 0.403125
3 0.8171875 0.3109375 0.9046875 0.3109375 0.9046875 0.3859375 0.8171875 0.3859375
3 0.83125 0.1046875 0.90625 0.1046875 0.90625 0.1796875 0.83125 0.1796875
3 0.83125 0.2125 0.915625 0.2125 0.915625 0.290625 0.83125 0.290625
2 0.33125 0.11875 0.415625 0.11875 0.415625 0.234375 0.33125 0.234375
2 0.425 0.603125 0.5046875 0.603125 0.5046875 0.70625 0.425 0.70625
2 0.6265625 0.7171875 0.7109375 0.7171875 0.7109375 0.8109375 0.6265625 0.8109375
2 0.8359375 0.6984375 0.9421875 0.6984375 0.9421875 0.7859375 0.8359375 0.7859375
1 0.440625 0.7046875 0.525 0.7046875 0.525 0.8125 0.440625 0.8125
1 0.5234375 0.1984375 0.6109375 0.1984375 0.6109375 0.3046875 0.5234375 0.3046875
1 0.54375 0.421875 0.621875 0.421875 0.621875 0.509375 0.54375 0.509375
0 0.3265625 0.228125 0.409375 0.228125 0.409375 0.3125 0.3265625 0.3125
0 0.4265625 0.4375 0.515625 0.4375 0.515625 0.5 0.4265625 0.5
0 0.6328125 0.6046875 0.7078125 0.6046875 0.7078125 0.684375 0.6328125 0.684375
0 0.746875 0.80625 0.828125 0.80625 0.828125 0.909375 0.746875 0.909375
0 0.728125 0.6046875 0.8 0.6046875 0.8 0.6796875 0.728125 0.6796875
3 0.6234375 0.8140625 0.6984375 0.8140625 0.6984375 0.9015625 0.6234375 0.9015625
5 0.6203125 0.0828125 0.70625 0.0828125 0.70625 0.1859375 0.6203125 0.1859375