3 0.8296875 0.1234375 0.9109375 0.1234375 0.9109375 0.190625 0.8296875 0.190625
3 0.8078125 0.234375 0.8890625 0.234375 0.8890625 0.3 0.8078125 0.3
3 0.8109375 0.4171875 0.8921875 0.4171875 0.8921875 0.4765625 0.8109375 0.4765625
3 0.8171875 0.6046875 0.896875 0.6046875 0.896875 0.6703125 0.8171875 0.6703125
3 0.809375 0.7109375 0.884375 0.7109375 0.884375 0.7859375 0.809375 0.7859375
3 0.809375 0.7953125 0.875 0.7953125 0.875 0.875 0.809375 0.875
3 0.725 0.8078125 0.784375 0.8078125 0.784375 0.8921875 0.725 0.8921875
3 0.634375 0.8078125 0.6953125 0.8078125 0.6953125 0.89375 0.634375 0.89375
3 0.55 0.80625 0.609375 0.80625 0.609375 0.8859375 0.55 0.8859375
3 0.440625 0.7875 0.5046875 0.7875 0.5046875 0.875 0.440625 0.875
3 0.34375 0.79375 0.40625 0.79375 0.40625 0.86875 0.34375 0.86875
3 0.259375 0.7890625 0.33125 0.7890625 0.33125 0.8640625 0.259375 0.8640625
3 0.1484375 0.8078125 0.228125 0.8078125 0.228125 0.8875 0.1484375 0.8875
3 0.1453125 0.6203125 0.2359375 0.6203125 0.2359375 0.6890625 0.1453125 0.6890625
3 0.159375 0.1328125 0.234375 0.1328125 0.234375 0.2171875 0.159375 0.2171875
9 0.6203125 0.3578125 0.6765625 0.3578125 0.6765625 0.4140625 0.6203125 0.4140625
9 0.728125 0.44375 0.7890625 0.44375 0.7890625 0.5 0.728125 0.5
9 0.7265625 0.528125 0.790625 0.528125 0.790625 0.5875 0.7265625 0.5875
9 0.6296875 0.4421875 0.6890625 0.4421875 0.6890625 0.4984375 0.6296875 0.4984375
9 0.6375 0.534375 0.6875 0.534375 0.6875 0.5875 0.6375 0.5875
9 0.6140625 0.6140625 0.671875 0.6140625 0.671875 0.6734375 0.6140625 0.6734375
9 0.546875 0.621875 0.6 0.621875 0.6 0.6796875 0.546875 0.6796875
9 0.5375 0.546875 0.590625 0.546875 0.590625 0.5984375 0.5375 0.5984375
9 0.54375 0.434375 0.5953125 0.434375 0.5953125 0.4921875 0.54375 0.4921875
9 0.540625 0.3453125 0.5953125 0.3453125 0.5953125 0.4 0.540625 0.4
9 0.4421875 0.3453125 0.5 0.3453125 0.5 0.3953125 0.4421875 0.3953125
9 0.4375 0.4375 0.490625 0.4375 0.490625 0.496875 0.4375 0.496875
9 0.4375 0.540625 0.49375 0.540625 0.49375 0.5953125 0.4375 0.5953125
9 0.4390625 0.6171875 0.4984375 0.6171875 0.4984375 0.678125 0.4390625 0.678125
9 0.3546875 0.525 0.4125 0.525 0.4125 0.5796875 0.3546875 0.5796875