0 0.809375 0.584375 0.9203125 0.584375 0.9203125 0.665625 0.809375 0.665625
0 0.4375 0.6140625 0.5140625 0.6140625 0.5140625 0.690625 0.4375 0.690625
0 0.428125 0.1796875 0.50625 0.1796875 0.50625 0.275 0.428125 0.275
5 0.321875 0.09375 0.396875 0.09375 0.396875 0.19375 0.321875 0.19375
5 0.0875 0.4015625 0.196875 0.4015625 0.196875 0.4890625 0.0875 0.4890625
5 0.1203125 0.825 0.21875 0.825 0.21875 0.934375 0.1203125 0.934375
5 0.5359375 0.78125 0.6171875 0.78125 0.6171875 0.8796875 0.5359375 0.8796875
1 0.228125 0.6140625 0.3265625 0.6140625 0.3265625 0.728125 0.228125 0.728125
1 0.321875 0.81875 0.4328125 0.81875 0.4328125 0.94375 0.321875 0.94375
2 0.725 0.78125 0.8203125 0.78125 0.8203125 0.875 0.725 0.875
2 0.078125 0.09375 0.175 0.09375 0.175 0.1875 0.078125 0.1875
4 0.4296875 0.2828125 0.515625 0.2828125 0.515625 0.38125 0.4296875 0.38125
4 0.528125 0.5078125 0.6125 0.5078125 0.6125 0.58125 0.528125 0.58125
11 0.21875 0.071875 0.3046875 0.071875 0.3046875 0.175 0.21875 0.175
11 0.109375 0.7171875 0.2171875 0.7171875 0.2171875 0.8125 0.109375 0.8125
10 0.33125 0.315625 0.41875 0.315625 0.41875 0.403125 0.33125 0.403125
10 0.33125 0.603125 0.41875 0.603125 0.41875 0.690625 0.33125 0.690625
9 0.6375 0.7875 0.7125 0.7875 0.7125 0.8640625 0.6375 0.8640625
9 0.5328125 0.3078125 0.6 0.3078125 0.6 0.3921875 0.5328125 0.3921875
9 0.2125 0.3125 0.290625 0.3125 0.290625 0.3859375 0.2125 0.3859375
9 0.2390625 0.8203125 0.31875 0.8203125 0.31875 0.9015625 0.2390625 0.9015625
8 0.125 0.61875 0.221875 0.61875 0.221875 0.7125 0.125 0.7125
8 0.3375 0.41875 0.4234375 0.41875 0.4234375 0.5078125 0.3375 0.5078125
8 0.4328125 0.09375 0.5171875 0.09375 0.5171875 0.184375 0.4328125 0.184375
8 0.625 0.5984375 0.7109375 0.5984375 0.7109375 0.6828125 0.625 0.6828125
7 0.3203125 0.5140625 0.41875 0.5140625 0.41875 0.603125 0.3203125 0.603125
7 0.2125 0.415625 0.31875 0.415625 0.31875 0.5 0.2125 0.5
6 0.603125 0.0765625 0.6875 0.0765625 0.6875 0.1875 0.603125 0.1875
6 0.540625 0.4078125 0.609375 0.4078125 0.609375 0.4890625 0.540625 0.4890625
6 0.44375 0.70625 0.5296875 0.70625 0.5296875 0.79375 0.44375 0.79375
6 0.3265625 0.2125 0.4046875 0.2125 0.4046875 0.296875 0.3265625 0.296875