8 0.0609375 0.10625 0.1671875 0.10625 0.1671875 0.203125 0.0609375 0.203125
9 0.0875 0.2125 0.18125 0.2125 0.18125 0.2796875 0.0875 0.2796875
0 0.2 0.1984375 0.296875 0.1984375 0.296875 0.290625 0.2 0.290625
6 0.29375 0.0859375 0.3875 0.0859375 0.3875 0.2046875 0.29375 0.2046875
0 0.378125 0.1359375 0.4609375 0.1359375 0.4609375 0.2234375 0.378125 0.2234375
8 0.575 0.10625 0.6765625 0.10625 0.6765625 0.2078125 0.575 0.2078125
8 0.496875 0.209375 0.584375 0.209375 0.584375 0.303125 0.496875 0.303125
4 0.6765625 0.153125 0.7703125 0.153125 0.7703125 0.2765625 0.6765625 0.2765625
2 0.76875 0.1953125 0.8609375 0.1953125 0.8609375 0.2890625 0.76875 0.2890625
6 0.5828125 0.2953125 0.659375 0.2953125 0.659375 0.3796875 0.5828125 0.3796875
7 0.3671875 0.2796875 0.459375 0.2796875 0.459375 0.38125 0.3671875 0.38125
0 0.0859375 0.396875 0.18125 0.396875 0.18125 0.48125 0.0859375 0.48125
9 0.4984375 0.3953125 0.56875 0.3953125 0.56875 0.4578125 0.4984375 0.4578125
9 0.6828125 0.39375 0.76875 0.39375 0.76875 0.46875 0.6828125 0.46875
9 0.4109375 0.50625 0.4875 0.50625 0.4875 0.5765625 0.4109375 0.5765625
9 0.7828125 0.5796875 0.8625 0.5796875 0.8625 0.6453125 0.7828125 0.6453125
4 0.7765625 0.384375 0.89375 0.384375 0.89375 0.4796875 0.7765625 0.4796875
2 0.6875 0.496875 0.7765625 0.496875 0.7765625 0.571875 0.6875 0.571875
10 0.5734375 0.48125 0.6640625 0.48125 0.6640625 0.5640625 0.5734375 0.5640625
11 0.1859375 0.4984375 0.2796875 0.4984375 0.2796875 0.56875 0.1859375 0.56875
5 0.2875 0.5 0.371875 0.5 0.371875 0.575 0.2875 0.575
5 0.0765625 0.584375 0.1828125 0.584375 0.1828125 0.659375 0.0765625 0.659375
6 0.49375 0.5828125 0.5734375 0.5828125 0.5734375 0.6546875 0.49375 0.6546875
8 0.78125 0.6765625 0.884375 0.6765625 0.884375 0.7671875 0.78125 0.7671875
5 0.4953125 0.6859375 0.575 0.6859375 0.575 0.7703125 0.4953125 0.7703125
6 0.296875 0.675 0.3734375 0.675 0.3734375 0.75 0.296875 0.75
1 0.046875 0.6796875 0.1796875 0.6796875 0.1796875 0.7859375 0.046875 0.7859375
1 0.040625 0.8 0.175 0.8 0.175 0.9109375 0.040625 0.9109375
10 0.28125 0.7828125 0.384375 0.7828125 0.384375 0.896875 0.28125 0.896875
5 0.503125 0.7890625 0.5875 0.7890625 0.5875 0.890625 0.503125 0.890625
7 0.68125 0.7890625 0.809375 0.7890625 0.809375 0.9171875 0.68125 0.9171875