0 0.7171875 0.2203125 0.8109375 0.2203125 0.8109375 0.303125 0.7171875 0.303125
0 0.328125 0.615625 0.4046875 0.615625 0.4046875 0.6984375 0.328125 0.6984375
0 0.6125 0.321875 0.6953125 0.321875 0.6953125 0.4046875 0.6125 0.4046875
0 0.60625 0.434375 0.6890625 0.434375 0.6890625 0.5015625 0.60625 0.5015625
1 0.40625 0.3421875 0.49375 0.3421875 0.49375 0.428125 0.40625 0.428125
1 0.525 0.6875 0.6078125 0.6875 0.6078125 0.809375 0.525 0.809375
1 0.8109375 0.4296875 0.9484375 0.4296875 0.9484375 0.5125 0.8109375 0.5125
2 0.6953125 0.109375 0.809375 0.109375 0.809375 0.1921875 0.6953125 0.1921875
2 0.0671875 0.6125 0.1953125 0.6125 0.1953125 0.709375 0.0671875 0.709375
2 0.7140625 0.7046875 0.8109375 0.7046875 0.8109375 0.7875 0.7140625 0.7875
3 0.709375 0.4140625 0.80625 0.4140625 0.80625 0.490625 0.709375 0.490625
3 0.2359375 0.128125 0.3078125 0.128125 0.3078125 0.215625 0.2359375 0.215625
3 0.3 0.13125 0.3671875 0.13125 0.3671875 0.2140625 0.3 0.2140625
3 0.6109375 0.096875 0.6859375 0.096875 0.6859375 0.18125 0.6109375 0.18125
3 0.70625 0.5109375 0.7890625 0.5109375 0.7890625 0.5765625 0.70625 0.5765625
3 0.8109375 0.5265625 0.8859375 0.5265625 0.8859375 0.5859375 0.8109375 0.5859375
3 0.440625 0.6140625 0.49375 0.6140625 0.49375 0.675 0.440625 0.675
3 0.109375 0.7328125 0.1859375 0.7328125 0.1859375 0.809375 0.109375 0.809375
3 0.321875 0.8125 0.39375 0.8125 0.39375 0.8890625 0.321875 0.8890625
3 0.4421875 0.834375 0.5015625 0.834375 0.5015625 0.90625 0.4421875 0.90625
3 0.8125 0.7125 0.8875 0.7125 0.8875 0.7875 0.8125 0.7875
3 0.2078125 0.4203125 0.2875 0.4203125 0.2875 0.4859375 0.2078125 0.4859375
3 0.0984375 0.334375 0.18125 0.334375 0.18125 0.4015625 0.0984375 0.4015625
3 0.2140625 0.31875 0.29375 0.31875 0.29375 0.3890625 0.2140625 0.3890625
3 0.8140625 0.3375 0.903125 0.3375 0.903125 0.4078125 0.8140625 0.4078125
4 0.1953125 0.203125 0.30625 0.203125 0.30625 0.30625 0.1953125 0.30625
4 0.6078125 0.790625 0.709375 0.790625 0.709375 0.928125 0.6078125 0.928125
4 0.2234375 0.8078125 0.3265625 0.8078125 0.3265625 0.9578125 0.2234375 0.9578125
5 0.0953125 0.196875 0.1984375 0.196875 0.1984375 0.2984375 0.0953125 0.2984375
5 0.8234375 0.6046875 0.93125 0.6046875 0.93125 0.6953125 0.8234375 0.6953125
5 0.8171875 0.8125 0.9109375 0.8125 0.9109375 0.915625 0.8171875 0.915625
5 0.5234375 0.7921875 0.60625 0.7921875 0.60625 0.8984375 0.5234375 0.8984375
5 0.203125 0.5359375 0.2953125 0.5359375 0.2953125 0.615625 0.203125 0.615625
5 0.4140625 0.221875 0.4859375 0.221875 0.4859375 0.3140625 0.4140625 0.3140625
6 0.821875 0.2375 0.9203125 0.2375 0.9203125 0.321875 0.821875 0.321875
6 0.6140625 0.628125 0.70625 0.628125 0.70625 0.725 0.6140625 0.725
6 0.3203125 0.4359375 0.3921875 0.4359375 0.3921875 0.515625 0.3203125 0.515625
6 0.33125 0.525 0.403125 0.525 0.403125 0.5953125 0.33125 0.5953125
7 0.4140625 0.5203125 0.503125 0.5203125 0.503125 0.6171875 0.4140625 0.6171875
7 0.5109375 0.3375 0.6078125 0.3375 0.6078125 0.4265625 0.5109375 0.4265625
7 0.184375 0.7125 0.303125 0.7125 0.303125 0.834375 0.184375 0.834375
9 0.1140625 0.1203125 0.190625 0.1203125 0.190625 0.196875 0.1140625 0.196875
9 0.403125 0.121875 0.465625 0.121875 0.465625 0.209375 0.403125 0.209375
9 0.5140625 0.1140625 0.58125 0.1140625 0.58125 0.19375 0.5140625 0.19375
9 0.3328125 0.215625 0.4046875 0.215625 0.4046875 0.290625 0.3328125 0.290625
9 0.5125 0.2203125 0.5875 0.2203125 0.5875 0.3046875 0.5125 0.3046875
9 0.821875 0.1203125 0.8984375 0.1203125 0.8984375 0.203125 0.821875 0.203125
9 0.546875 0.6328125 0.609375 0.6328125 0.609375 0.7078125 0.546875 0.7078125
9 0.7296875 0.8203125 0.8 0.8203125 0.8 0.903125 0.7296875 0.903125
9 0.4296875 0.721875 0.4875 0.721875 0.4875 0.7984375 0.4296875 0.7984375
9 0.334375 0.715625 0.3953125 0.715625 0.3953125 0.7953125 0.334375 0.7953125
9 0.2375 0.625 0.3 0.625 0.3 0.696875 0.2375 0.696875
9 0.1234375 0.5265625 0.1984375 0.5265625 0.1984375 0.5859375 0.1234375 0.5859375
9 0.1078125 0.8234375 0.1875 0.8234375 0.1875 0.9078125 0.1078125 0.9078125
9 0.734375 0.6234375 0.8046875 0.6234375 0.8046875 0.690625 0.734375 0.690625
6 0.6140625 0.21875 0.6890625 0.21875 0.6890625 0.29375 0.6140625 0.29375
6 0.5265625 0.4359375 0.5859375 0.4359375 0.5859375 0.4984375 0.5265625 0.4984375
11 0.09375 0.4234375 0.1953125 0.4234375 0.1953125 0.4953125 0.09375 0.4953125
11 0.5359375 0.51875 0.596875 0.51875 0.596875 0.5890625 0.5359375 0.5890625
10 0.6140625 0.515625 0.7078125 0.515625 0.7078125 0.609375 0.6140625 0.609375
10 0.6140625 0.7109375 0.7125 0.7109375 0.7125 0.821875 0.6140625 0.821875
10 0.4203125 0.4359375 0.5046875 0.4359375 0.5046875 0.51875 0.4203125 0.51875
9 0.725 0.3421875 0.7921875 0.3421875 0.7921875 0.4 0.725 0.4
0 0.33125 0.334375 0.396875 0.334375 0.396875 0.4046875 0.33125 0.4046875