3 0.34375 0.159375 0.4109375 0.159375 0.4109375 0.2328125 0.34375 0.2328125
3 0.45 0.1515625 0.5140625 0.1515625 0.5140625 0.2265625 0.45 0.2265625
3 0.709375 0.146875 0.7765625 0.146875 0.7765625 0.2265625 0.709375 0.2265625
3 0.8203125 0.1734375 0.903125 0.1734375 0.903125 0.246875 0.8203125 0.246875
3 0.2515625 0.2546875 0.31875 0.2546875 0.31875 0.321875 0.2515625 0.321875
3 0.54375 0.2546875 0.6125 0.2546875 0.6125 0.325 0.54375 0.325
3 0.64375 0.371875 0.7125 0.371875 0.7125 0.440625 0.64375 0.440625
3 0.14375 0.4484375 0.2234375 0.4484375 0.2234375 0.5125 0.14375 0.5125
3 0.5546875 0.4546875 0.6140625 0.4546875 0.6140625 0.521875 0.5546875 0.521875
3 0.2171875 0.5625 0.29375 0.5625 0.29375 0.6265625 0.2171875 0.6265625
3 0.1296875 0.6515625 0.2125 0.6515625 0.2125 0.7203125 0.1296875 0.7203125
3 0.6390625 0.6453125 0.7015625 0.6453125 0.7015625 0.7078125 0.6390625 0.7078125
3 0.8359375 0.6609375 0.91875 0.6609375 0.91875 0.7234375 0.8359375 0.7234375
3 0.3421875 0.7140625 0.4109375 0.7140625 0.4109375 0.7796875 0.3421875 0.7796875
3 0.35 0.8578125 0.41875 0.8578125 0.41875 0.934375 0.35 0.934375
9 0.1203125 0.8421875 0.203125 0.8421875 0.203125 0.9234375 0.1203125 0.9234375
9 0.5453125 0.8515625 0.61875 0.8515625 0.61875 0.91875 0.5453125 0.91875
9 0.8453125 0.859375 0.9375 0.859375 0.9375 0.9390625 0.8453125 0.9390625
9 0.55 0.7328125 0.6265625 0.7328125 0.6265625 0.803125 0.55 0.803125
9 0.5265625 0.6453125 0.5921875 0.6453125 0.5921875 0.7140625 0.5265625 0.7140625
9 0.7234375 0.5328125 0.796875 0.5328125 0.796875 0.5921875 0.7234375 0.5921875
9 0.525 0.546875 0.590625 0.546875 0.590625 0.615625 0.525 0.615625
9 0.353125 0.55 0.4171875 0.55 0.4171875 0.6140625 0.353125 0.6140625
9 0.446875 0.453125 0.5078125 0.453125 0.5078125 0.515625 0.446875 0.515625
9 0.8359375 0.446875 0.915625 0.446875 0.915625 0.515625 0.8359375 0.515625
9 0.8359375 0.3421875 0.9203125 0.3421875 0.9203125 0.4046875 0.8359375 0.4046875
9 0.7390625 0.35625 0.8125 0.35625 0.8125 0.4203125 0.7390625 0.4203125
9 0.240625 0.3453125 0.3109375 0.3453125 0.3109375 0.409375 0.240625 0.409375
9 0.1296875 0.2625 0.2078125 0.2625 0.2078125 0.33125 0.1296875 0.33125
9 0.546875 0.146875 0.60625 0.146875 0.60625 0.225 0.546875 0.225