11 0.19375 0.0546875 0.31875 0.0546875 0.31875 0.25 0.19375 0.25
11 0.671875 0.5 0.8234375 0.5 0.8234375 0.6203125 0.671875 0.6203125
7 0.4046875 0.68125 0.53125 0.68125 0.53125 0.9171875 0.4046875 0.9171875
7 0.371875 0 0.4953125 0 0.4953125 0.2625 0.371875 0.2625
10 0.390625 0.2375 0.5125 0.2375 0.5125 0.43125 0.390625 0.43125
10 0.221875 0.26875 0.3625 0.26875 0.3625 0.45625 0.221875 0.45625
8 0.5421875 0.471875 0.6625 0.471875 0.6625 0.603125 0.5421875 0.603125
8 0.2546875 0.6734375 0.3640625 0.6734375 0.3640625 0.8484375 0.2546875 0.8484375
1 0.653125 0.2375 0.8625 0.2375 0.8625 0.4234375 0.653125 0.4234375
4 0.4109375 0.5 0.5328125 0.5 0.5328125 0.6625 0.4109375 0.6625
4 0.525 0.053125 0.684375 0.053125 0.684375 0.284375 0.525 0.284375
2 0.5375 0.25 0.653125 0.25 0.653125 0.41875 0.5375 0.41875
5 0.2296875 0.53125 0.340625 0.53125 0.340625 0.671875 0.2296875 0.671875