7 0.3203125 0.1203125 0.496875 0.1203125 0.496875 0.2859375 0.3203125 0.2859375
7 0.3390625 0.575 0.509375 0.575 0.509375 0.7078125 0.3390625 0.7078125
7 0.35625 0.703125 0.5265625 0.703125 0.5265625 0.8890625 0.35625 0.8890625
1 0.128125 0.26875 0.3109375 0.26875 0.3109375 0.4109375 0.128125 0.4109375
4 0.1453125 0.459375 0.315625 0.459375 0.315625 0.5703125 0.1453125 0.5703125
4 0.175 0.703125 0.321875 0.703125 0.321875 0.8765625 0.175 0.8765625
2 0.1796875 0.5921875 0.3171875 0.5921875 0.3171875 0.703125 0.1796875 0.703125
0 0.51875 0.6875 0.665625 0.6875 0.665625 0.8078125 0.51875 0.8078125
11 0.50625 0.2953125 0.671875 0.2953125 0.671875 0.425 0.50625 0.425
10 0.5046875 0.55 0.6921875 0.55 0.6921875 0.678125 0.5046875 0.678125
5 0.3453125 0.2796875 0.4609375 0.2796875 0.4609375 0.390625 0.3453125 0.390625
5 0.534375 0.1328125 0.6765625 0.1328125 0.6765625 0.2640625 0.534375 0.2640625
8 0.3703125 0.440625 0.4953125 0.440625 0.4953125 0.546875 0.3703125 0.546875
6 0.51875 0.471875 0.6609375 0.471875 0.6609375 0.5515625 0.51875 0.5515625