7 0.371875 0.4015625 0.440625 0.4015625 0.440625 0.490625 0.371875 0.490625
7 0.2765625 0.4 0.3578125 0.4 0.3578125 0.484375 0.2765625 0.484375
11 0.671875 0.7875 0.753125 0.7875 0.753125 0.890625 0.671875 0.890625
11 0.69375 0.28125 0.775 0.28125 0.775 0.3640625 0.69375 0.3640625
10 0.60625 0.4 0.6859375 0.4 0.6859375 0.4890625 0.60625 0.4890625
10 0.365625 0.296875 0.434375 0.296875 0.434375 0.3796875 0.365625 0.3796875
9 0.29375 0.1921875 0.3546875 0.1921875 0.3546875 0.2671875 0.29375 0.2671875
9 0.221875 0.6078125 0.2921875 0.6078125 0.2921875 0.6828125 0.221875 0.6828125
8 0.53125 0.30625 0.60625 0.30625 0.60625 0.38125 0.53125 0.38125
8 0.453125 0.078125 0.5328125 0.078125 0.5328125 0.171875 0.453125 0.171875
8 0.4546875 0.6 0.5109375 0.6 0.5109375 0.6875 0.4546875 0.6875
8 0.3890625 0.6890625 0.4515625 0.6890625 0.4515625 0.7890625 0.3890625 0.7890625
6 0.534375 0.525 0.596875 0.525 0.596875 0.60625 0.534375 0.60625
6 0.2140625 0.803125 0.2890625 0.803125 0.2890625 0.9234375 0.2140625 0.9234375
5 0.2984375 0.7984375 0.359375 0.7984375 0.359375 0.9140625 0.2984375 0.9140625
5 0.2 0.296875 0.278125 0.296875 0.278125 0.384375 0.2 0.384375
4 0.4515625 0.4 0.5140625 0.4 0.5140625 0.478125 0.4515625 0.478125
4 0.36875 0.6015625 0.4359375 0.6015625 0.4359375 0.7140625 0.36875 0.7140625
3 0.678125 0.4234375 0.7359375 0.4234375 0.7359375 0.4859375 0.678125 0.4859375
3 0.7671875 0.084375 0.8390625 0.084375 0.8390625 0.171875 0.7671875 0.171875
2 0.365625 0.490625 0.4359375 0.490625 0.4359375 0.5671875 0.365625 0.5671875
2 0.678125 0.565625 0.75625 0.565625 0.75625 0.6484375 0.678125 0.6484375
1 0.4578125 0.496875 0.5171875 0.496875 0.5171875 0.5921875 0.4578125 0.5921875
1 0.5296875 0.396875 0.6078125 0.396875 0.6078125 0.4859375 0.5296875 0.4859375
0 0.4625 0.3015625 0.515625 0.3015625 0.515625 0.3703125 0.4625 0.3703125