3 0.15625 0.121875 0.234375 0.121875 0.234375 0.2140625 0.15625 0.2140625
3 0.85625 0.1 0.9359375 0.1 0.9359375 0.1828125 0.85625 0.1828125
3 0.8375 0.2140625 0.91875 0.2140625 0.91875 0.290625 0.8375 0.290625
3 0.8453125 0.4015625 0.934375 0.4015625 0.934375 0.4640625 0.8453125 0.4640625
3 0.8640625 0.6078125 0.95 0.6078125 0.95 0.6765625 0.8640625 0.6765625
3 0.8609375 0.725 0.9375 0.725 0.9375 0.8 0.8609375 0.8
3 0.8609375 0.815625 0.9421875 0.815625 0.9421875 0.8953125 0.8609375 0.8953125
3 0.765625 0.8296875 0.8375 0.8296875 0.8375 0.9109375 0.765625 0.9109375
3 0.671875 0.8359375 0.74375 0.8359375 0.74375 0.9203125 0.671875 0.9203125
3 0.5859375 0.8375 0.65 0.8375 0.65 0.928125 0.5859375 0.928125
3 0.4671875 0.8265625 0.5328125 0.8265625 0.5328125 0.903125 0.4671875 0.903125
3 0.3640625 0.8328125 0.425 0.8328125 0.425 0.9140625 0.3640625 0.9140625
3 0.2765625 0.828125 0.3359375 0.828125 0.3359375 0.915625 0.2765625 0.915625
3 0.146875 0.8484375 0.2234375 0.8484375 0.2234375 0.940625 0.146875 0.940625
3 0.15 0.65 0.2203125 0.65 0.2203125 0.7125 0.15 0.7125
9 0.6375 0.353125 0.70625 0.353125 0.70625 0.409375 0.6375 0.409375
9 0.5578125 0.3390625 0.6203125 0.3390625 0.6203125 0.4015625 0.5578125 0.4015625
9 0.45625 0.3390625 0.5171875 0.3390625 0.5171875 0.4015625 0.45625 0.4015625
9 0.453125 0.440625 0.509375 0.440625 0.509375 0.5 0.453125 0.5
9 0.45625 0.546875 0.5109375 0.546875 0.5109375 0.60625 0.45625 0.60625
9 0.3671875 0.5359375 0.4234375 0.5359375 0.4234375 0.5984375 0.3671875 0.5984375
9 0.65625 0.44375 0.721875 0.44375 0.721875 0.4984375 0.65625 0.4984375
9 0.759375 0.4390625 0.83125 0.4390625 0.83125 0.5 0.759375 0.5
9 0.7625 0.5296875 0.834375 0.5296875 0.834375 0.5921875 0.7625 0.5921875
9 0.6625 0.534375 0.725 0.534375 0.725 0.6 0.6625 0.6
9 0.5625 0.5515625 0.61875 0.5515625 0.61875 0.6109375 0.5625 0.6109375
9 0.5625 0.440625 0.61875 0.440625 0.61875 0.4984375 0.5625 0.4984375
9 0.646875 0.625 0.7125 0.625 0.7125 0.690625 0.646875 0.690625
9 0.5734375 0.6328125 0.6328125 0.6328125 0.6328125 0.696875 0.5734375 0.696875
9 0.45625 0.6375 0.51875 0.6375 0.51875 0.696875 0.45625 0.696875