1 0.671875 0.4203125 0.81875 0.4203125 0.81875 0.484375 0.671875 0.484375
4 0.1171875 0.11875 0.23125 0.11875 0.23125 0.2359375 0.1171875 0.2359375
4 0.13125 0.3171875 0.23125 0.3171875 0.23125 0.4015625 0.13125 0.4015625
2 0.259375 0.2359375 0.3453125 0.2359375 0.3453125 0.31875 0.259375 0.31875
2 0.384375 0.5046875 0.471875 0.5046875 0.471875 0.5640625 0.384375 0.5640625
5 0.3703125 0.6546875 0.459375 0.6546875 0.459375 0.7265625 0.3703125 0.7265625
5 0.6828125 0.58125 0.79375 0.58125 0.79375 0.646875 0.6828125 0.646875
0 0.48125 0.421875 0.575 0.421875 0.575 0.471875 0.48125 0.471875
7 0.7625 0.165625 0.925 0.165625 0.925 0.2640625 0.7625 0.2640625
7 0.565625 0.49375 0.6984375 0.49375 0.6984375 0.5609375 0.565625 0.5609375
10 0.578125 0.2375 0.721875 0.2375 0.721875 0.3265625 0.578125 0.3265625
10 0.5828125 0.6484375 0.715625 0.6484375 0.715625 0.7390625 0.5828125 0.7390625
8 0.36875 0.1546875 0.4546875 0.1546875 0.4546875 0.246875 0.36875 0.246875
8 0.3875 0.3484375 0.4890625 0.3484375 0.4890625 0.4109375 0.3875 0.4109375
8 0.5921875 0.721875 0.709375 0.721875 0.709375 0.7984375 0.5921875 0.7984375
11 0.7765625 0.3578125 0.8953125 0.3578125 0.8953125 0.4171875 0.7765625 0.4171875
11 0.1515625 0.7546875 0.2359375 0.7546875 0.2359375 0.846875 0.1515625 0.846875
6 0.271875 0.415625 0.3515625 0.415625 0.3515625 0.4796875 0.271875 0.4796875
6 0.1734375 0.671875 0.2546875 0.671875 0.2546875 0.753125 0.1734375 0.753125