7 0.24375 0.64375 0.33125 0.64375 0.33125 0.74375 0.24375 0.74375
7 0.715625 0.671875 0.81875 0.671875 0.81875 0.775 0.715625 0.775
10 0.3265625 0.66875 0.4015625 0.66875 0.4015625 0.76875 0.3265625 0.76875
10 0.484375 0.6640625 0.55625 0.6640625 0.55625 0.75625 0.484375 0.75625
4 0.4125 0.66875 0.478125 0.66875 0.478125 0.75 0.4125 0.75
4 0.559375 0.6703125 0.6359375 0.6703125 0.6359375 0.7546875 0.559375 0.7546875
1 0.6375 0.659375 0.721875 0.659375 0.721875 0.7375 0.6375 0.7375
10 0.321875 0.665625 0.4015625 0.665625 0.4015625 0.76875 0.321875 0.76875
10 0.4796875 0.665625 0.55625 0.665625 0.55625 0.7625 0.4796875 0.7625
7 0.240625 0.6390625 0.3296875 0.6390625 0.3296875 0.75 0.240625 0.75
7 0.715625 0.66875 0.825 0.66875 0.825 0.78125 0.715625 0.78125
1 0.6359375 0.653125 0.7203125 0.653125 0.7203125 0.746875 0.6359375 0.746875
4 0.4140625 0.659375 0.4859375 0.659375 0.4859375 0.7625 0.4140625 0.7625
4 0.55625 0.665625 0.640625 0.665625 0.640625 0.759375 0.55625 0.759375