3 0.7734375 0.175 0.8546875 0.175 0.8546875 0.2421875 0.7734375 0.2421875
3 0.296875 0.153125 0.3625 0.153125 0.3625 0.2296875 0.296875 0.2296875
3 0.090625 0.15 0.184375 0.15 0.184375 0.234375 0.090625 0.234375
3 0.103125 0.2609375 0.1875 0.2609375 0.1875 0.33125 0.103125 0.33125
3 0.103125 0.3453125 0.18125 0.3453125 0.18125 0.4046875 0.103125 0.4046875
3 0.103125 0.4421875 0.184375 0.4421875 0.184375 0.5046875 0.103125 0.5046875
3 0.084375 0.5609375 0.1625 0.5609375 0.1625 0.6203125 0.084375 0.6203125
3 0.08125 0.646875 0.165625 0.646875 0.165625 0.7078125 0.08125 0.7078125
3 0.0859375 0.73125 0.1703125 0.73125 0.1703125 0.7953125 0.0859375 0.7953125
3 0.09375 0.8265625 0.18125 0.8265625 0.18125 0.9 0.09375 0.9
3 0.1890625 0.8265625 0.2640625 0.8265625 0.2640625 0.9015625 0.1890625 0.9015625
3 0.30625 0.8375 0.3734375 0.8375 0.3734375 0.9109375 0.30625 0.9109375
3 0.5109375 0.828125 0.5734375 0.828125 0.5734375 0.909375 0.5109375 0.909375
3 0.684375 0.81875 0.7546875 0.81875 0.7546875 0.9015625 0.684375 0.9015625
3 0.7828125 0.840625 0.8640625 0.840625 0.8640625 0.925 0.7828125 0.925
9 0.490625 0.446875 0.5421875 0.446875 0.5421875 0.503125 0.490625 0.503125
9 0.403125 0.365625 0.4609375 0.365625 0.4609375 0.41875 0.403125 0.41875
9 0.3859375 0.446875 0.44375 0.446875 0.44375 0.503125 0.3859375 0.503125
9 0.3 0.45 0.359375 0.45 0.359375 0.503125 0.3 0.503125
9 0.3 0.553125 0.35625 0.553125 0.35625 0.60625 0.3 0.60625
9 0.38125 0.546875 0.4375 0.546875 0.4375 0.6015625 0.38125 0.6015625
9 0.490625 0.55 0.546875 0.55 0.546875 0.60625 0.490625 0.60625
9 0.5828125 0.553125 0.646875 0.553125 0.646875 0.6078125 0.5828125 0.6078125
9 0.5859375 0.453125 0.6375 0.453125 0.6375 0.509375 0.5859375 0.509375
9 0.571875 0.6265625 0.621875 0.6265625 0.621875 0.6875 0.571875 0.6875
9 0.4875 0.6421875 0.540625 0.6421875 0.540625 0.7015625 0.4875 0.7015625
9 0.3921875 0.6453125 0.4484375 0.6453125 0.4484375 0.7015625 0.3921875 0.7015625
9 0.303125 0.625 0.3625 0.625 0.3625 0.6859375 0.303125 0.6859375
9 0.396875 0.740625 0.4515625 0.740625 0.4515625 0.80625 0.396875 0.80625
9 0.4828125 0.7390625 0.534375 0.7390625 0.534375 0.8078125 0.4828125 0.8078125