11 0.7640625 0.1640625 0.8703125 0.1640625 0.8703125 0.2421875 0.7640625 0.2421875
11 0.0625 0.415625 0.1609375 0.415625 0.1609375 0.484375 0.0625 0.484375
10 0.265625 0.640625 0.3734375 0.640625 0.3734375 0.721875 0.265625 0.721875
8 0.7765625 0.3203125 0.8734375 0.3203125 0.8734375 0.4046875 0.7765625 0.4046875
7 0.4921875 0.3171875 0.5890625 0.3171875 0.5890625 0.3953125 0.4921875 0.3953125
8 0.6 0.571875 0.7046875 0.571875 0.7046875 0.640625 0.6 0.640625
8 0.3859375 0.4140625 0.4796875 0.4140625 0.4796875 0.4828125 0.3859375 0.4828125
8 0.390625 0.575 0.48125 0.575 0.48125 0.6453125 0.390625 0.6453125
5 0.159375 0.34375 0.2609375 0.34375 0.2609375 0.4125 0.159375 0.4125
5 0.2953125 0.5203125 0.3703125 0.5203125 0.3703125 0.571875 0.2953125 0.571875
2 0.175 0.740625 0.271875 0.740625 0.271875 0.828125 0.175 0.828125
2 0.06875 0.58125 0.1734375 0.58125 0.1734375 0.640625 0.06875 0.640625
4 0.4828125 0.4953125 0.578125 0.4953125 0.578125 0.5671875 0.4828125 0.5671875
1 0.5890625 0.40625 0.6953125 0.40625 0.6953125 0.478125 0.5890625 0.478125
1 0.396875 0.2125 0.48125 0.2125 0.48125 0.321875 0.396875 0.321875