3 0.3265625 0.0671875 0.378125 0.0671875 0.378125 0.1328125 0.3265625 0.1328125
3 0.2421875 0.05 0.2953125 0.05 0.2953125 0.1203125 0.2421875 0.1203125
0 0.2625 0.4921875 0.321875 0.4921875 0.321875 0.5671875 0.2625 0.5671875
1 0.146875 0.384375 0.2375 0.384375 0.2375 0.46875 0.146875 0.46875
4 0.2234375 0.28125 0.3171875 0.28125 0.3171875 0.3609375 0.2234375 0.3609375
5 0.3359375 0.3859375 0.3953125 0.3859375 0.3953125 0.4421875 0.3359375 0.4421875
5 0.425 0.35625 0.478125 0.35625 0.478125 0.415625 0.425 0.415625
1 0.3296875 0.6015625 0.4015625 0.6015625 0.4015625 0.703125 0.3296875 0.703125
4 0.1484375 0.59375 0.2453125 0.59375 0.2453125 0.696875 0.1484375 0.696875
2 0.334375 0.490625 0.39375 0.490625 0.39375 0.56875 0.334375 0.56875
2 0.4921875 0.2546875 0.5484375 0.2546875 0.5484375 0.325 0.4921875 0.325
11 0.39375 0.05625 0.45625 0.05625 0.45625 0.15 0.39375 0.15
11 0.33125 0.3 0.396875 0.3 0.396875 0.36875 0.33125 0.36875
10 0.325 0.128125 0.4 0.128125 0.4 0.2375 0.325 0.2375
10 0.225 0.14375 0.315625 0.14375 0.315625 0.240625 0.225 0.240625
9 0.25625 0.6015625 0.3125 0.6015625 0.3125 0.671875 0.25625 0.671875
9 0.16875 0.303125 0.228125 0.303125 0.228125 0.36875 0.16875 0.36875
6 0.4390625 0.49375 0.4921875 0.49375 0.4921875 0.559375 0.4390625 0.559375
6 0.140625 0.171875 0.215625 0.171875 0.215625 0.2515625 0.140625 0.2515625
8 0.4234375 0.275 0.4796875 0.275 0.4796875 0.340625 0.4234375 0.340625
8 0.1375 0.0484375 0.228125 0.0484375 0.228125 0.1359375 0.1375 0.1359375
8 0.15625 0.490625 0.2375 0.490625 0.2375 0.559375 0.15625 0.559375
8 0.4875 0.403125 0.5484375 0.403125 0.5484375 0.46875 0.4875 0.46875
8 0.1390625 0.0484375 0.228125 0.0484375 0.228125 0.1359375 0.1390625 0.1359375
7 0.4171875 0.1609375 0.4765625 0.1609375 0.4765625 0.2578125 0.4171875 0.2578125
7 0.24375 0.375 0.328125 0.375 0.328125 0.446875 0.24375 0.446875