11 0.6140625 0.6203125 0.6796875 0.6203125 0.6796875 0.7140625 0.6140625 0.7140625
11 0.6828125 0.3390625 0.765625 0.3390625 0.765625 0.43125 0.6828125 0.43125
10 0.6734375 0.7890625 0.7890625 0.7890625 0.7890625 0.9484375 0.6734375 0.9484375
8 0.6234375 0.1015625 0.6953125 0.1015625 0.6953125 0.221875 0.6234375 0.221875
8 0.44375 0.090625 0.5203125 0.090625 0.5203125 0.2140625 0.44375 0.2140625
8 0.384375 0.6078125 0.459375 0.6078125 0.459375 0.7171875 0.384375 0.7171875
8 0.45625 0.7078125 0.5359375 0.7078125 0.5359375 0.8125 0.45625 0.8125
7 0.3765625 0.4078125 0.45625 0.4078125 0.45625 0.50625 0.3765625 0.50625
5 0.7578125 0.109375 0.8484375 0.109375 0.8484375 0.221875 0.7578125 0.221875
5 0.2015625 0.109375 0.30625 0.109375 0.30625 0.2140625 0.2015625 0.2140625
4 0.7546875 0.5015625 0.8890625 0.5015625 0.8890625 0.6078125 0.7546875 0.6078125
2 0.2125 0.415625 0.3046875 0.415625 0.3046875 0.5140625 0.2125 0.5140625
2 0.378125 0.8125 0.46875 0.8125 0.46875 0.95 0.378125 0.95
1 0.190625 0.809375 0.309375 0.809375 0.309375 0.9625 0.190625 0.9625
1 0.5234375 0.421875 0.615625 0.421875 0.615625 0.515625 0.5234375 0.515625