7 0.66875 0.25625 0.75625 0.25625 0.75625 0.35625 0.66875 0.35625
7 0.18125 0.225 0.284375 0.225 0.284375 0.328125 0.18125 0.328125
10 0.6 0.23125 0.675 0.23125 0.675 0.33125 0.6 0.33125
10 0.44375 0.24375 0.515625 0.24375 0.515625 0.3359375 0.44375 0.3359375
4 0.5234375 0.25 0.5890625 0.25 0.5890625 0.33125 0.5234375 0.33125
4 0.3640625 0.246875 0.440625 0.246875 0.440625 0.33125 0.3640625 0.33125
1 0.2796875 0.2625 0.3640625 0.2625 0.3640625 0.340625 0.2796875 0.340625
10 0.5984375 0.2328125 0.678125 0.2328125 0.678125 0.3359375 0.5984375 0.3359375
10 0.44375 0.2375 0.5203125 0.2375 0.5203125 0.334375 0.44375 0.334375
7 0.6703125 0.25 0.759375 0.25 0.759375 0.3609375 0.6703125 0.3609375
7 0.175 0.21875 0.284375 0.21875 0.284375 0.33125 0.175 0.33125
1 0.2796875 0.2546875 0.3640625 0.2546875 0.3640625 0.3484375 0.2796875 0.3484375
4 0.515625 0.2390625 0.5875 0.2390625 0.5875 0.3421875 0.515625 0.3421875
4 0.359375 0.240625 0.44375 0.240625 0.44375 0.334375 0.359375 0.334375