11 0.071875 0.5875 0.1859375 0.5875 0.1859375 0.65 0.071875 0.65
11 0.4 0.5203125 0.4875 0.5203125 0.4875 0.58125 0.4 0.58125
10 0.809375 0.3328125 0.953125 0.3328125 0.953125 0.4078125 0.809375 0.4078125
10 0.3890625 0.5890625 0.490625 0.5890625 0.490625 0.675 0.3890625 0.675
9 0.284375 0.4609375 0.36875 0.4609375 0.36875 0.5125 0.284375 0.5125
9 0.7234375 0.59375 0.8 0.59375 0.8 0.6515625 0.7234375 0.6515625
9 0.184375 0.578125 0.2625 0.578125 0.2625 0.63125 0.184375 0.63125
9 0.825 0.2578125 0.909375 0.2578125 0.909375 0.3171875 0.825 0.3171875
9 0.05625 0.3625 0.1453125 0.3625 0.1453125 0.415625 0.05625 0.415625
8 0.609375 0.2609375 0.703125 0.2609375 0.703125 0.3328125 0.609375 0.3328125
8 0.171875 0.190625 0.278125 0.190625 0.278125 0.265625 0.171875 0.265625
8 0.278125 0.2625 0.375 0.2625 0.375 0.33125 0.278125 0.33125
8 0.178125 0.5125 0.284375 0.5125 0.284375 0.578125 0.178125 0.578125
7 0.81875 0.521875 0.959375 0.521875 0.959375 0.6 0.81875 0.6
7 0.4875 0.146875 0.571875 0.146875 0.571875 0.246875 0.4875 0.246875
6 0.5046875 0.3625 0.5890625 0.3625 0.5890625 0.41875 0.5046875 0.41875
6 0.15625 0.6625 0.2546875 0.6625 0.2546875 0.740625 0.15625 0.740625
6 0.05625 0.4484375 0.165625 0.4484375 0.165625 0.503125 0.05625 0.503125
6 0.059375 0.19375 0.171875 0.19375 0.171875 0.265625 0.059375 0.265625
5 0.8296875 0.7515625 0.9375 0.7515625 0.9375 0.8359375 0.8296875 0.8359375
5 0.503125 0.740625 0.575 0.740625 0.575 0.825 0.503125 0.825
5 0.403125 0.4328125 0.484375 0.4328125 0.484375 0.4921875 0.403125 0.4921875
5 0.83125 0.1453125 0.9453125 0.1453125 0.9453125 0.2296875 0.83125 0.2296875
4 0.1484375 0.2640625 0.2703125 0.2640625 0.2703125 0.3484375 0.1484375 0.3484375
4 0.15 0.3640625 0.275 0.3640625 0.275 0.4359375 0.15 0.4359375
3 0.8265625 0.675 0.9140625 0.675 0.9140625 0.734375 0.8265625 0.734375
3 0.5015625 0.275 0.56875 0.275 0.56875 0.33125 0.5015625 0.33125
3 0.6078125 0.184375 0.6796875 0.184375 0.6796875 0.240625 0.6078125 0.240625
2 0.6109375 0.3640625 0.69375 0.3640625 0.69375 0.425 0.6109375 0.425
2 0.7109375 0.446875 0.7984375 0.446875 0.7984375 0.503125 0.7109375 0.503125
1 0.71875 0.2390625 0.84375 0.2390625 0.84375 0.3296875 0.71875 0.3296875
1 0.525 0.5125 0.609375 0.5125 0.609375 0.584375 0.525 0.584375
0 0.39375 0.2765625 0.4734375 0.2765625 0.4734375 0.3359375 0.39375 0.3359375
0 0.0703125 0.2625 0.1765625 0.2625 0.1765625 0.328125 0.0703125 0.328125
0 0.0640625 0.521875 0.1703125 0.521875 0.1703125 0.58125 0.0640625 0.58125
3 0.2015625 0.75625 0.284375 0.75625 0.284375 0.8234375 0.2015625 0.8234375