2 0.603125 0.5125 0.7125 0.5125 0.7125 0.590625 0.603125 0.590625
2 0.60625 0.2703125 0.7203125 0.2703125 0.7203125 0.3625 0.60625 0.3625
1 0.778125 0.1109375 0.928125 0.1109375 0.928125 0.2296875 0.778125 0.2296875
1 0.0578125 0.0609375 0.1953125 0.0609375 0.1953125 0.2078125 0.0578125 0.2078125
4 0.303125 0.6734375 0.415625 0.6734375 0.415625 0.7875 0.303125 0.7875
5 0.5 0.428125 0.596875 0.428125 0.596875 0.51875 0.5 0.51875
5 0.79375 0.646875 0.91875 0.646875 0.91875 0.7453125 0.79375 0.7453125
7 0.046875 0.5015625 0.1984375 0.5015625 0.1984375 0.5984375 0.046875 0.5984375
10 0.503125 0.1890625 0.6453125 0.1890625 0.6453125 0.3078125 0.503125 0.3078125
8 0.075 0.26875 0.1875 0.26875 0.1875 0.353125 0.075 0.353125
8 0.771875 0.3453125 0.884375 0.3453125 0.884375 0.4390625 0.771875 0.4390625
8 0.603125 0.653125 0.709375 0.653125 0.709375 0.75625 0.603125 0.75625
8 0.053125 0.6640625 0.1875 0.6640625 0.1875 0.7546875 0.053125 0.7546875
11 0.30625 0.434375 0.39375 0.434375 0.39375 0.509375 0.30625 0.509375
11 0.30625 0.1859375 0.39375 0.1859375 0.39375 0.2890625 0.30625 0.2890625
5 0.5 0.428125 0.603125 0.428125 0.603125 0.50625 0.5 0.50625
5 0.7875 0.6453125 0.925 0.6453125 0.925 0.7515625 0.7875 0.7515625
1 0.05 0.059375 0.2 0.059375 0.2 0.209375 0.05 0.209375
1 0.771875 0.10625 0.9328125 0.10625 0.9328125 0.234375 0.771875 0.234375
2 0.609375 0.2734375 0.728125 0.2734375 0.728125 0.3703125 0.609375 0.3703125
2 0.6 0.50625 0.715625 0.50625 0.715625 0.596875 0.6 0.596875
4 0.2984375 0.6671875 0.4171875 0.6671875 0.4171875 0.7953125 0.2984375 0.7953125
7 0.0375 0.4953125 0.209375 0.4953125 0.209375 0.59375 0.0375 0.59375
8 0.0734375 0.2703125 0.2015625 0.2703125 0.2015625 0.35 0.0734375 0.35
8 0.771875 0.340625 0.89375 0.340625 0.89375 0.440625 0.771875 0.440625
8 0.6 0.659375 0.715625 0.659375 0.715625 0.75625 0.6 0.75625
8 0.05 0.6609375 0.196875 0.6609375 0.196875 0.759375 0.05 0.759375
10 0.5 0.190625 0.653125 0.190625 0.653125 0.3015625 0.5 0.3015625
11 0.303125 0.1828125 0.39375 0.1828125 0.39375 0.2859375 0.303125 0.2859375
11 0.3 0.434375 0.4 0.434375 0.4 0.5125 0.3 0.5125