11 0.5234375 0.3890625 0.603125 0.3890625 0.603125 0.4484375 0.5234375 0.4484375
10 0.6359375 0.2890625 0.7484375 0.2890625 0.7484375 0.36875 0.6359375 0.36875
10 0.728125 0.46875 0.8703125 0.46875 0.8703125 0.5390625 0.728125 0.5390625
9 0.51875 0.7796875 0.5890625 0.7796875 0.5890625 0.8546875 0.51875 0.8546875
8 0.515625 0.4671875 0.5921875 0.4671875 0.5921875 0.5265625 0.515625 0.5265625
8 0.609375 0.70625 0.7078125 0.70625 0.7078125 0.7859375 0.609375 0.7859375
8 0.1484375 0.3875 0.2703125 0.3875 0.2703125 0.453125 0.1484375 0.453125
7 0.8203125 0.5390625 0.9703125 0.5390625 0.9703125 0.6234375 0.8203125 0.6234375
7 0.3765625 0.7875 0.4890625 0.7875 0.4890625 0.909375 0.3765625 0.909375
6 0.825 0.7109375 0.9421875 0.7109375 0.9421875 0.7984375 0.825 0.7984375
6 0.0296875 0.2 0.1671875 0.2 0.1671875 0.278125 0.0296875 0.278125
8 0.3421875 0.2125 0.45625 0.2125 0.45625 0.284375 0.3421875 0.284375
5 0.2984375 0.7359375 0.3859375 0.7359375 0.3859375 0.8265625 0.2984375 0.8265625
5 0.0484375 0.5640625 0.1625 0.5640625 0.1625 0.6375 0.0484375 0.6375
5 0.0296875 0.3 0.1578125 0.3 0.1578125 0.371875 0.0296875 0.371875
4 0.375 0.309375 0.475 0.309375 0.475 0.384375 0.375 0.384375
4 0.60625 0.178125 0.709375 0.178125 0.709375 0.278125 0.60625 0.278125
3 0.725 0.6171875 0.80625 0.6171875 0.80625 0.6828125 0.725 0.6828125
2 0.85 0.184375 0.978125 0.184375 0.978125 0.2703125 0.85 0.2703125
2 0.8265625 0.3171875 0.95 0.3171875 0.95 0.396875 0.8265625 0.396875
1 0.509375 0.628125 0.6140625 0.628125 0.6140625 0.725 0.509375 0.725
1 0.0453125 0.784375 0.1859375 0.784375 0.1859375 0.9125 0.0453125 0.9125
0 0.6234375 0.5609375 0.709375 0.5609375 0.709375 0.634375 0.6234375 0.634375
0 0.1640625 0.640625 0.2703125 0.640625 0.2703125 0.71875 0.1640625 0.71875
0 0.6203125 0.778125 0.7046875 0.778125 0.7046875 0.875 0.6203125 0.875