11 0.334375 0.8 0.39375 0.8 0.39375 0.9109375 0.334375 0.9109375
11 0.559375 0.15625 0.6203125 0.15625 0.6203125 0.2546875 0.559375 0.2546875
10 0.6921875 0.64375 0.7953125 0.64375 0.7953125 0.759375 0.6921875 0.759375
10 0.3828125 0.1640625 0.453125 0.1640625 0.453125 0.2796875 0.3828125 0.2796875
9 0.4796875 0.3 0.5328125 0.3 0.5328125 0.378125 0.4796875 0.378125
9 0.2296875 0.284375 0.296875 0.284375 0.296875 0.353125 0.2296875 0.353125
8 0.24375 0.69375 0.321875 0.69375 0.321875 0.809375 0.24375 0.809375
8 0.6234375 0.0609375 0.70625 0.0609375 0.70625 0.1671875 0.6234375 0.1671875
8 0.703125 0.3796875 0.7875 0.3796875 0.7875 0.4515625 0.703125 0.4515625
8 0.5484375 0.56875 0.63125 0.56875 0.63125 0.653125 0.5484375 0.653125
7 0.190625 0.05625 0.3 0.05625 0.3 0.1765625 0.190625 0.1765625
6 0.76875 0.746875 0.85625 0.746875 0.85625 0.8390625 0.76875 0.8390625
6 0.4265625 0.7703125 0.4890625 0.7703125 0.4890625 0.86875 0.4265625 0.86875
7 0.3953125 0.39375 0.4609375 0.39375 0.4609375 0.478125 0.3953125 0.478125
5 0.3171875 0.5 0.3796875 0.5 0.3796875 0.584375 0.3171875 0.584375
5 0.2453125 0.8046875 0.3171875 0.8046875 0.3171875 0.91875 0.2453125 0.91875
4 0.215625 0.6015625 0.303125 0.6015625 0.303125 0.715625 0.215625 0.715625
4 0.29375 0.16875 0.375 0.16875 0.375 0.275 0.29375 0.275
3 0.771875 0.0796875 0.85 0.0796875 0.85 0.1640625 0.771875 0.1640625
3 0.7046875 0.4875 0.7609375 0.4875 0.7609375 0.5625 0.7046875 0.5625
2 0.625 0.7484375 0.696875 0.7484375 0.696875 0.8453125 0.625 0.8453125
2 0.3953125 0.4765625 0.45625 0.4765625 0.45625 0.5515625 0.3953125 0.5515625
1 0.753125 0.171875 0.8625 0.171875 0.8625 0.2796875 0.753125 0.2796875
1 0.484375 0.659375 0.5546875 0.659375 0.5546875 0.784375 0.484375 0.784375
0 0.453125 0.059375 0.51875 0.059375 0.51875 0.159375 0.453125 0.159375