3 0.159375 0.5890625 0.2328125 0.5890625 0.2328125 0.65625 0.159375 0.65625
3 0.1515625 0.4859375 0.2265625 0.4859375 0.2265625 0.55 0.1515625 0.55
3 0.146875 0.2234375 0.225 0.2234375 0.225 0.290625 0.146875 0.290625
3 0.1734375 0.096875 0.246875 0.096875 0.246875 0.1796875 0.1734375 0.1796875
3 0.253125 0.68125 0.321875 0.68125 0.321875 0.7484375 0.253125 0.7484375
3 0.2546875 0.3875 0.325 0.3875 0.325 0.45625 0.2546875 0.45625
3 0.371875 0.2875 0.440625 0.2875 0.440625 0.35625 0.371875 0.35625
3 0.4484375 0.7765625 0.5125 0.7765625 0.5125 0.85625 0.4484375 0.85625
3 0.4546875 0.3859375 0.521875 0.3859375 0.521875 0.4453125 0.4546875 0.4453125
3 0.5625 0.70625 0.6265625 0.70625 0.6265625 0.7828125 0.5625 0.7828125
3 0.6515625 0.7875 0.7203125 0.7875 0.7203125 0.8703125 0.6515625 0.8703125
3 0.6453125 0.2984375 0.7078125 0.2984375 0.7078125 0.3609375 0.6453125 0.3609375
3 0.6609375 0.08125 0.7234375 0.08125 0.7234375 0.1640625 0.6609375 0.1640625
3 0.7140625 0.5890625 0.7796875 0.5890625 0.7796875 0.6578125 0.7140625 0.6578125
3 0.85625 0.58125 0.934375 0.58125 0.934375 0.65 0.85625 0.65
9 0.8421875 0.796875 0.9234375 0.796875 0.9234375 0.8796875 0.8421875 0.8796875
9 0.8515625 0.38125 0.91875 0.38125 0.91875 0.4546875 0.8515625 0.4546875
9 0.859375 0.0625 0.9375 0.0625 0.9375 0.15625 0.859375 0.15625
9 0.73125 0.3734375 0.803125 0.3734375 0.803125 0.45 0.73125 0.45
9 0.6453125 0.409375 0.7140625 0.409375 0.7140625 0.475 0.6453125 0.475
9 0.5328125 0.203125 0.5921875 0.203125 0.5921875 0.2765625 0.5328125 0.2765625
9 0.546875 0.409375 0.615625 0.409375 0.615625 0.475 0.546875 0.475
9 0.55 0.5828125 0.6140625 0.5828125 0.6140625 0.646875 0.55 0.646875
9 0.453125 0.4921875 0.515625 0.4921875 0.515625 0.553125 0.453125 0.553125
9 0.446875 0.084375 0.515625 0.084375 0.515625 0.165625 0.446875 0.165625
9 0.3421875 0.0796875 0.4046875 0.0796875 0.4046875 0.1640625 0.3421875 0.1640625
9 0.35625 0.1875 0.41875 0.1875 0.41875 0.2609375 0.35625 0.2609375
9 0.3453125 0.690625 0.409375 0.690625 0.409375 0.759375 0.3453125 0.759375
9 0.2625 0.7921875 0.33125 0.7921875 0.33125 0.8703125 0.2625 0.8703125
9 0.146875 0.3953125 0.225 0.3953125 0.225 0.4546875 0.146875 0.4546875