11 0.775 0.2125 0.875 0.2125 0.875 0.3046875 0.775 0.3046875
11 0.790625 0.7109375 0.89375 0.7109375 0.89375 0.8234375 0.790625 0.8234375
10 0.06875 0.5140625 0.20625 0.5140625 0.20625 0.603125 0.06875 0.603125
10 0.7796875 0.5 0.8765625 0.5 0.8765625 0.609375 0.7796875 0.609375
9 0.20625 0.7140625 0.296875 0.7140625 0.296875 0.7984375 0.20625 0.7984375
9 0.2875 0.15 0.3625 0.15 0.3625 0.23125 0.2875 0.23125
9 0.5953125 0.41875 0.684375 0.41875 0.684375 0.496875 0.5953125 0.496875
9 0.6765625 0.1234375 0.7546875 0.1234375 0.7546875 0.2078125 0.6765625 0.2078125
8 0.290625 0.709375 0.38125 0.709375 0.38125 0.8140625 0.290625 0.8140625
8 0.296875 0.3265625 0.3828125 0.3265625 0.3828125 0.4125 0.296875 0.4125
8 0.5921875 0.6921875 0.6765625 0.6921875 0.6765625 0.8015625 0.5921875 0.8015625
8 0.7734375 0.3125 0.8609375 0.3125 0.8609375 0.4 0.7734375 0.4
7 0.1828125 0.3078125 0.29375 0.3078125 0.29375 0.4109375 0.1828125 0.4109375
7 0.5875 0.5078125 0.671875 0.5078125 0.671875 0.6 0.5875 0.6
6 0.1171875 0.8203125 0.2203125 0.8203125 0.2203125 0.9234375 0.1171875 0.9234375
6 0.3890625 0.5171875 0.475 0.5171875 0.475 0.6015625 0.3890625 0.6015625
6 0.4703125 0.2265625 0.55625 0.2265625 0.55625 0.3125 0.4703125 0.3125
6 0.6 0.8171875 0.6875 0.8171875 0.6875 0.9203125 0.6 0.9203125
5 0.3890625 0.1453125 0.4734375 0.1453125 0.4734375 0.23125 0.3890625 0.23125
5 0.78125 0.09375 0.8828125 0.09375 0.8828125 0.2015625 0.78125 0.2015625
5 0.6546875 0.3125 0.746875 0.3125 0.746875 0.39375 0.6546875 0.39375
5 0.7140625 0.8234375 0.8015625 0.8234375 0.8015625 0.9203125 0.7140625 0.9203125
4 0.4921875 0.51875 0.584375 0.51875 0.584375 0.621875 0.4921875 0.621875
4 0.3828125 0.4234375 0.48125 0.4234375 0.48125 0.5078125 0.3828125 0.5078125
2 0.4984375 0.8078125 0.5796875 0.8078125 0.5796875 0.9078125 0.4984375 0.9078125
2 0.1859375 0.13125 0.2890625 0.13125 0.2890625 0.228125 0.1859375 0.228125
1 0.709375 0.6015625 0.8125 0.6015625 0.8125 0.7015625 0.709375 0.7015625
1 0.578125 0.0734375 0.6765625 0.0734375 0.6765625 0.2046875 0.578125 0.2046875
0 0.371875 0.8125 0.4703125 0.8125 0.4703125 0.9234375 0.371875 0.9234375
0 0.4921875 0.3234375 0.5703125 0.3234375 0.5703125 0.4 0.4921875 0.4
0 0.09375 0.3234375 0.1875 0.3234375 0.1875 0.415625 0.09375 0.415625