3 0.1234375 0.090625 0.190625 0.090625 0.190625 0.1703125 0.1234375 0.1703125
3 0.234375 0.1109375 0.3015625 0.1109375 0.3015625 0.19375 0.234375 0.19375
3 0.41875 0.1078125 0.4765625 0.1078125 0.4765625 0.1921875 0.41875 0.1921875
3 0.6046875 0.103125 0.6703125 0.103125 0.6703125 0.1828125 0.6046875 0.1828125
3 0.7109375 0.115625 0.7859375 0.115625 0.7859375 0.190625 0.7109375 0.190625
3 0.79375 0.125 0.8765625 0.125 0.8765625 0.1921875 0.79375 0.1921875
3 0.8078125 0.215625 0.8921875 0.215625 0.8921875 0.2765625 0.8078125 0.2765625
3 0.8078125 0.3046875 0.8953125 0.3046875 0.8953125 0.365625 0.8078125 0.365625
3 0.8046875 0.390625 0.8875 0.390625 0.8875 0.4515625 0.8046875 0.4515625
3 0.7875 0.4953125 0.8765625 0.4953125 0.8765625 0.5609375 0.7875 0.5609375
3 0.79375 0.59375 0.8703125 0.59375 0.8703125 0.65625 0.79375 0.65625
3 0.7890625 0.6703125 0.8640625 0.6703125 0.8640625 0.7421875 0.7890625 0.7421875
3 0.80625 0.771875 0.8890625 0.771875 0.8890625 0.8515625 0.80625 0.8515625
3 0.6203125 0.765625 0.690625 0.765625 0.690625 0.85625 0.6203125 0.85625
3 0.1328125 0.765625 0.2171875 0.765625 0.2171875 0.8421875 0.1328125 0.8421875
9 0.3578125 0.325 0.415625 0.325 0.415625 0.3796875 0.3578125 0.3796875
9 0.44375 0.2109375 0.5015625 0.2109375 0.5015625 0.2734375 0.44375 0.2734375
9 0.528125 0.209375 0.5875 0.209375 0.5875 0.275 0.528125 0.275
9 0.4421875 0.3109375 0.5 0.3109375 0.5 0.371875 0.4421875 0.371875
9 0.534375 0.3109375 0.5875 0.3109375 0.5875 0.3640625 0.534375 0.3640625
9 0.6140625 0.328125 0.675 0.328125 0.675 0.3859375 0.6140625 0.3859375
9 0.621875 0.4 0.6796875 0.4 0.6796875 0.453125 0.621875 0.453125
9 0.5453125 0.4078125 0.5984375 0.4078125 0.5984375 0.4640625 0.5453125 0.4640625
9 0.434375 0.4046875 0.4921875 0.4046875 0.4921875 0.4578125 0.434375 0.4578125
9 0.3453125 0.403125 0.4 0.403125 0.4 0.459375 0.3453125 0.459375
9 0.3453125 0.5 0.396875 0.5 0.396875 0.5578125 0.3453125 0.5578125
9 0.4359375 0.509375 0.496875 0.509375 0.496875 0.5640625 0.4359375 0.5640625
9 0.540625 0.50625 0.596875 0.50625 0.596875 0.5625 0.540625 0.5625
9 0.61875 0.5015625 0.678125 0.5015625 0.678125 0.5625 0.61875 0.5625
9 0.525 0.5875 0.58125 0.5875 0.58125 0.6453125 0.525 0.6453125