2 0.3 0.5125 0.3703125 0.5125 0.3703125 0.56875 0.3 0.56875
2 0.8078125 0.6375 0.909375 0.6375 0.909375 0.70625 0.8078125 0.70625
1 0.5015625 0.4078125 0.5953125 0.4078125 0.5953125 0.475 0.5015625 0.475
1 0.590625 0.4265625 0.696875 0.4265625 0.696875 0.490625 0.590625 0.490625
5 0.19375 0.4453125 0.275 0.4453125 0.275 0.5 0.19375 0.5
5 0.40625 0.528125 0.471875 0.528125 0.471875 0.5765625 0.40625 0.5765625
4 0.6046875 0.646875 0.7140625 0.646875 0.7140625 0.725 0.6046875 0.725
7 0.703125 0.5609375 0.8234375 0.5609375 0.8234375 0.625 0.703125 0.625
8 0.0875 0.6109375 0.1859375 0.6109375 0.1859375 0.671875 0.0875 0.671875
8 0.2890625 0.3546875 0.3546875 0.3546875 0.3546875 0.4203125 0.2890625 0.4203125
8 0.403125 0.4375 0.4734375 0.4375 0.4734375 0.4890625 0.403125 0.4890625
8 0.575 0.3546875 0.6546875 0.3546875 0.6546875 0.4171875 0.575 0.4171875
11 0.4953125 0.4984375 0.5671875 0.4984375 0.5671875 0.55 0.4953125 0.55
11 0.509375 0.5796875 0.5859375 0.5796875 0.5859375 0.6390625 0.509375 0.6390625
10 0.2984375 0.671875 0.3828125 0.671875 0.3828125 0.753125 0.2984375 0.753125