2 0.2796875 0.5046875 0.3546875 0.5046875 0.3546875 0.5625 0.2796875 0.5625
2 0.1640625 0.4296875 0.2546875 0.4296875 0.2546875 0.4859375 0.1640625 0.4859375
5 0.1359375 0.25 0.225 0.25 0.225 0.325 0.1359375 0.325
5 0.0546875 0.1046875 0.1546875 0.1046875 0.1546875 0.1953125 0.0546875 0.1953125
1 0.378125 0.4234375 0.4515625 0.4234375 0.4515625 0.4859375 0.378125 0.4859375
4 0.3765625 0.515625 0.45625 0.515625 0.45625 0.575 0.3765625 0.575
1 0.775 0.6421875 0.9125 0.6421875 0.9125 0.7171875 0.775 0.7171875
8 0.2953125 0.6625 0.3734375 0.6625 0.3734375 0.7203125 0.2953125 0.7203125
8 0.4984375 0.6515625 0.5875 0.6515625 0.5875 0.7109375 0.4984375 0.7109375
8 0.5890625 0.571875 0.6875 0.571875 0.6875 0.6265625 0.5890625 0.6265625
8 0.5796875 0.4875 0.6671875 0.4875 0.6671875 0.5453125 0.5796875 0.5453125
11 0.565625 0.34375 0.6515625 0.34375 0.6515625 0.4078125 0.565625 0.4078125
10 0.371875 0.2484375 0.4515625 0.2484375 0.4515625 0.3453125 0.371875 0.3453125
11 0.659375 0.1765625 0.7484375 0.1765625 0.7484375 0.2546875 0.659375 0.2546875
7 0.7640625 0.3296875 0.89375 0.3296875 0.89375 0.4078125 0.7640625 0.4078125