9 0.1578125 0.128125 0.2296875 0.128125 0.2296875 0.209375 0.1578125 0.209375
9 0.5296875 0.1421875 0.5921875 0.1421875 0.5921875 0.221875 0.5296875 0.221875
9 0.4421875 0.253125 0.5015625 0.253125 0.5015625 0.325 0.4421875 0.325
9 0.14375 0.31875 0.215625 0.31875 0.215625 0.390625 0.14375 0.390625
9 0.6953125 0.2671875 0.759375 0.2671875 0.759375 0.334375 0.6953125 0.334375
9 0.4296875 0.346875 0.4984375 0.346875 0.4984375 0.4125 0.4296875 0.4125
9 0.1515625 0.4078125 0.2265625 0.4078125 0.2265625 0.48125 0.1515625 0.48125
9 0.246875 0.5203125 0.3140625 0.5203125 0.3140625 0.58125 0.246875 0.58125
9 0.334375 0.5125 0.40625 0.5125 0.40625 0.5734375 0.334375 0.5734375
9 0.7984375 0.5375 0.8734375 0.5375 0.8734375 0.6 0.7984375 0.6
9 0.6953125 0.625 0.7609375 0.625 0.7609375 0.6875 0.6953125 0.6875
9 0.440625 0.7078125 0.4984375 0.7078125 0.4984375 0.771875 0.440625 0.771875
9 0.1140625 0.8203125 0.1859375 0.8203125 0.1859375 0.9 0.1140625 0.9
9 0.625 0.8265625 0.69375 0.8265625 0.69375 0.9015625 0.625 0.9015625
9 0.784375 0.821875 0.86875 0.821875 0.86875 0.9109375 0.784375 0.9109375
9 0.4265625 0.525 0.5046875 0.525 0.5046875 0.596875 0.4265625 0.596875
3 0.346875 0.14375 0.4046875 0.14375 0.4046875 0.2125 0.346875 0.2125
3 0.7921875 0.1703125 0.8609375 0.1703125 0.8609375 0.2421875 0.7921875 0.2421875
3 0.625 0.2796875 0.690625 0.2796875 0.690625 0.34375 0.625 0.34375
3 0.278125 0.3375 0.3390625 0.3375 0.3390625 0.4015625 0.278125 0.4015625
3 0.5328125 0.453125 0.5984375 0.453125 0.5984375 0.5125 0.5328125 0.5125
3 0.7046875 0.54375 0.7734375 0.54375 0.7734375 0.6015625 0.7046875 0.6015625
3 0.240625 0.634375 0.309375 0.634375 0.309375 0.69375 0.240625 0.69375
3 0.4375 0.6203125 0.5 0.6203125 0.5 0.6875 0.4375 0.6875
3 0.5921875 0.6265625 0.6609375 0.6265625 0.6609375 0.6890625 0.5921875 0.6890625
3 0.1234375 0.7140625 0.1953125 0.7140625 0.1953125 0.7765625 0.1234375 0.7765625
3 0.7953125 0.6984375 0.871875 0.6984375 0.871875 0.765625 0.7953125 0.765625
3 0.2296875 0.815625 0.2953125 0.815625 0.2953125 0.8890625 0.2296875 0.8890625
3 0.3171875 0.8125 0.3796875 0.8125 0.3796875 0.8859375 0.3171875 0.8859375
3 0.4171875 0.81875 0.4796875 0.81875 0.4796875 0.89375 0.4171875 0.89375
3 0.490625 0.83125 0.553125 0.83125 0.553125 0.90625 0.490625 0.90625
0 0.2375 0.1265625 0.315625 0.1265625 0.315625 0.21875 0.2375 0.21875
0 0.3484375 0.23125 0.415625 0.23125 0.415625 0.309375 0.3484375 0.309375
0 0.4375 0.1234375 0.5109375 0.1234375 0.5109375 0.2421875 0.4375 0.2421875
1 0.3234375 0.6078125 0.3984375 0.6078125 0.3984375 0.6859375 0.3234375 0.6859375
4 0.1328125 0.19375 0.228125 0.19375 0.228125 0.30625 0.1328125 0.30625
4 0.2390625 0.4140625 0.321875 0.4140625 0.321875 0.5 0.2390625 0.5
4 0.3453125 0.4203125 0.4109375 0.4203125 0.4109375 0.4953125 0.3453125 0.4953125
2 0.2421875 0.215625 0.328125 0.215625 0.328125 0.30625 0.2421875 0.30625
2 0.3453125 0.325 0.415625 0.325 0.415625 0.4046875 0.3453125 0.4046875
2 0.440625 0.4203125 0.509375 0.4203125 0.509375 0.5 0.440625 0.5
2 0.534375 0.521875 0.60625 0.521875 0.60625 0.5875 0.534375 0.5875
5 0.1140625 0.5125 0.203125 0.5125 0.203125 0.5875 0.1140625 0.5875
5 0.1125 0.6046875 0.1984375 0.6046875 0.1984375 0.671875 0.1125 0.671875
5 0.521875 0.6296875 0.590625 0.6296875 0.590625 0.7 0.521875 0.7
5 0.2234375 0.7125 0.2953125 0.7125 0.2953125 0.7875 0.2234375 0.7875
5 0.3234375 0.7125 0.3921875 0.7125 0.3921875 0.7875 0.3234375 0.7875
5 0.509375 0.7125 0.58125 0.7125 0.58125 0.79375 0.509375 0.79375