0 0.6296875 0.8328125 0.709375 0.8328125 0.709375 0.93125 0.6296875 0.93125
1 0.5421875 0.809375 0.6265625 0.809375 0.6265625 0.9359375 0.5421875 0.9359375
1 0.5390625 0.5453125 0.6265625 0.5453125 0.6265625 0.6265625 0.5390625 0.6265625
2 0.45 0.5421875 0.5234375 0.5421875 0.5234375 0.6203125 0.45 0.6203125
2 0.4265625 0.728125 0.5015625 0.728125 0.5015625 0.815625 0.4265625 0.815625
3 0.0515625 0.6171875 0.1265625 0.6171875 0.1265625 0.7015625 0.0515625 0.7015625
3 0.134375 0.840625 0.20625 0.840625 0.20625 0.921875 0.134375 0.921875
4 0.10625 0.7375 0.21875 0.7375 0.21875 0.8453125 0.10625 0.8453125
4 0.71875 0.809375 0.8296875 0.809375 0.8296875 0.9359375 0.71875 0.9359375
5 0.3296875 0.5453125 0.409375 0.5453125 0.409375 0.615625 0.3296875 0.615625
6 0.353125 0.7375 0.4203125 0.7375 0.4203125 0.8234375 0.353125 0.8234375
6 0.2421875 0.53125 0.3234375 0.53125 0.3234375 0.603125 0.2421875 0.603125
11 0.0453125 0.546875 0.14375 0.546875 0.14375 0.628125 0.0453125 0.628125
11 0.3484375 0.821875 0.421875 0.821875 0.421875 0.9359375 0.3484375 0.9359375
10 0.2234375 0.721875 0.321875 0.721875 0.321875 0.8359375 0.2234375 0.8359375
10 0.23125 0.634375 0.325 0.634375 0.325 0.7359375 0.23125 0.7359375
9 0.5453125 0.6265625 0.6078125 0.6265625 0.6078125 0.6921875 0.5453125 0.6921875
9 0.61875 0.7359375 0.6796875 0.7359375 0.6796875 0.8109375 0.61875 0.8109375
8 0.525 0.7171875 0.60625 0.7171875 0.60625 0.8046875 0.525 0.8046875
8 0.4375 0.6265625 0.5078125 0.6265625 0.5078125 0.70625 0.4375 0.70625
8 0.34375 0.628125 0.428125 0.628125 0.428125 0.703125 0.34375 0.703125
7 0 0.7328125 0.1203125 0.7328125 0.1203125 0.859375 0 0.859375
7 0.4546875 0.821875 0.5296875 0.821875 0.5296875 0.9515625 0.4546875 0.9515625
8 0.121875 0.64375 0.2046875 0.64375 0.2046875 0.734375 0.121875 0.734375