7 0.1078125 0.09375 0.215625 0.09375 0.215625 0.20625 0.1078125 0.20625
7 0.125 0.6765625 0.2296875 0.6765625 0.2296875 0.775 0.125 0.775
8 0.3203125 0.1125 0.40625 0.1125 0.40625 0.20625 0.3203125 0.20625
8 0.5109375 0.1421875 0.609375 0.1421875 0.609375 0.2203125 0.5109375 0.2203125
8 0.61875 0.2328125 0.70625 0.2328125 0.70625 0.3046875 0.61875 0.3046875
10 0.1328125 0.5359375 0.225 0.5359375 0.225 0.6015625 0.1328125 0.6015625
10 0.3265625 0.440625 0.4015625 0.440625 0.4015625 0.503125 0.3265625 0.503125
6 0.2296875 0.3875 0.2984375 0.3875 0.2984375 0.4390625 0.2296875 0.4390625
6 0.403125 0.525 0.48125 0.525 0.48125 0.5859375 0.403125 0.5859375
11 0.2125 0.59375 0.290625 0.59375 0.290625 0.6578125 0.2125 0.6578125
11 0.696875 0.4578125 0.7921875 0.4578125 0.7921875 0.5125 0.696875 0.5125
5 0.3453125 0.3046875 0.4140625 0.3046875 0.4140625 0.3703125 0.3453125 0.3703125
5 0.5203125 0.4515625 0.6109375 0.4515625 0.6109375 0.5 0.5203125 0.5
0 0.4078125 0.6609375 0.4890625 0.6609375 0.4890625 0.7359375 0.4078125 0.7359375
4 0.5078125 0.2953125 0.6234375 0.2953125 0.6234375 0.36875 0.5078125 0.36875
4 0.7859375 0.1515625 0.9296875 0.1515625 0.9296875 0.2484375 0.7859375 0.2484375
2 0.2234375 0.209375 0.3140625 0.209375 0.3140625 0.29375 0.2234375 0.29375
2 0.5140625 0.5890625 0.596875 0.5890625 0.596875 0.6703125 0.5140625 0.6703125
1 0.5953125 0.590625 0.7140625 0.590625 0.7140625 0.66875 0.5953125 0.66875