7 0.8078125 0.7015625 0.9640625 0.7015625 0.9640625 0.8046875 0.8078125 0.8046875
7 0.43125 0.471875 0.54375 0.471875 0.54375 0.54375 0.43125 0.54375
10 0.75 0.3203125 0.9046875 0.3203125 0.9046875 0.390625 0.75 0.390625
10 0.2875 0.696875 0.38125 0.696875 0.38125 0.8078125 0.2875 0.8078125
8 0.084375 0.0859375 0.1875 0.0859375 0.1875 0.1890625 0.084375 0.1890625
8 0.44375 0.2078125 0.53125 0.2078125 0.53125 0.2890625 0.44375 0.2890625
8 0.5703125 0.3046875 0.684375 0.3046875 0.684375 0.3734375 0.5703125 0.3734375
11 0.075 0.5578125 0.171875 0.5578125 0.171875 0.6328125 0.075 0.6328125
11 0.634375 0.553125 0.734375 0.553125 0.734375 0.625 0.634375 0.625
6 0.2140625 0.5609375 0.29375 0.5609375 0.29375 0.6265625 0.2140625 0.6265625
6 0.4546875 0.321875 0.5375 0.321875 0.5375 0.3875 0.4546875 0.3875
1 0.4125 0.7109375 0.5203125 0.7109375 0.5203125 0.8203125 0.4125 0.8203125
4 0.2140625 0.0765625 0.3140625 0.0765625 0.3140625 0.1984375 0.2140625 0.1984375
4 0.55 0.115625 0.6890625 0.115625 0.6890625 0.221875 0.55 0.221875
2 0.546875 0.46875 0.6453125 0.46875 0.6453125 0.5328125 0.546875 0.5328125
2 0.0859375 0.7171875 0.1890625 0.7171875 0.1890625 0.8125 0.0859375 0.8125
0 0.328125 0.378125 0.4046875 0.378125 0.4046875 0.4375 0.328125 0.4375
5 0.7359375 0.4015625 0.853125 0.4015625 0.853125 0.4640625 0.7359375 0.4640625
5 0.7234375 0.5546875 0.8390625 0.5546875 0.8390625 0.6453125 0.7234375 0.6453125