3 0.1421875 0.053125 0.234375 0.053125 0.234375 0.1390625 0.1421875 0.1390625
3 0.25625 0.0765625 0.3390625 0.0765625 0.3390625 0.1609375 0.25625 0.1609375
3 0.440625 0.0703125 0.5234375 0.0703125 0.5234375 0.1546875 0.440625 0.1546875
3 0.6421875 0.0609375 0.7171875 0.0609375 0.7171875 0.14375 0.6421875 0.14375
3 0.7453125 0.065625 0.83125 0.065625 0.83125 0.15 0.7453125 0.15
3 0.8421875 0.075 0.9265625 0.075 0.9265625 0.1578125 0.8421875 0.1578125
3 0.8484375 0.178125 0.9421875 0.178125 0.9421875 0.2546875 0.8484375 0.2546875
3 0.8484375 0.2734375 0.9453125 0.2734375 0.9453125 0.340625 0.8484375 0.340625
3 0.846875 0.3578125 0.9390625 0.3578125 0.9390625 0.4296875 0.846875 0.4296875
3 0.8328125 0.4625 0.921875 0.4625 0.921875 0.5328125 0.8328125 0.5328125
3 0.8328125 0.5671875 0.9171875 0.5671875 0.9171875 0.6421875 0.8328125 0.6421875
3 0.825 0.6515625 0.9125 0.6515625 0.9125 0.721875 0.825 0.721875
3 0.840625 0.75 0.9296875 0.75 0.9296875 0.825 0.840625 0.825
3 0.6484375 0.746875 0.73125 0.746875 0.73125 0.8296875 0.6484375 0.8296875
3 0.1734375 0.74375 0.253125 0.74375 0.253125 0.8234375 0.1734375 0.8234375
9 0.475 0.165625 0.5421875 0.165625 0.5421875 0.2453125 0.475 0.2453125
9 0.55625 0.1703125 0.63125 0.1703125 0.63125 0.246875 0.55625 0.246875
9 0.3828125 0.2859375 0.4625 0.2859375 0.4625 0.3625 0.3828125 0.3625
9 0.471875 0.271875 0.546875 0.271875 0.546875 0.3484375 0.471875 0.3484375
9 0.5546875 0.2671875 0.6375 0.2671875 0.6375 0.3421875 0.5546875 0.3421875
9 0.646875 0.2890625 0.721875 0.2890625 0.721875 0.3640625 0.646875 0.3640625
9 0.375 0.3765625 0.4421875 0.3765625 0.4421875 0.440625 0.375 0.440625
9 0.4609375 0.3703125 0.5359375 0.3703125 0.5359375 0.4453125 0.4609375 0.4453125
9 0.5671875 0.365625 0.6421875 0.365625 0.6421875 0.453125 0.5671875 0.453125
9 0.6515625 0.3703125 0.728125 0.3703125 0.728125 0.4375 0.6515625 0.4375
9 0.3671875 0.4671875 0.4390625 0.4671875 0.4390625 0.5375 0.3671875 0.5375
9 0.465625 0.4765625 0.5359375 0.4765625 0.5359375 0.546875 0.465625 0.546875
9 0.5625 0.4703125 0.634375 0.4703125 0.634375 0.5421875 0.5625 0.5421875
9 0.65 0.4734375 0.725 0.4734375 0.725 0.540625 0.65 0.540625
9 0.553125 0.5625 0.61875 0.5625 0.61875 0.628125 0.553125 0.628125