11 0.334375 0.4390625 0.4125 0.4390625 0.4125 0.5046875 0.334375 0.5046875
11 0.6171875 0.1984375 0.7 0.1984375 0.7 0.2859375 0.6171875 0.2859375
10 0.121875 0.80625 0.2421875 0.80625 0.2421875 0.9375 0.121875 0.9375
10 0.228125 0.6078125 0.340625 0.6078125 0.340625 0.6953125 0.228125 0.6953125
10 0.225 0.51875 0.334375 0.51875 0.334375 0.5984375 0.225 0.5984375
9 0.1484375 0.725 0.225 0.725 0.225 0.7953125 0.1484375 0.7953125
9 0.14375 0.1265625 0.2203125 0.1265625 0.2203125 0.2046875 0.14375 0.2046875
9 0.2546875 0.446875 0.3296875 0.446875 0.3296875 0.50625 0.2546875 0.50625
9 0.25625 0.340625 0.325 0.340625 0.325 0.390625 0.25625 0.390625
9 0.4453125 0.8078125 0.515625 0.8078125 0.515625 0.8828125 0.4453125 0.8828125
9 0.5390625 0.7 0.60625 0.7 0.60625 0.76875 0.5390625 0.76875
9 0.540625 0.609375 0.6109375 0.609375 0.6109375 0.6671875 0.540625 0.6671875
9 0.5484375 0.1078125 0.603125 0.1078125 0.603125 0.1875 0.5484375 0.1875
9 0.625 0.41875 0.6953125 0.41875 0.6953125 0.4828125 0.625 0.4828125
9 0.6390625 0.51875 0.6984375 0.51875 0.6984375 0.5859375 0.6390625 0.5859375
9 0.740625 0.3265625 0.8078125 0.3265625 0.8078125 0.390625 0.740625 0.390625
9 0.7265625 0.11875 0.7921875 0.11875 0.7921875 0.196875 0.7265625 0.196875
9 0.8296875 0.4109375 0.9109375 0.4109375 0.9109375 0.48125 0.8296875 0.48125
9 0.8453125 0.521875 0.925 0.521875 0.925 0.584375 0.8453125 0.584375
9 0.828125 0.8125 0.9234375 0.8125 0.9234375 0.8984375 0.828125 0.8984375
7 0.209375 0.7109375 0.3234375 0.7109375 0.3234375 0.8203125 0.209375 0.8203125
7 0.334375 0.5234375 0.4328125 0.5234375 0.4328125 0.6 0.334375 0.6
7 0.1875 0.0875 0.309375 0.0875 0.309375 0.2078125 0.1875 0.2078125
6 0.321875 0.6140625 0.403125 0.6140625 0.403125 0.684375 0.321875 0.684375
6 0.334375 0.3046875 0.41875 0.3046875 0.41875 0.3828125 0.334375 0.3828125
6 0.440625 0.3265625 0.5109375 0.3265625 0.5109375 0.403125 0.440625 0.403125
6 0.5359375 0.53125 0.60625 0.53125 0.60625 0.6015625 0.5359375 0.6015625
6 0.7296875 0.7234375 0.825 0.7234375 0.825 0.8140625 0.7296875 0.8140625
6 0.8390625 0.59375 0.9421875 0.59375 0.9421875 0.678125 0.8390625 0.678125
5 0.146875 0.59375 0.2359375 0.59375 0.2359375 0.6609375 0.146875 0.6609375
5 0.3484375 0.809375 0.428125 0.809375 0.428125 0.9140625 0.3484375 0.9140625
5 0.41875 0.203125 0.5015625 0.203125 0.5015625 0.3 0.41875 0.3
5 0.740625 0.5171875 0.828125 0.5171875 0.828125 0.590625 0.740625 0.590625
5 0.7125 0.41875 0.8078125 0.41875 0.8078125 0.4875 0.7125 0.4875
4 0.1234375 0.509375 0.24375 0.509375 0.24375 0.584375 0.1234375 0.584375
4 0.1015625 0.234375 0.2453125 0.234375 0.2453125 0.334375 0.1015625 0.334375
4 0.71875 0.1875 0.828125 0.1875 0.828125 0.296875 0.71875 0.296875
3 0.1390625 0.4359375 0.2265625 0.4359375 0.2265625 0.4953125 0.1390625 0.4953125
3 0.1625 0.3421875 0.2421875 0.3421875 0.2421875 0.3953125 0.1625 0.3953125
3 0.25625 0.80625 0.3359375 0.80625 0.3359375 0.8734375 0.25625 0.8734375
3 0.3328125 0.6921875 0.4125 0.6921875 0.4125 0.7609375 0.3328125 0.7609375
3 0.2578125 0.2328125 0.328125 0.2328125 0.328125 0.315625 0.2578125 0.315625
3 0.4375 0.5109375 0.49375 0.5109375 0.49375 0.5734375 0.4375 0.5734375
3 0.5453125 0.8 0.6203125 0.8 0.6203125 0.878125 0.5453125 0.878125
3 0.4640625 0.115625 0.534375 0.115625 0.534375 0.190625 0.4640625 0.190625
3 0.5390625 0.3203125 0.609375 0.3203125 0.609375 0.390625 0.5390625 0.390625
3 0.628125 0.3453125 0.684375 0.3453125 0.684375 0.403125 0.628125 0.403125
3 0.81875 0.3109375 0.903125 0.3109375 0.903125 0.3859375 0.81875 0.3859375
3 0.8328125 0.1046875 0.90625 0.1046875 0.90625 0.1796875 0.8328125 0.1796875
3 0.834375 0.2125 0.9140625 0.2125 0.9140625 0.290625 0.834375 0.290625
2 0.3328125 0.1171875 0.415625 0.1171875 0.415625 0.2359375 0.3328125 0.2359375
2 0.425 0.60625 0.5046875 0.60625 0.5046875 0.7046875 0.425 0.7046875
2 0.6265625 0.7171875 0.7109375 0.7171875 0.7109375 0.8109375 0.6265625 0.8109375
2 0.8359375 0.6984375 0.9421875 0.6984375 0.9421875 0.7859375 0.8359375 0.7859375
1 0.4390625 0.7046875 0.5234375 0.7046875 0.5234375 0.8140625 0.4390625 0.8140625
1 0.5234375 0.1984375 0.6078125 0.1984375 0.6078125 0.303125 0.5234375 0.303125
1 0.5453125 0.421875 0.621875 0.421875 0.621875 0.5078125 0.5453125 0.5078125
0 0.328125 0.228125 0.4078125 0.228125 0.4078125 0.3140625 0.328125 0.3140625
0 0.4265625 0.4375 0.515625 0.4375 0.515625 0.4984375 0.4265625 0.4984375
0 0.63125 0.6046875 0.70625 0.6046875 0.70625 0.6828125 0.63125 0.6828125
0 0.746875 0.80625 0.828125 0.80625 0.828125 0.909375 0.746875 0.909375
0 0.728125 0.6046875 0.7984375 0.6046875 0.7984375 0.6796875 0.728125 0.6796875
3 0.625 0.8140625 0.7 0.8140625 0.7 0.9015625 0.625 0.9015625
5 0.621875 0.0828125 0.70625 0.0828125 0.70625 0.1859375 0.621875 0.1859375