1 0.571875 0.046875 0.64375 0.046875 0.64375 0.184375 0.571875 0.184375
4 0.4 0.2828125 0.46875 0.2828125 0.46875 0.3859375 0.4 0.3859375
1 0.578125 0.625 0.6515625 0.625 0.6515625 0.73125 0.578125 0.73125
2 0.6640625 0.5984375 0.74375 0.5984375 0.74375 0.6859375 0.6640625 0.6859375
2 0.734375 0.70625 0.8234375 0.70625 0.8234375 0.8015625 0.734375 0.8015625
5 0.165625 0.8328125 0.2515625 0.8328125 0.2515625 0.940625 0.165625 0.940625
5 0.4796875 0.4984375 0.5375 0.4984375 0.5375 0.5828125 0.4796875 0.5828125
11 0.1515625 0.6265625 0.2375 0.6265625 0.2375 0.7125 0.1515625 0.7125
11 0.74375 0.8265625 0.8265625 0.8265625 0.8265625 0.9421875 0.74375 0.9421875
10 0.5828125 0.390625 0.65625 0.390625 0.65625 0.484375 0.5828125 0.484375
8 0.503125 0.8140625 0.5765625 0.8140625 0.5765625 0.9203125 0.503125 0.9203125
8 0.1484375 0.3015625 0.2453125 0.3015625 0.2453125 0.4 0.1484375 0.4
8 0.315625 0.2046875 0.3953125 0.2046875 0.3953125 0.2953125 0.315625 0.2953125
8 0.740625 0.0515625 0.821875 0.0515625 0.821875 0.1703125 0.740625 0.1703125
7 0.3203125 0.81875 0.409375 0.81875 0.409375 0.96875 0.3203125 0.96875