3 0.8359375 0.7546875 0.9140625 0.7546875 0.9140625 0.8265625 0.8359375 0.8265625
3 0.6359375 0.746875 0.703125 0.746875 0.703125 0.825 0.6359375 0.825
3 0.1453125 0.7390625 0.225 0.7390625 0.225 0.8203125 0.1453125 0.8203125
3 0.421875 0.6515625 0.49375 0.6515625 0.49375 0.7296875 0.421875 0.7296875
3 0.60625 0.559375 0.6703125 0.559375 0.6703125 0.625 0.60625 0.625
3 0.3203125 0.54375 0.4015625 0.54375 0.4015625 0.6171875 0.3203125 0.6171875
3 0.2453125 0.559375 0.3140625 0.559375 0.3140625 0.634375 0.2453125 0.634375
3 0.825 0.46875 0.9015625 0.46875 0.9015625 0.5328125 0.825 0.5328125
3 0.41875 0.45625 0.49375 0.45625 0.49375 0.521875 0.41875 0.521875
3 0.8296875 0.25625 0.9171875 0.25625 0.9171875 0.3265625 0.8296875 0.3265625
3 0.6359375 0.25 0.70625 0.25 0.70625 0.3265625 0.6359375 0.3265625
3 0.3296875 0.2703125 0.4046875 0.2703125 0.4046875 0.3296875 0.3296875 0.3296875
3 0.115625 0.2546875 0.2046875 0.2546875 0.2046875 0.328125 0.115625 0.328125
3 0.51875 0.065625 0.6 0.065625 0.6 0.146875 0.51875 0.146875
3 0.321875 0.0578125 0.403125 0.0578125 0.403125 0.134375 0.321875 0.134375
9 0.315625 0.7453125 0.390625 0.7453125 0.390625 0.8171875 0.315625 0.8171875
9 0.7234375 0.6484375 0.8046875 0.6484375 0.8046875 0.71875 0.7234375 0.71875
9 0.1234375 0.65625 0.2078125 0.65625 0.2078125 0.73125 0.1234375 0.73125
9 0.725 0.553125 0.79375 0.553125 0.79375 0.625 0.725 0.625
9 0.1265625 0.4640625 0.209375 0.4640625 0.209375 0.5375 0.1265625 0.5375
9 0.634375 0.3625 0.7 0.3625 0.7 0.4265625 0.634375 0.4265625
9 0.45 0.371875 0.5125 0.371875 0.5125 0.4328125 0.45 0.4328125
9 0.728125 0.26875 0.8046875 0.26875 0.8046875 0.33125 0.728125 0.33125
9 0.4421875 0.26875 0.515625 0.26875 0.515625 0.340625 0.4421875 0.340625
9 0.2265625 0.2703125 0.3078125 0.2703125 0.3078125 0.3546875 0.2265625 0.3546875
9 0.2171875 0.1546875 0.3015625 0.1546875 0.3015625 0.2296875 0.2171875 0.2296875
9 0.828125 0.0546875 0.91875 0.0546875 0.91875 0.1375 0.828125 0.1375
9 0.6296875 0.0453125 0.7109375 0.0453125 0.7109375 0.1296875 0.6296875 0.1296875
9 0.421875 0.0546875 0.49375 0.0546875 0.49375 0.1359375 0.421875 0.1359375
9 0.196875 0.059375 0.2890625 0.059375 0.2890625 0.140625 0.196875 0.140625