2 0.428125 0.715625 0.625 0.715625 0.625 0.85625 0.428125 0.85625
2 0.1859375 0.246875 0.396875 0.246875 0.396875 0.375 0.1859375 0.375
4 0.1015625 0.584375 0.3984375 0.584375 0.3984375 0.73125 0.1015625 0.73125
4 0.1015625 0.4109375 0.403125 0.4109375 0.403125 0.5265625 0.1015625 0.5265625
5 0.646875 0.5640625 0.8 0.5640625 0.8 0.6890625 0.646875 0.6890625
1 0.4015625 0.40625 0.6171875 0.40625 0.6171875 0.534375 0.4015625 0.534375
7 0.628125 0.178125 0.80625 0.178125 0.80625 0.38125 0.628125 0.38125
10 0.371875 0.5875 0.603125 0.5875 0.603125 0.75 0.371875 0.75
11 0.1984375 0.7109375 0.4125 0.7109375 0.4125 0.8546875 0.1984375 0.8546875
8 0.665625 0.7375 0.825 0.7375 0.825 0.925 0.665625 0.925
10 0.36875 0.1640625 0.6078125 0.1640625 0.6078125 0.3671875 0.36875 0.3671875
7 0.6328125 0.4015625 0.8140625 0.4015625 0.8140625 0.5390625 0.6328125 0.5390625