0 0.83125 0.290625 0.93125 0.290625 0.93125 0.3703125 0.83125 0.3703125
1 0.809375 0.371875 0.9375 0.371875 0.9375 0.459375 0.809375 0.459375
1 0.5453125 0.375 0.628125 0.375 0.628125 0.459375 0.5453125 0.459375
2 0.5421875 0.478125 0.621875 0.478125 0.621875 0.55 0.5421875 0.55
2 0.728125 0.496875 0.815625 0.496875 0.815625 0.575 0.728125 0.575
3 0.61875 0.8734375 0.703125 0.8734375 0.703125 0.9484375 0.61875 0.9484375
3 0.8375 0.7953125 0.921875 0.7953125 0.921875 0.8671875 0.8375 0.8671875
4 0.7375 0.78125 0.846875 0.78125 0.846875 0.89375 0.7375 0.89375
4 0.809375 0.16875 0.9375 0.16875 0.9375 0.2828125 0.809375 0.2828125
5 0.5453125 0.590625 0.615625 0.590625 0.615625 0.66875 0.5453125 0.66875
6 0.7359375 0.5796875 0.8234375 0.5796875 0.8234375 0.646875 0.7359375 0.646875
6 0.53125 0.675 0.603125 0.675 0.603125 0.759375 0.53125 0.759375
11 0.546875 0.85625 0.628125 0.85625 0.628125 0.953125 0.546875 0.953125
11 0.821875 0.5796875 0.9359375 0.5796875 0.9359375 0.6546875 0.821875 0.6546875
10 0.721875 0.678125 0.8359375 0.678125 0.8359375 0.778125 0.721875 0.778125
10 0.634375 0.6765625 0.7375 0.6765625 0.7375 0.7703125 0.634375 0.7703125
9 0.628125 0.3921875 0.69375 0.3921875 0.69375 0.4546875 0.628125 0.4546875
9 0.7375 0.321875 0.8125 0.321875 0.8125 0.38125 0.7375 0.38125
8 0.715625 0.39375 0.80625 0.39375 0.80625 0.4765625 0.715625 0.4765625
8 0.625 0.4921875 0.70625 0.4921875 0.70625 0.5625 0.625 0.5625
8 0.628125 0.5703125 0.703125 0.5703125 0.703125 0.6578125 0.628125 0.6578125
7 0.73125 0.8796875 0.859375 0.8796875 0.859375 1 0.73125 1
7 0.821875 0.46875 0.95 0.46875 0.95 0.5453125 0.821875 0.5453125
8 0.64375 0.796875 0.734375 0.796875 0.734375 0.878125 0.64375 0.878125