5 0.50625 0.65625 0.6484375 0.65625 0.6484375 0.771875 0.50625 0.771875
2 0.6875 0.3125 0.8703125 0.3125 0.8703125 0.4375 0.6875 0.4375
1 0 0.2765625 0.253125 0.2765625 0.253125 0.4703125 0 0.4703125
4 0.28125 0.284375 0.4546875 0.284375 0.4546875 0.45625 0.28125 0.45625
4 0.2421875 0.65 0.4328125 0.65 0.4328125 0.796875 0.2421875 0.796875
7 0.4828125 0.2984375 0.64375 0.2984375 0.64375 0.46875 0.4828125 0.46875
10 0.6640625 0.45625 0.909375 0.45625 0.909375 0.590625 0.6640625 0.590625
10 0.675 0.625 0.925 0.625 0.925 0.75625 0.675 0.75625
8 0.040625 0.5046875 0.246875 0.5046875 0.246875 0.6234375 0.040625 0.6234375
8 0.0359375 0.6453125 0.240625 0.6453125 0.240625 0.7609375 0.0359375 0.7609375
11 0.2328125 0.4953125 0.396875 0.4953125 0.396875 0.5984375 0.2328125 0.5984375
11 0.5015625 0.5 0.646875 0.5 0.646875 0.603125 0.5015625 0.603125