11 0.5875 0.496875 0.665625 0.496875 0.665625 0.5625 0.5875 0.5625
11 0.3 0.7140625 0.3828125 0.7140625 0.3828125 0.8015625 0.3 0.8015625
10 0.7578125 0.0625 0.878125 0.0625 0.878125 0.19375 0.7578125 0.19375
10 0.659375 0.30625 0.771875 0.30625 0.771875 0.39375 0.659375 0.39375
10 0.665625 0.4015625 0.775 0.4015625 0.775 0.48125 0.665625 0.48125
9 0.775 0.2046875 0.8515625 0.2046875 0.8515625 0.275 0.775 0.275
9 0.7796875 0.7953125 0.85625 0.7953125 0.85625 0.8734375 0.7796875 0.8734375
9 0.671875 0.49375 0.746875 0.49375 0.746875 0.553125 0.671875 0.553125
9 0.675 0.609375 0.74375 0.609375 0.74375 0.659375 0.675 0.659375
9 0.484375 0.11875 0.5546875 0.11875 0.5546875 0.19375 0.484375 0.19375
9 0.39375 0.23125 0.4609375 0.23125 0.4609375 0.3 0.39375 0.3
9 0.3890625 0.3328125 0.459375 0.3328125 0.459375 0.390625 0.3890625 0.390625
9 0.396875 0.8125 0.4515625 0.8125 0.4515625 0.8921875 0.396875 0.8921875
9 0.3046875 0.5171875 0.375 0.5171875 0.375 0.58125 0.3046875 0.58125
9 0.303125 0.4140625 0.3625 0.4140625 0.3625 0.48125 0.303125 0.48125
9 0.1921875 0.609375 0.259375 0.609375 0.259375 0.6734375 0.1921875 0.6734375
9 0.209375 0.803125 0.275 0.803125 0.275 0.88125 0.209375 0.88125
9 0.090625 0.51875 0.171875 0.51875 0.171875 0.5890625 0.090625 0.5890625
9 0.075 0.415625 0.1546875 0.415625 0.1546875 0.478125 0.075 0.478125
9 0.0765625 0.1015625 0.171875 0.1015625 0.171875 0.1875 0.0765625 0.1875
7 0.6765625 0.1796875 0.790625 0.1796875 0.790625 0.2890625 0.6765625 0.2890625
7 0.5671875 0.4 0.665625 0.4 0.665625 0.4765625 0.5671875 0.4765625
7 0.690625 0.7921875 0.8125 0.7921875 0.8125 0.9125 0.690625 0.9125
6 0.596875 0.315625 0.678125 0.315625 0.678125 0.3859375 0.596875 0.3859375
6 0.5828125 0.6171875 0.6671875 0.6171875 0.6671875 0.6953125 0.5828125 0.6953125
6 0.4890625 0.596875 0.559375 0.596875 0.559375 0.6734375 0.4890625 0.6734375
6 0.39375 0.3984375 0.4640625 0.3984375 0.4640625 0.46875 0.39375 0.46875
6 0.175 0.1875 0.2703125 0.1875 0.2703125 0.278125 0.175 0.278125
6 0.0578125 0.321875 0.1609375 0.321875 0.1609375 0.40625 0.0578125 0.40625
5 0.7640625 0.3390625 0.853125 0.3390625 0.853125 0.40625 0.7640625 0.40625
5 0.571875 0.0859375 0.6515625 0.0859375 0.6515625 0.190625 0.571875 0.190625
5 0.4984375 0.7 0.58125 0.7 0.58125 0.796875 0.4984375 0.796875
5 0.171875 0.409375 0.259375 0.409375 0.259375 0.4828125 0.171875 0.4828125
5 0.1921875 0.5125 0.2875 0.5125 0.2875 0.58125 0.1921875 0.58125
4 0.75625 0.4171875 0.8765625 0.4171875 0.8765625 0.4921875 0.75625 0.4921875
4 0.7546875 0.6671875 0.8984375 0.6671875 0.8984375 0.7671875 0.7546875 0.7671875
4 0.171875 0.7046875 0.28125 0.7046875 0.28125 0.8140625 0.171875 0.8140625
3 0.7734375 0.5046875 0.8609375 0.5046875 0.8609375 0.5640625 0.7734375 0.5640625
3 0.7578125 0.60625 0.8375 0.60625 0.8375 0.659375 0.7578125 0.659375
3 0.6640625 0.128125 0.74375 0.128125 0.74375 0.19375 0.6640625 0.19375
3 0.5875 0.2390625 0.6671875 0.2390625 0.6671875 0.3078125 0.5875 0.3078125
3 0.671875 0.684375 0.7421875 0.684375 0.7421875 0.7671875 0.671875 0.7671875
3 0.50625 0.4265625 0.5625 0.4265625 0.5625 0.4890625 0.50625 0.4890625
3 0.3796875 0.121875 0.4546875 0.121875 0.4546875 0.2 0.3796875 0.2
3 0.465625 0.8109375 0.5359375 0.8109375 0.5359375 0.8859375 0.465625 0.8859375
3 0.390625 0.609375 0.4609375 0.609375 0.4609375 0.6796875 0.390625 0.6796875
3 0.315625 0.596875 0.371875 0.596875 0.371875 0.6546875 0.315625 0.6546875
3 0.096875 0.6140625 0.18125 0.6140625 0.18125 0.6890625 0.096875 0.6890625
3 0.09375 0.8203125 0.1671875 0.8203125 0.1671875 0.8953125 0.09375 0.8953125
3 0.0859375 0.709375 0.165625 0.709375 0.165625 0.7875 0.0859375 0.7875
2 0.584375 0.7640625 0.6671875 0.7640625 0.6671875 0.8828125 0.584375 0.8828125
2 0.4953125 0.2953125 0.575 0.2953125 0.575 0.39375 0.4953125 0.39375
2 0.290625 0.190625 0.375 0.190625 0.375 0.284375 0.290625 0.284375
2 0.0578125 0.215625 0.1640625 0.215625 0.1640625 0.303125 0.0578125 0.303125
1 0.4765625 0.1875 0.5609375 0.1875 0.5609375 0.296875 0.4765625 0.296875
1 0.3921875 0.696875 0.4765625 0.696875 0.4765625 0.8015625 0.3921875 0.8015625
1 0.378125 0.4921875 0.4546875 0.4921875 0.4546875 0.578125 0.378125 0.578125
0 0.5921875 0.6859375 0.671875 0.6859375 0.671875 0.771875 0.5921875 0.771875
0 0.484375 0.5015625 0.5734375 0.5015625 0.5734375 0.5625 0.484375 0.5625
0 0.29375 0.3171875 0.36875 0.3171875 0.36875 0.3953125 0.29375 0.3953125
0 0.1734375 0.0921875 0.2546875 0.0921875 0.2546875 0.1953125 0.1734375 0.1953125
0 0.2015625 0.3203125 0.271875 0.3203125 0.271875 0.3953125 0.2015625 0.3953125
3 0.3015625 0.1 0.3765625 0.1 0.3765625 0.1875 0.3015625 0.1875
5 0.29375 0.815625 0.378125 0.815625 0.378125 0.91875 0.29375 0.91875