7 0.2109375 0.240625 0.328125 0.240625 0.328125 0.321875 0.2109375 0.321875
8 0.1 0.4953125 0.19375 0.4953125 0.19375 0.5484375 0.1 0.5484375
8 0.4296875 0.4078125 0.5 0.4078125 0.5 0.459375 0.4296875 0.459375
11 0.296875 0.5578125 0.38125 0.5578125 0.38125 0.6140625 0.296875 0.6140625
11 0.5359375 0.3390625 0.6015625 0.3390625 0.6015625 0.39375 0.5359375 0.39375
5 0.4046875 0.559375 0.4875 0.559375 0.4875 0.615625 0.4046875 0.615625
1 0.509375 0.484375 0.584375 0.484375 0.584375 0.5390625 0.509375 0.5390625
4 0.4453125 0.234375 0.5296875 0.234375 0.5296875 0.315625 0.4453125 0.315625
2 0.2171875 0.4046875 0.3015625 0.4046875 0.3015625 0.4578125 0.2171875 0.4578125
2 0.74375 0.340625 0.828125 0.340625 0.828125 0.4 0.74375 0.4
1 0.840625 0.2453125 0.96875 0.2453125 0.96875 0.3265625 0.840625 0.3265625
5 0.840625 0.440625 0.934375 0.440625 0.934375 0.490625 0.840625 0.490625
8 0.6234375 0.571875 0.6921875 0.571875 0.6921875 0.640625 0.6234375 0.640625
8 0.6546875 0.2375 0.734375 0.2375 0.734375 0.3125 0.6546875 0.3125
10 0.715625 0.490625 0.8265625 0.490625 0.8265625 0.553125 0.715625 0.553125