1 0.1109375 0.1109375 0.2296875 0.1109375 0.2296875 0.225 0.1109375 0.225
1 0.7140625 0.478125 0.859375 0.478125 0.859375 0.5390625 0.7140625 0.5390625
0 0.24375 0.4015625 0.31875 0.4015625 0.31875 0.465625 0.24375 0.465625
2 0.803125 0.3265625 0.915625 0.3265625 0.915625 0.3953125 0.803125 0.3953125
2 0.5265625 0.5609375 0.6234375 0.5609375 0.6234375 0.621875 0.5265625 0.621875
3 0.25 0.240625 0.328125 0.240625 0.328125 0.3 0.25 0.3
3 0.559375 0.2484375 0.6390625 0.2484375 0.6390625 0.3125 0.559375 0.3125
4 0.215625 0.6234375 0.321875 0.6234375 0.321875 0.7140625 0.215625 0.7140625
4 0.6390625 0.715625 0.7734375 0.715625 0.7734375 0.8109375 0.6390625 0.8109375
5 0.45 0.709375 0.5375 0.709375 0.5375 0.7828125 0.45 0.7828125
5 0.5578125 0.6328125 0.6546875 0.6328125 0.6546875 0.7015625 0.5578125 0.7015625
6 0.81875 0.16875 0.9359375 0.16875 0.9359375 0.2484375 0.81875 0.2484375
6 0.646875 0.553125 0.74375 0.553125 0.74375 0.615625 0.646875 0.615625
7 0.434375 0.3859375 0.5421875 0.3859375 0.5421875 0.465625 0.434375 0.465625
7 0.096875 0.7109375 0.20625 0.7109375 0.20625 0.8125 0.096875 0.8125
8 0.4421875 0.2171875 0.534375 0.2171875 0.534375 0.3015625 0.4421875 0.3015625
8 0.234375 0.2984375 0.3265625 0.2984375 0.3265625 0.378125 0.234375 0.378125
8 0.8375 0.7015625 0.9515625 0.7015625 0.9515625 0.784375 0.8375 0.784375
8 0.6328125 0.384375 0.725 0.384375 0.725 0.459375 0.6328125 0.459375
9 0.128125 0.46875 0.2046875 0.46875 0.2046875 0.53125 0.128125 0.53125
9 0.321875 0.7109375 0.3921875 0.7109375 0.3921875 0.7765625 0.321875 0.7765625
10 0.3359375 0.546875 0.425 0.546875 0.425 0.615625 0.3359375 0.615625
10 0.7140625 0.2328125 0.8515625 0.2328125 0.8515625 0.31875 0.7140625 0.31875
11 0.1203125 0.303125 0.2203125 0.303125 0.2203125 0.3796875 0.1203125 0.3796875
11 0.7453125 0.625 0.8609375 0.625 0.8609375 0.690625 0.7453125 0.690625