11 0.796875 0.3890625 0.9046875 0.3890625 0.9046875 0.4515625 0.796875 0.4515625
11 0.503125 0.459375 0.596875 0.459375 0.596875 0.521875 0.503125 0.521875
10 0.0453125 0.6390625 0.178125 0.6390625 0.178125 0.71875 0.0453125 0.71875
10 0.6171875 0.6078125 0.7328125 0.6078125 0.7328125 0.6796875 0.6171875 0.6796875
9 0.3015625 0.5546875 0.384375 0.5546875 0.384375 0.60625 0.3015625 0.60625
9 0.190625 0.4 0.275 0.4 0.275 0.453125 0.190625 0.453125
9 0.721875 0.409375 0.8015625 0.409375 0.8015625 0.4625 0.721875 0.4625
9 0.625 0.5234375 0.6953125 0.5234375 0.6953125 0.5765625 0.625 0.5765625
8 0.178125 0.784375 0.2859375 0.784375 0.2859375 0.875 0.178125 0.875
8 0.7171875 0.765625 0.825 0.765625 0.825 0.85625 0.7171875 0.85625
8 0.621875 0.703125 0.715625 0.703125 0.715625 0.775 0.621875 0.775
8 0.70625 0.4609375 0.803125 0.4609375 0.803125 0.521875 0.70625 0.521875
9 0.8390625 0.6171875 0.9375 0.6171875 0.9375 0.6734375 0.8390625 0.6734375
7 0.04375 0.5484375 0.1828125 0.5484375 0.1828125 0.63125 0.04375 0.63125
7 0.5140625 0.5421875 0.6109375 0.5421875 0.6109375 0.609375 0.5140625 0.609375
6 0.7265625 0.3 0.828125 0.3 0.828125 0.375 0.7265625 0.375
6 0.3125 0.7921875 0.3984375 0.7921875 0.3984375 0.88125 0.3125 0.88125
6 0.8203125 0.7625 0.9359375 0.7625 0.9359375 0.8453125 0.8203125 0.8453125
6 0.8203125 0.5359375 0.93125 0.5359375 0.93125 0.5921875 0.8203125 0.5921875
5 0.05 0.2171875 0.165625 0.2171875 0.165625 0.296875 0.05 0.296875
5 0.4140625 0.225 0.49375 0.225 0.49375 0.3046875 0.4140625 0.3046875
5 0.3015625 0.70625 0.3859375 0.70625 0.3859375 0.78125 0.3015625 0.78125
5 0.309375 0.4 0.39375 0.4 0.39375 0.4578125 0.309375 0.4578125
4 0.721875 0.6015625 0.84375 0.6015625 0.84375 0.678125 0.721875 0.678125
4 0.715625 0.6875 0.834375 0.6875 0.834375 0.775 0.715625 0.775
3 0.425 0.7109375 0.5 0.7109375 0.5 0.76875 0.425 0.76875
3 0.071875 0.8078125 0.1640625 0.8078125 0.1640625 0.8828125 0.071875 0.8828125
3 0.078125 0.3109375 0.1640625 0.3109375 0.1640625 0.375 0.078125 0.375
3 0.696875 0.221875 0.784375 0.221875 0.784375 0.2828125 0.696875 0.2828125
2 0.196875 0.634375 0.290625 0.634375 0.290625 0.7015625 0.196875 0.7015625
2 0.5265625 0.778125 0.6171875 0.778125 0.6171875 0.865625 0.5265625 0.865625
1 0.165625 0.465625 0.2796875 0.465625 0.2796875 0.5328125 0.165625 0.5328125
1 0.04375 0.7078125 0.1859375 0.7078125 0.1859375 0.8140625 0.04375 0.8140625
0 0.5234375 0.696875 0.60625 0.696875 0.60625 0.76875 0.5234375 0.76875
0 0.8125 0.453125 0.9203125 0.453125 0.9203125 0.515625 0.8125 0.515625
0 0.821875 0.7 0.91875 0.7 0.91875 0.775 0.821875 0.775