11 0.8140625 0.3515625 0.928125 0.3515625 0.928125 0.4140625 0.8140625 0.4140625
11 0.5125 0.41875 0.6 0.41875 0.6 0.4796875 0.5125 0.4796875
10 0.046875 0.5921875 0.190625 0.5921875 0.190625 0.6671875 0.046875 0.6671875
10 0.509375 0.325 0.6109375 0.325 0.6109375 0.4109375 0.509375 0.4109375
9 0.63125 0.4875 0.715625 0.4875 0.715625 0.5390625 0.63125 0.5390625
9 0.2 0.3484375 0.2765625 0.3484375 0.2765625 0.40625 0.2 0.40625
9 0.7375 0.36875 0.815625 0.36875 0.815625 0.421875 0.7375 0.421875
9 0.0921875 0.6828125 0.1765625 0.6828125 0.1765625 0.7421875 0.0921875 0.7421875
9 0.85625 0.5859375 0.94375 0.5859375 0.94375 0.6390625 0.85625 0.6390625
8 0.296875 0.6671875 0.390625 0.6671875 0.390625 0.7390625 0.296875 0.7390625
8 0.721875 0.734375 0.828125 0.734375 0.828125 0.809375 0.721875 0.809375
8 0.6265625 0.66875 0.7234375 0.66875 0.7234375 0.7375 0.6265625 0.7375
8 0.7171875 0.421875 0.8234375 0.421875 0.8234375 0.4875 0.7171875 0.4875
7 0.040625 0.4 0.18125 0.4 0.18125 0.478125 0.040625 0.478125
7 0.4296875 0.753125 0.5140625 0.753125 0.5140625 0.853125 0.4296875 0.853125
6 0.4109375 0.58125 0.4953125 0.58125 0.4953125 0.6375 0.4109375 0.6375
6 0.746875 0.259375 0.84375 0.259375 0.84375 0.3375 0.746875 0.3375
6 0.834375 0.496875 0.94375 0.496875 0.94375 0.5515625 0.834375 0.5515625
6 0.828125 0.734375 0.940625 0.734375 0.940625 0.80625 0.828125 0.80625
5 0.0625 0.165625 0.1703125 0.165625 0.1703125 0.25 0.0625 0.25
5 0.4265625 0.175 0.4984375 0.175 0.4984375 0.259375 0.4265625 0.259375
5 0.515625 0.5078125 0.596875 0.5078125 0.596875 0.5671875 0.515625 0.5671875
5 0.0546875 0.7703125 0.16875 0.7703125 0.16875 0.8546875 0.0546875 0.8546875
4 0.7296875 0.653125 0.8515625 0.653125 0.8515625 0.7375 0.7296875 0.7375
4 0.725 0.565625 0.85 0.565625 0.85 0.6375 0.725 0.6375
3 0.0859375 0.265625 0.1734375 0.265625 0.1734375 0.325 0.0859375 0.325
3 0.43125 0.66875 0.4984375 0.66875 0.4984375 0.725 0.43125 0.725
3 0.321875 0.759375 0.39375 0.759375 0.39375 0.815625 0.321875 0.815625
2 0.30625 0.575 0.3890625 0.575 0.3890625 0.6359375 0.30625 0.6359375
2 0.203125 0.496875 0.290625 0.496875 0.290625 0.553125 0.203125 0.553125
1 0.15625 0.671875 0.28125 0.671875 0.28125 0.7625 0.15625 0.7625
1 0.390625 0.415625 0.475 0.415625 0.475 0.4875 0.390625 0.4875
0 0.5265625 0.6640625 0.60625 0.6640625 0.60625 0.7234375 0.5265625 0.7234375
0 0.825 0.671875 0.93125 0.671875 0.93125 0.7375 0.825 0.7375
0 0.83125 0.41875 0.9375 0.41875 0.9375 0.478125 0.83125 0.478125
3 0.715625 0.1765625 0.7984375 0.1765625 0.7984375 0.24375 0.715625 0.24375