7 0.2390625 0.8453125 0.284375 0.8453125 0.284375 0.9234375 0.2390625 0.9234375
0 0.2375 0.759375 0.284375 0.759375 0.284375 0.821875 0.2375 0.821875
0 0.23125 0.6421875 0.2828125 0.6421875 0.2828125 0.7234375 0.23125 0.7234375
3 0.23125 0.546875 0.2796875 0.546875 0.2796875 0.609375 0.23125 0.609375
2 0.23125 0.4265625 0.278125 0.4265625 0.278125 0.5234375 0.23125 0.5234375
6 0.221875 0.3234375 0.2859375 0.3234375 0.2859375 0.4171875 0.221875 0.4171875
8 0.2171875 0.2203125 0.2734375 0.2203125 0.2734375 0.3046875 0.2171875 0.3046875
8 0.2140625 0.1078125 0.2703125 0.1078125 0.2703125 0.2078125 0.2140625 0.2078125
10 0.3171875 0.821875 0.3828125 0.821875 0.3828125 0.921875 0.3171875 0.921875
11 0.315625 0.725 0.384375 0.725 0.384375 0.8140625 0.315625 0.8140625
1 0.3078125 0.625 0.365625 0.625 0.365625 0.721875 0.3078125 0.721875
5 0.3078125 0.5171875 0.3796875 0.5171875 0.3796875 0.6140625 0.3078125 0.6140625
2 0.3046875 0.41875 0.3734375 0.41875 0.3734375 0.515625 0.3046875 0.515625
6 0.303125 0.315625 0.3671875 0.315625 0.3671875 0.4046875 0.303125 0.4046875
8 0.303125 0.2046875 0.3625 0.2046875 0.3625 0.290625 0.303125 0.290625
4 0.2921875 0.1109375 0.3453125 0.1109375 0.3453125 0.2078125 0.2921875 0.2078125
9 0.3921875 0.840625 0.4484375 0.840625 0.4484375 0.9125 0.3921875 0.9125
5 0.384375 0.725 0.4421875 0.725 0.4421875 0.8125 0.384375 0.8125
0 0.3875 0.6265625 0.446875 0.6265625 0.446875 0.7015625 0.3875 0.7015625
5 0.3875 0.515625 0.44375 0.515625 0.44375 0.603125 0.3875 0.603125
8 0.3859375 0.4140625 0.4390625 0.4140625 0.4390625 0.5015625 0.3859375 0.5015625
10 0.3796875 0.309375 0.4421875 0.309375 0.4421875 0.3953125 0.3796875 0.3953125
4 0.3703125 0.2015625 0.4359375 0.2015625 0.4359375 0.2921875 0.3703125 0.2921875
1 0.3671875 0.103125 0.4359375 0.103125 0.4359375 0.1625 0.3671875 0.1625
9 0.5265625 0.5078125 0.59375 0.5078125 0.59375 0.6046875 0.5265625 0.6046875
9 0.6015625 0.396875 0.6640625 0.396875 0.6640625 0.5 0.6015625 0.5
9 0.6953125 0.815625 0.75625 0.815625 0.75625 0.9 0.6953125 0.9
3 0.6890625 0.721875 0.7578125 0.721875 0.7578125 0.7953125 0.6890625 0.7953125
11 0.6859375 0.609375 0.753125 0.609375 0.753125 0.696875 0.6859375 0.696875
9 0.6765625 0.5109375 0.7484375 0.5109375 0.7484375 0.5875 0.6765625 0.5875
3 0.6828125 0.421875 0.7328125 0.421875 0.7328125 0.49375 0.6828125 0.49375
6 0.6765625 0.29375 0.7421875 0.29375 0.7421875 0.390625 0.6765625 0.390625
5 0.66875 0.184375 0.746875 0.184375 0.746875 0.290625 0.66875 0.290625
6 0.66875 0.06875 0.74375 0.06875 0.74375 0.1703125 0.66875 0.1703125
3 0.7625 0.6 0.8203125 0.6 0.8203125 0.6890625 0.7625 0.6890625
7 0.7546875 0.3953125 0.828125 0.3953125 0.828125 0.4875 0.7546875 0.4875
10 0.2875 0.8234375 0.38125 0.8234375 0.38125 0.9671875 0.2875 0.9671875
10 0.3671875 0.296875 0.45 0.296875 0.45 0.3921875 0.3671875 0.3921875
7 0.190625 0.8296875 0.29375 0.8296875 0.29375 0.9921875 0.190625 0.9921875
7 0.7515625 0.3796875 0.875 0.3796875 0.875 0.49375 0.7515625 0.49375
6 0.2125 0.309375 0.296875 0.309375 0.296875 0.409375 0.2125 0.409375
6 0.3046875 0.3078125 0.371875 0.3078125 0.371875 0.3953125 0.3046875 0.3953125
6 0.6671875 0.3 0.7609375 0.3 0.7609375 0.390625 0.6671875 0.390625
6 0.671875 0.071875 0.7546875 0.071875 0.7546875 0.184375 0.671875 0.184375
9 0.3828125 0.8421875 0.4484375 0.8421875 0.4484375 0.934375 0.3828125 0.934375
9 0.5859375 0.4140625 0.65 0.4140625 0.65 0.496875 0.5859375 0.496875
9 0.6921875 0.8359375 0.7703125 0.8359375 0.7703125 0.9296875 0.6921875 0.9296875
11 0.28125 0.74375 0.35625 0.74375 0.35625 0.8546875 0.28125 0.8546875
11 0.68125 0.6109375 0.771875 0.6109375 0.771875 0.709375 0.68125 0.709375
5 0.2890625 0.5203125 0.3609375 0.5203125 0.3609375 0.6109375 0.2890625 0.6109375
5 0.3765625 0.7203125 0.4484375 0.7203125 0.4484375 0.83125 0.3765625 0.83125
4 0.26875 0.0578125 0.35625 0.0578125 0.35625 0.20625 0.26875 0.20625
4 0.359375 0.1625 0.434375 0.1625 0.434375 0.2796875 0.359375 0.2796875
1 0.28125 0.61875 0.36875 0.61875 0.36875 0.7296875 0.28125 0.7296875
1 0.3578125 0.0375 0.4359375 0.0375 0.4359375 0.18125 0.3578125 0.18125
2 0.2734375 0.415625 0.3640625 0.415625 0.3640625 0.5140625 0.2734375 0.5140625
2 0.1828125 0.4328125 0.284375 0.4328125 0.284375 0.53125 0.1828125 0.53125
0 0.209375 0.6375 0.290625 0.6375 0.290625 0.74375 0.209375 0.74375
0 0.2078125 0.7515625 0.2921875 0.7515625 0.2921875 0.8546875 0.2078125 0.8546875
8 0.2 0.046875 0.2828125 0.046875 0.2828125 0.209375 0.2 0.209375
8 0.2078125 0.2125 0.2921875 0.2125 0.2921875 0.309375 0.2078125 0.309375
8 0.278125 0.203125 0.36875 0.203125 0.36875 0.303125 0.278125 0.303125