2 0.4515625 0.36875 0.553125 0.36875 0.553125 0.43125 0.4515625 0.43125
2 0.66875 0.20625 0.76875 0.20625 0.76875 0.2859375 0.66875 0.2859375
4 0.140625 0.490625 0.2921875 0.490625 0.2921875 0.559375 0.140625 0.559375
1 0.15625 0.634375 0.309375 0.634375 0.309375 0.7265625 0.15625 0.7265625
1 0.4375 0.50625 0.54375 0.50625 0.54375 0.575 0.4375 0.575
5 0.1578125 0.2109375 0.2828125 0.2109375 0.2828125 0.2984375 0.1578125 0.2984375
5 0.45625 0.2125 0.54375 0.2125 0.54375 0.275 0.45625 0.275
7 0.5546875 0.6453125 0.6375 0.6453125 0.6375 0.7484375 0.5546875 0.7484375
8 0.446875 0.703125 0.540625 0.703125 0.540625 0.7875 0.446875 0.7875
8 0.3625 0.640625 0.453125 0.640625 0.453125 0.715625 0.3625 0.715625
8 0.246875 0.375 0.3609375 0.375 0.3609375 0.440625 0.246875 0.440625
8 0.8328125 0.5828125 0.9359375 0.5828125 0.9359375 0.6578125 0.8328125 0.6578125
10 0.7328125 0.365625 0.8484375 0.365625 0.8484375 0.4375 0.7328125 0.4375
11 0.7328125 0.721875 0.8359375 0.721875 0.8359375 0.8046875 0.7328125 0.8046875
11 0.6453125 0.50625 0.7484375 0.50625 0.7484375 0.58125 0.6453125 0.58125