7 0.1890625 0.2375 0.3078125 0.2375 0.3078125 0.3125 0.1890625 0.3125
4 0.396875 0.234375 0.490625 0.234375 0.490625 0.30625 0.396875 0.30625
10 0.5921875 0.2328125 0.703125 0.2328125 0.703125 0.309375 0.5921875 0.309375
7 0.8015625 0.2375 0.8953125 0.2375 0.8953125 0.2984375 0.8015625 0.2984375
4 0.0828125 0.3125 0.1890625 0.3125 0.1890625 0.384375 0.0828125 0.384375
1 0.203125 0.321875 0.3015625 0.321875 0.3015625 0.3828125 0.203125 0.3828125
8 0.6046875 0.384375 0.703125 0.384375 0.703125 0.4546875 0.6046875 0.4546875
8 0.09375 0.3953125 0.1921875 0.3953125 0.1921875 0.4671875 0.09375 0.4671875
6 0.8046875 0.45625 0.9109375 0.45625 0.9109375 0.5265625 0.8046875 0.5265625
6 0.5046875 0.459375 0.6125 0.459375 0.6125 0.53125 0.5046875 0.53125
8 0.3046875 0.5390625 0.4125 0.5390625 0.4125 0.6046875 0.3046875 0.6046875
8 0.096875 0.621875 0.2078125 0.621875 0.2078125 0.6890625 0.096875 0.6890625
2 0.2125 0.6171875 0.30625 0.6171875 0.30625 0.6875 0.2125 0.6875
3 0.4109375 0.6125 0.5046875 0.6125 0.5046875 0.6796875 0.4109375 0.6796875
2 0.5140625 0.609375 0.6203125 0.609375 0.6203125 0.68125 0.5140625 0.68125
0 0.7078125 0.6015625 0.8140625 0.6015625 0.8140625 0.671875 0.7078125 0.671875
9 0.81875 0.6015625 0.9171875 0.6015625 0.9171875 0.671875 0.81875 0.671875
0 0.8203125 0.684375 0.9171875 0.684375 0.9171875 0.75 0.8203125 0.75
1 0.5140625 0.6890625 0.6109375 0.6890625 0.6109375 0.75625 0.5140625 0.75625
0 0.7140625 0.7546875 0.821875 0.7546875 0.821875 0.8171875 0.7140625 0.8171875
5 0.61875 0.7546875 0.7171875 0.7546875 0.7171875 0.8296875 0.61875 0.8296875
10 0.5171875 0.7640625 0.615625 0.7640625 0.615625 0.834375 0.5171875 0.834375
11 0.3109375 0.76875 0.41875 0.76875 0.41875 0.8390625 0.3109375 0.8390625
5 0.103125 0.7734375 0.2140625 0.7734375 0.2140625 0.8390625 0.103125 0.8390625
5 0.8125 0.53125 0.9265625 0.53125 0.9265625 0.603125 0.8125 0.603125