1 0.5390625 0.3125 0.690625 0.3125 0.690625 0.4765625 0.5390625 0.4765625
1 0.28125 0.51875 0.4078125 0.51875 0.4078125 0.6953125 0.28125 0.6953125
2 0.121875 0.125 0.253125 0.125 0.253125 0.3203125 0.121875 0.3203125
2 0.15 0.3609375 0.2796875 0.3609375 0.2796875 0.5078125 0.15 0.5078125
4 0.409375 0.071875 0.5125 0.071875 0.5125 0.303125 0.409375 0.303125
5 0.14375 0.5296875 0.2765625 0.5296875 0.2765625 0.6921875 0.14375 0.6921875
5 0.4375 0.6625 0.5421875 0.6625 0.5421875 0.8453125 0.4375 0.8453125
7 0.278125 0.6859375 0.4140625 0.6859375 0.4140625 0.91875 0.278125 0.91875
8 0.2921875 0.1359375 0.3984375 0.1359375 0.3984375 0.31875 0.2921875 0.31875
8 0.55 0.1046875 0.6703125 0.1046875 0.6703125 0.290625 0.55 0.290625
8 0.5515625 0.6546875 0.6671875 0.6546875 0.6671875 0.8375 0.5515625 0.8375
8 0.4359375 0.4984375 0.5375 0.4984375 0.5375 0.64375 0.4359375 0.64375
10 0.2859375 0.3609375 0.4109375 0.3609375 0.4109375 0.5140625 0.2859375 0.5140625
11 0.4296875 0.321875 0.5265625 0.321875 0.5265625 0.45625 0.4296875 0.45625
11 0.565625 0.4921875 0.6921875 0.4921875 0.6921875 0.628125 0.565625 0.628125