7 0.7875 0.7859375 0.88125 0.7859375 0.88125 0.8765625 0.7875 0.8765625
8 0.5953125 0.7796875 0.6859375 0.7796875 0.6859375 0.871875 0.5953125 0.871875
4 0.4140625 0.7734375 0.5015625 0.7734375 0.5015625 0.8640625 0.4140625 0.8640625
4 0.31875 0.771875 0.40625 0.771875 0.40625 0.8640625 0.31875 0.8640625
7 0.1359375 0.6765625 0.23125 0.6765625 0.23125 0.76875 0.1359375 0.76875
11 0.415625 0.68125 0.5 0.68125 0.5 0.765625 0.415625 0.765625
1 0.5078125 0.678125 0.5984375 0.678125 0.5984375 0.7765625 0.5078125 0.7765625
5 0.784375 0.6 0.878125 0.6 0.878125 0.690625 0.784375 0.690625
2 0.23125 0.5859375 0.3234375 0.5859375 0.3234375 0.675 0.23125 0.675
8 0.7921875 0.5015625 0.884375 0.5015625 0.884375 0.5890625 0.7921875 0.5890625
9 0.1421875 0.4859375 0.23125 0.4859375 0.23125 0.5828125 0.1421875 0.5828125
2 0.7953125 0.409375 0.878125 0.409375 0.878125 0.4859375 0.7953125 0.4859375
3 0.7015625 0.4078125 0.7859375 0.4078125 0.7859375 0.4921875 0.7015625 0.4921875
3 0.328125 0.4 0.415625 0.4 0.415625 0.4859375 0.328125 0.4859375
9 0.234375 0.4 0.3125 0.4 0.3125 0.4796875 0.234375 0.4796875
6 0.725 0.31875 0.7859375 0.31875 0.7859375 0.390625 0.725 0.390625
6 0.5140625 0.30625 0.6015625 0.30625 0.6015625 0.39375 0.5140625 0.39375
8 0.3359375 0.3125 0.415625 0.3125 0.415625 0.3875 0.3359375 0.3875
10 0.1453125 0.209375 0.2109375 0.209375 0.2109375 0.2859375 0.1453125 0.2859375
5 0.240625 0.20625 0.325 0.20625 0.325 0.303125 0.240625 0.303125
8 0.5171875 0.2109375 0.6046875 0.2109375 0.6046875 0.29375 0.5171875 0.29375
10 0.8125 0.1234375 0.8875 0.1234375 0.8875 0.215625 0.8125 0.215625
1 0.6109375 0.11875 0.696875 0.11875 0.696875 0.2140625 0.6109375 0.2140625
11 0.3296875 0.1171875 0.421875 0.1171875 0.421875 0.2046875 0.3296875 0.2046875
0 0.14375 0.109375 0.234375 0.109375 0.234375 0.196875 0.14375 0.196875