0 0.403125 0.478125 0.4859375 0.478125 0.4859375 0.5359375 0.403125 0.5359375
0 0.778125 0.309375 0.86875 0.309375 0.86875 0.378125 0.778125 0.378125
5 0.0640625 0.2328125 0.1765625 0.2328125 0.1765625 0.3109375 0.0640625 0.3109375
5 0.4046875 0.246875 0.4859375 0.246875 0.4859375 0.321875 0.4046875 0.321875
4 0.3984375 0.6234375 0.4890625 0.6234375 0.4890625 0.696875 0.3984375 0.696875
4 0.496875 0.778125 0.5875 0.778125 0.5875 0.8828125 0.496875 0.8828125
1 0.0640625 0.790625 0.1828125 0.790625 0.1828125 0.9078125 0.0640625 0.9078125
1 0.2875 0.784375 0.38125 0.784375 0.38125 0.8921875 0.2875 0.8921875
2 0.409375 0.7875 0.4890625 0.7875 0.4890625 0.8703125 0.409375 0.8703125
8 0.596875 0.5640625 0.6828125 0.5640625 0.6828125 0.61875 0.596875 0.61875
8 0.690625 0.4765625 0.78125 0.4765625 0.78125 0.528125 0.690625 0.528125
8 0.8171875 0.6296875 0.925 0.6296875 0.925 0.6953125 0.8171875 0.6953125
8 0.81875 0.7828125 0.9328125 0.7828125 0.9328125 0.8578125 0.81875 0.8578125
9 0.3171875 0.415625 0.378125 0.415625 0.378125 0.4578125 0.3171875 0.4578125
9 0.515625 0.33125 0.575 0.33125 0.575 0.378125 0.515625 0.378125
9 0.20625 0.484375 0.2796875 0.484375 0.2796875 0.5265625 0.20625 0.5265625
6 0.2953125 0.5640625 0.3703125 0.5640625 0.3703125 0.615625 0.2953125 0.615625
6 0.7171875 0.55625 0.80625 0.55625 0.80625 0.609375 0.7171875 0.609375
6 0.8015625 0.546875 0.896875 0.546875 0.896875 0.5953125 0.8015625 0.5953125
6 0.5109375 0.6359375 0.5796875 0.6359375 0.5796875 0.6921875 0.5109375 0.6921875
7 0.509375 0.553125 0.5890625 0.553125 0.5890625 0.6125 0.509375 0.6125
7 0.0453125 0.403125 0.1765625 0.403125 0.1765625 0.4734375 0.0453125 0.4734375
2 0.071875 0.5640625 0.1703125 0.5640625 0.1703125 0.615625 0.071875 0.615625
11 0.29375 0.2390625 0.36875 0.2390625 0.36875 0.309375 0.29375 0.309375
11 0.5171875 0.3890625 0.5890625 0.3890625 0.5890625 0.44375 0.5171875 0.44375
10 0.49375 0.21875 0.5734375 0.21875 0.5734375 0.3125 0.49375 0.3125
5 0.509375 0.475 0.5875 0.475 0.5875 0.5234375 0.509375 0.5234375
3 0.0984375 0.3359375 0.1703125 0.3359375 0.1703125 0.3828125 0.0984375 0.3828125
3 0.3125 0.3390625 0.36875 0.3390625 0.36875 0.384375 0.3125 0.384375
3 0.6921875 0.2484375 0.7578125 0.2484375 0.7578125 0.303125 0.6921875 0.303125
0 0.60625 0.79375 0.68125 0.79375 0.68125 0.86875 0.60625 0.86875
5 0.2828125 0.6890625 0.359375 0.6890625 0.359375 0.753125 0.2828125 0.753125
3 0.0875 0.65 0.165625 0.65 0.165625 0.6953125 0.0875 0.6953125
9 0.7859375 0.25625 0.85625 0.25625 0.85625 0.309375 0.7859375 0.309375
10 0.6015625 0.6921875 0.7109375 0.6921875 0.7109375 0.7765625 0.6015625 0.7765625
9 0.4375 0.7078125 0.4953125 0.7078125 0.4953125 0.759375 0.4375 0.759375