11 0.7265625 0.5953125 0.7984375 0.5953125 0.7984375 0.6796875 0.7265625 0.6796875
10 0.1515625 0.2890625 0.25 0.2890625 0.25 0.378125 0.1515625 0.378125
10 0.71875 0.3875 0.815625 0.3875 0.815625 0.471875 0.71875 0.471875
9 0.5734375 0.0640625 0.625 0.0640625 0.625 0.146875 0.5734375 0.146875
8 0.340625 0.2984375 0.4015625 0.2984375 0.4015625 0.384375 0.340625 0.384375
8 0.4953125 0.5828125 0.55625 0.5828125 0.55625 0.665625 0.4953125 0.665625
8 0.3421875 0.8078125 0.4125 0.8078125 0.4125 0.915625 0.3421875 0.915625
8 0.5671875 0.8109375 0.6265625 0.8109375 0.6265625 0.921875 0.5671875 0.921875
7 0.153125 0.053125 0.25625 0.053125 0.25625 0.178125 0.153125 0.178125
7 0.15 0.6953125 0.253125 0.6953125 0.253125 0.8109375 0.15 0.8109375
6 0.4234375 0.421875 0.48125 0.421875 0.48125 0.4890625 0.4234375 0.4890625
6 0.4140625 0.0578125 0.4703125 0.0578125 0.4703125 0.165625 0.4140625 0.165625
5 0.484375 0.0515625 0.540625 0.0515625 0.540625 0.1671875 0.484375 0.1671875
5 0.7140625 0.2984375 0.7890625 0.2984375 0.7890625 0.38125 0.7140625 0.38125
4 0.1484375 0.515625 0.25 0.515625 0.25 0.6125 0.1484375 0.6125
4 0.2484375 0.8171875 0.3328125 0.8171875 0.3328125 0.95625 0.2484375 0.95625
3 0.559375 0.5125 0.6109375 0.5125 0.6109375 0.56875 0.559375 0.56875
2 0.5671875 0.6953125 0.6265625 0.6953125 0.6265625 0.7921875 0.5671875 0.7921875
2 0.5546875 0.3875 0.6171875 0.3875 0.6171875 0.4640625 0.5546875 0.4640625
1 0.628125 0.4046875 0.715625 0.4046875 0.715625 0.496875 0.628125 0.496875
0 0.640625 0.05 0.70625 0.05 0.70625 0.1484375 0.640625 0.1484375
0 0.7109375 0.1734375 0.7859375 0.1734375 0.7859375 0.2609375 0.7109375 0.2609375
0 0.565625 0.1921875 0.63125 0.1921875 0.63125 0.284375 0.565625 0.284375
1 0.2390625 0.71875 0.3265625 0.71875 0.3265625 0.8375 0.2390625 0.8375
5 0.7171875 0.790625 0.7921875 0.790625 0.7921875 0.8984375 0.7171875 0.8984375