11 0.478125 0.68125 0.559375 0.68125 0.559375 0.7796875 0.478125 0.7796875
11 0.465625 0.29375 0.55 0.29375 0.55 0.3890625 0.465625 0.3890625
10 0.76875 0.76875 0.8796875 0.76875 0.8796875 0.9046875 0.76875 0.9046875
10 0.653125 0.2859375 0.765625 0.2859375 0.765625 0.39375 0.653125 0.39375
9 0.196875 0.7984375 0.271875 0.7984375 0.271875 0.8765625 0.196875 0.8765625
9 0.271875 0.134375 0.3484375 0.134375 0.3484375 0.209375 0.271875 0.209375
9 0.384375 0.521875 0.446875 0.521875 0.446875 0.5859375 0.384375 0.5859375
9 0.653125 0.1125 0.734375 0.1125 0.734375 0.1984375 0.653125 0.1984375
8 0.29375 0.7875 0.38125 0.7875 0.38125 0.896875 0.29375 0.896875
8 0.090625 0.321875 0.184375 0.321875 0.184375 0.40625 0.090625 0.40625
8 0.16875 0.10625 0.2609375 0.10625 0.2609375 0.2 0.16875 0.2
8 0.665625 0.58125 0.759375 0.58125 0.759375 0.68125 0.665625 0.68125
7 0.153125 0.503125 0.2609375 0.503125 0.2609375 0.5890625 0.153125 0.5890625
7 0.75 0.0578125 0.875 0.0578125 0.875 0.19375 0.75 0.19375
6 0.0875 0.7 0.190625 0.7 0.190625 0.796875 0.0875 0.796875
6 0.2859375 0.409375 0.3640625 0.409375 0.3640625 0.48125 0.2859375 0.48125
6 0.4734375 0.4125 0.5484375 0.4125 0.5484375 0.4890625 0.4734375 0.4890625
6 0.7546875 0.503125 0.8421875 0.503125 0.8421875 0.584375 0.7546875 0.584375
5 0.58125 0.6828125 0.6578125 0.6828125 0.6578125 0.7640625 0.58125 0.7640625
5 0.384375 0.5921875 0.45625 0.5921875 0.45625 0.671875 0.384375 0.671875
5 0.6578125 0.4 0.74375 0.4 0.74375 0.4703125 0.6578125 0.4703125
4 0.16875 0.3921875 0.271875 0.3921875 0.271875 0.478125 0.16875 0.478125
4 0.353125 0.278125 0.4453125 0.278125 0.4453125 0.3640625 0.353125 0.3640625
2 0.0828125 0.1234375 0.1671875 0.1234375 0.1671875 0.2125 0.0828125 0.2125
2 0.45625 0.09375 0.54375 0.09375 0.54375 0.2015625 0.45625 0.2015625
1 0.471875 0.7765625 0.565625 0.7765625 0.565625 0.9046875 0.471875 0.9046875
1 0.6546875 0.78125 0.7609375 0.78125 0.7609375 0.9046875 0.6546875 0.9046875
0 0.2828125 0.6765625 0.3671875 0.6765625 0.3671875 0.7578125 0.2828125 0.7578125
0 0.290625 0.590625 0.375 0.590625 0.375 0.671875 0.290625 0.671875
0 0.1890625 0.2921875 0.2703125 0.2921875 0.2703125 0.3734375 0.1890625 0.3734375
5 0.5640625 0.2125 0.6359375 0.2125 0.6359375 0.2921875 0.5640625 0.2921875