8 0.0984375 0.80625 0.1921875 0.80625 0.1921875 0.9046875 0.0984375 0.9046875
11 0.1890625 0.79375 0.2765625 0.79375 0.2765625 0.890625 0.1890625 0.890625
10 0.184375 0.7 0.28125 0.7 0.28125 0.803125 0.184375 0.803125
0 0.0765625 0.7 0.1703125 0.7 0.1703125 0.7828125 0.0765625 0.7828125
6 0.0859375 0.61875 0.178125 0.61875 0.178125 0.690625 0.0859375 0.690625
2 0.0875 0.5125 0.1890625 0.5125 0.1890625 0.59375 0.0875 0.59375
2 0.1921875 0.50625 0.2828125 0.50625 0.2828125 0.59375 0.1921875 0.59375
11 0.0921875 0.41875 0.1765625 0.41875 0.1765625 0.484375 0.0921875 0.484375
6 0.071875 0.31875 0.175 0.31875 0.175 0.39375 0.071875 0.39375
1 0.0453125 0.20625 0.1734375 0.20625 0.1734375 0.30625 0.0453125 0.30625
5 0.084375 0.1140625 0.1796875 0.1140625 0.1796875 0.2015625 0.084375 0.2015625
5 0.18125 0.1125 0.26875 0.1125 0.26875 0.203125 0.18125 0.203125
8 0.2046875 0.3265625 0.2921875 0.3265625 0.2921875 0.4109375 0.2046875 0.4109375
6 0.184375 0.2015625 0.28125 0.2015625 0.28125 0.2953125 0.184375 0.2953125
1 0.171875 0.415625 0.284375 0.415625 0.284375 0.4953125 0.171875 0.4953125
5 0.184375 0.6234375 0.275 0.6234375 0.275 0.7078125 0.184375 0.7078125
10 0.2875 0.790625 0.3875 0.790625 0.3875 0.909375 0.2875 0.909375
0 0.296875 0.7078125 0.3734375 0.7078125 0.3734375 0.7921875 0.296875 0.7921875
4 0.2890625 0.621875 0.3765625 0.621875 0.3765625 0.7078125 0.2890625 0.7078125
4 0.2859375 0.5078125 0.3796875 0.5078125 0.3796875 0.5953125 0.2859375 0.5953125
7 0.290625 0.4125 0.384375 0.4125 0.384375 0.490625 0.290625 0.490625
8 0.309375 0.315625 0.390625 0.315625 0.390625 0.3953125 0.309375 0.3953125
5 0.2796875 0.2046875 0.3734375 0.2046875 0.3734375 0.2890625 0.2796875 0.2890625
0 0.2875 0.115625 0.38125 0.115625 0.38125 0.2046875 0.2875 0.2046875
9 0.484375 0.415625 0.54375 0.415625 0.54375 0.48125 0.484375 0.48125
9 0.403125 0.334375 0.46875 0.334375 0.46875 0.4015625 0.403125 0.4015625
9 0.48125 0.309375 0.546875 0.309375 0.546875 0.396875 0.48125 0.396875
9 0.4 0.5171875 0.4609375 0.5171875 0.4609375 0.584375 0.4 0.584375
8 0.4046875 0.6921875 0.4875 0.6921875 0.4875 0.784375 0.4046875 0.784375
6 0.396875 0.60625 0.475 0.60625 0.475 0.6828125 0.396875 0.6828125
7 0.4046875 0.7984375 0.496875 0.7984375 0.496875 0.9125 0.4046875 0.9125