11 0.2125 0.4046875 0.2984375 0.4046875 0.2984375 0.46875 0.2125 0.46875
11 0.403125 0.5390625 0.490625 0.5390625 0.490625 0.596875 0.403125 0.596875
10 0.084375 0.6796875 0.2171875 0.6796875 0.2171875 0.765625 0.084375 0.765625
8 0.7484375 0.1921875 0.853125 0.1921875 0.853125 0.2734375 0.7484375 0.2734375
8 0.5796875 0.66875 0.6828125 0.66875 0.6828125 0.740625 0.5796875 0.740625
8 0.3265625 0.3125 0.4046875 0.3125 0.4046875 0.3953125 0.3265625 0.3953125
8 0.1015625 0.5390625 0.21875 0.5390625 0.21875 0.6046875 0.1015625 0.6046875
7 0.096875 0.165625 0.225 0.165625 0.225 0.2703125 0.096875 0.2703125
5 0.78125 0.6828125 0.8828125 0.6828125 0.8828125 0.746875 0.78125 0.746875
5 0.409375 0.4671875 0.496875 0.4671875 0.496875 0.5328125 0.409375 0.5328125
4 0.7625 0.465625 0.88125 0.465625 0.88125 0.53125 0.7625 0.53125
1 0.49375 0.171875 0.5875 0.171875 0.5875 0.2671875 0.49375 0.2671875
1 0.5875 0.378125 0.68125 0.378125 0.68125 0.4546875 0.5875 0.4546875
2 0.6828125 0.60625 0.7875 0.60625 0.7875 0.665625 0.6828125 0.665625
2 0.3171875 0.6734375 0.4046875 0.6734375 0.4046875 0.7359375 0.3171875 0.7359375