0 0.2828125 0.465625 0.3671875 0.465625 0.3671875 0.53125 0.2828125 0.53125
1 0.1671875 0.2921875 0.278125 0.2921875 0.278125 0.3875 0.1671875 0.3875
1 0.659375 0.39375 0.790625 0.39375 0.790625 0.4703125 0.659375 0.4703125
2 0.4765625 0.475 0.5625 0.475 0.5625 0.540625 0.4765625 0.540625
2 0.5796875 0.24375 0.671875 0.24375 0.671875 0.3203125 0.5796875 0.3203125
3 0.396875 0.3203125 0.46875 0.3203125 0.46875 0.384375 0.396875 0.384375
3 0.471875 0.190625 0.5515625 0.190625 0.5515625 0.259375 0.471875 0.259375
1 0.665625 0.39375 0.8015625 0.39375 0.8015625 0.4828125 0.665625 0.4828125
4 0.0296875 0.4734375 0.1734375 0.4734375 0.1734375 0.54375 0.0296875 0.54375
4 0.375 0.621875 0.475 0.621875 0.475 0.703125 0.375 0.703125
5 0.5953125 0.621875 0.6890625 0.621875 0.6890625 0.690625 0.5953125 0.690625
5 0.7921875 0.7 0.903125 0.7 0.903125 0.7796875 0.7921875 0.7796875
11 0.0875 0.1546875 0.2015625 0.1546875 0.2015625 0.2453125 0.0875 0.2453125
10 0.38125 0.540625 0.48125 0.540625 0.48125 0.61875 0.38125 0.61875
10 0.275 0.221875 0.371875 0.221875 0.371875 0.3203125 0.275 0.3203125
9 0.2921875 0.6265625 0.3671875 0.6265625 0.3671875 0.6828125 0.2921875 0.6828125
9 0.0265625 0.7171875 0.1203125 0.7171875 0.1203125 0.7875 0.0265625 0.7875
8 0.1765625 0.54375 0.265625 0.54375 0.265625 0.615625 0.1765625 0.615625
8 0.575 0.546875 0.6734375 0.546875 0.6734375 0.615625 0.575 0.615625
8 0.0578125 0.3015625 0.1640625 0.3015625 0.1640625 0.3828125 0.0578125 0.3828125
8 0.6796875 0.696875 0.7703125 0.696875 0.7703125 0.784375 0.6796875 0.784375
7 0.7703125 0.5640625 0.9078125 0.5640625 0.9078125 0.63125 0.7703125 0.63125
7 0.753125 0.1609375 0.8921875 0.1609375 0.8921875 0.2625 0.753125 0.2625
11 0.49375 0.3203125 0.578125 0.3203125 0.578125 0.3890625 0.49375 0.3890625
6 0.484375 0.7 0.5671875 0.7 0.5671875 0.778125 0.484375 0.778125
6 0.784375 0.2625 0.890625 0.2625 0.890625 0.34375 0.784375 0.34375