11 0.34375 0.753125 0.409375 0.753125 0.409375 0.859375 0.34375 0.859375
11 0.390625 0.4953125 0.45 0.4953125 0.45 0.575 0.390625 0.575
8 0.465625 0.584375 0.53125 0.584375 0.53125 0.68125 0.465625 0.68125
8 0.2453125 0.775 0.321875 0.775 0.321875 0.878125 0.2453125 0.878125
8 0.3828125 0.3265625 0.4484375 0.3265625 0.4484375 0.4109375 0.3828125 0.4109375
8 0.51875 0.190625 0.5796875 0.190625 0.5796875 0.296875 0.51875 0.296875
7 0.5875 0.49375 0.6703125 0.49375 0.6703125 0.58125 0.5875 0.58125
10 0.3828125 0.096875 0.4578125 0.096875 0.4578125 0.215625 0.3828125 0.215625
1 0.1953125 0.09375 0.2921875 0.09375 0.2921875 0.20625 0.1953125 0.20625
1 0.5234375 0.6671875 0.6109375 0.6671875 0.6109375 0.775 0.5234375 0.775
4 0.45625 0.7625 0.525 0.7625 0.525 0.8875 0.45625 0.8875
2 0.2375 0.321875 0.30625 0.321875 0.30625 0.396875 0.2375 0.396875
2 0.2390625 0.603125 0.309375 0.603125 0.309375 0.696875 0.2390625 0.696875
5 0.5125 0.396875 0.5734375 0.396875 0.5734375 0.475 0.5125 0.475
5 0.3125 0.6 0.375 0.6 0.375 0.684375 0.3125 0.684375
2 0.2375 0.31875 0.3125 0.31875 0.3125 0.403125 0.2375 0.403125
2 0.234375 0.6046875 0.31875 0.6046875 0.31875 0.6984375 0.234375 0.6984375
5 0.3125 0.603125 0.3796875 0.603125 0.3796875 0.69375 0.3125 0.69375
5 0.503125 0.390625 0.5734375 0.390625 0.5734375 0.484375 0.503125 0.484375
4 0.4546875 0.7625 0.5296875 0.7625 0.5296875 0.890625 0.4546875 0.890625
1 0.19375 0.09375 0.2921875 0.09375 0.2921875 0.209375 0.19375 0.209375
1 0.521875 0.6640625 0.6078125 0.6640625 0.6078125 0.7796875 0.521875 0.7796875
7 0.5875 0.490625 0.6703125 0.490625 0.6703125 0.584375 0.5875 0.584375
8 0.51875 0.1875 0.58125 0.1875 0.58125 0.3 0.51875 0.3
8 0.3828125 0.3234375 0.4484375 0.3234375 0.4484375 0.4171875 0.3828125 0.4171875
8 0.2453125 0.7734375 0.325 0.7734375 0.325 0.8796875 0.2453125 0.8796875
8 0.465625 0.58125 0.534375 0.58125 0.534375 0.68125 0.465625 0.68125
10 0.384375 0.096875 0.4625 0.096875 0.4625 0.21875 0.384375 0.21875
11 0.3890625 0.4890625 0.4546875 0.4890625 0.4546875 0.58125 0.3890625 0.58125
11 0.3421875 0.75 0.4125 0.75 0.4125 0.865625 0.3421875 0.865625