8 0.4078125 0.7828125 0.4921875 0.7828125 0.4921875 0.8703125 0.4078125 0.8703125
8 0.609375 0.5265625 0.6953125 0.5265625 0.6953125 0.5859375 0.609375 0.5859375
8 0.7234375 0.528125 0.8265625 0.528125 0.8265625 0.5859375 0.7234375 0.5859375
8 0.05 0.2171875 0.1515625 0.2171875 0.1515625 0.296875 0.05 0.296875
1 0.01875 0.2671875 0.1578125 0.2671875 0.1578125 0.3609375 0.01875 0.3609375
1 0.5109375 0.3421875 0.6078125 0.3421875 0.6078125 0.4296875 0.5109375 0.4296875
4 0.7390625 0.6765625 0.8671875 0.6765625 0.8671875 0.765625 0.7390625 0.765625
5 0.4140625 0.5390625 0.484375 0.5390625 0.484375 0.590625 0.4140625 0.590625
5 0.8453125 0.5953125 0.959375 0.5953125 0.959375 0.6515625 0.8453125 0.6515625
5 0.1625 0.553125 0.2609375 0.553125 0.2609375 0.60625 0.1625 0.60625
7 0.375 0.1734375 0.4859375 0.1734375 0.4859375 0.2875 0.375 0.2875
9 0.796875 0.196875 0.8890625 0.196875 0.8890625 0.26875 0.796875 0.26875
11 0.6140625 0.4359375 0.7125 0.4359375 0.7125 0.50625 0.6140625 0.50625
10 0.0125 0.7953125 0.159375 0.7953125 0.159375 0.915625 0.0125 0.915625
10 0.265625 0.6875 0.38125 0.6875 0.38125 0.79375 0.265625 0.79375
7 0.0078125 0.6171875 0.159375 0.6171875 0.159375 0.715625 0.0078125 0.715625
6 0.040625 0.54375 0.1515625 0.54375 0.1515625 0.609375 0.040625 0.609375
6 0.86875 0.765625 0.99375 0.765625 0.99375 0.8578125 0.86875 0.8578125
0 0.284375 0.3515625 0.3859375 0.3515625 0.3859375 0.421875 0.284375 0.421875
0 0.7 0.271875 0.80625 0.271875 0.80625 0.3515625 0.7 0.3515625
0 0.8171875 0.5125 0.9359375 0.5125 0.9359375 0.5890625 0.8171875 0.5890625
3 0.503125 0.2875 0.5828125 0.2875 0.5828125 0.3578125 0.503125 0.3578125
2 0.278125 0.446875 0.3921875 0.446875 0.3921875 0.51875 0.278125 0.51875
4 0.7890625 0.3296875 0.9484375 0.3296875 0.9484375 0.425 0.7890625 0.425
2 0.5109375 0.6875 0.6125 0.6875 0.6125 0.7640625 0.5109375 0.7640625