0 0.7515625 0.109375 0.9078125 0.109375 0.9078125 0.2765625 0.7515625 0.2765625
5 0.1109375 0.55625 0.2640625 0.55625 0.2640625 0.725 0.1109375 0.725
5 0.746875 0.5203125 0.884375 0.5203125 0.884375 0.684375 0.746875 0.684375
1 0.5875 0.5125 0.73125 0.5125 0.73125 0.715625 0.5875 0.715625
2 0.44375 0.1234375 0.5375 0.1234375 0.5375 0.296875 0.44375 0.296875
2 0.2875 0.7125 0.425 0.7125 0.425 0.890625 0.2875 0.890625
4 0.590625 0.34375 0.746875 0.34375 0.746875 0.496875 0.590625 0.496875
4 0.41875 0.3296875 0.528125 0.3296875 0.528125 0.4640625 0.41875 0.4640625
6 0.2734375 0.3484375 0.3765625 0.3484375 0.3765625 0.4796875 0.2734375 0.4796875
6 0.3296875 0.5390625 0.4328125 0.5390625 0.4328125 0.6890625 0.3296875 0.6890625
7 0.0125 0.140625 0.2375 0.140625 0.2375 0.321875 0.0125 0.321875
7 0.446875 0.696875 0.55625 0.696875 0.55625 0.9640625 0.446875 0.9640625
10 0.74375 0.315625 0.95 0.315625 0.95 0.471875 0.74375 0.471875
10 0.2390625 0.096875 0.403125 0.096875 0.403125 0.325 0.2390625 0.325
8 0.578125 0.1046875 0.690625 0.1046875 0.690625 0.309375 0.578125 0.309375
8 0.125 0.390625 0.26875 0.390625 0.26875 0.5125 0.125 0.5125