7 0.253125 0.3765625 0.3640625 0.3765625 0.3640625 0.453125 0.253125 0.453125
10 0.353125 0.521875 0.45 0.521875 0.45 0.596875 0.353125 0.596875
8 0.446875 0.4484375 0.534375 0.4484375 0.534375 0.5140625 0.446875 0.5140625
8 0.1640625 0.51875 0.2609375 0.51875 0.2609375 0.584375 0.1640625 0.584375
8 0.534375 0.584375 0.621875 0.584375 0.621875 0.65625 0.534375 0.65625
11 0.721875 0.5921875 0.815625 0.5921875 0.815625 0.6640625 0.721875 0.6640625
11 0.534375 0.378125 0.621875 0.378125 0.621875 0.446875 0.534375 0.446875
8 0.3625 0.30625 0.4421875 0.30625 0.4421875 0.3765625 0.3625 0.3765625
5 0.8265625 0.234375 0.9234375 0.234375 0.9234375 0.30625 0.8265625 0.30625
5 0.44375 0.646875 0.528125 0.646875 0.528125 0.715625 0.44375 0.715625
2 0.61875 0.6390625 0.6984375 0.6390625 0.6984375 0.73125 0.61875 0.73125
2 0.6359375 0.3734375 0.7125 0.3734375 0.7125 0.44375 0.6359375 0.44375
1 0.2484375 0.6484375 0.3546875 0.6484375 0.3546875 0.740625 0.2484375 0.740625
1 0.6046875 0.45625 0.7328125 0.45625 0.7328125 0.521875 0.6046875 0.521875
4 0.809375 0.378125 0.94375 0.378125 0.94375 0.453125 0.809375 0.453125
1 0.2421875 0.6453125 0.3609375 0.6453125 0.3609375 0.7484375 0.2421875 0.7484375
1 0.60625 0.45625 0.7328125 0.45625 0.7328125 0.525 0.60625 0.525
4 0.8078125 0.375 0.946875 0.375 0.946875 0.45625 0.8078125 0.45625
2 0.61875 0.64375 0.703125 0.64375 0.703125 0.734375 0.61875 0.734375
2 0.63125 0.371875 0.7296875 0.371875 0.7296875 0.44375 0.63125 0.44375
5 0.8296875 0.2359375 0.9234375 0.2359375 0.9234375 0.3078125 0.8296875 0.3078125
5 0.446875 0.64375 0.53125 0.64375 0.53125 0.728125 0.446875 0.728125
7 0.253125 0.375 0.3671875 0.375 0.3671875 0.459375 0.253125 0.459375
8 0.528125 0.5828125 0.628125 0.5828125 0.628125 0.659375 0.528125 0.659375
8 0.4453125 0.4453125 0.5375 0.4453125 0.5375 0.5171875 0.4453125 0.5171875
8 0.1640625 0.515625 0.2609375 0.515625 0.2609375 0.5875 0.1640625 0.5875
8 0.3546875 0.303125 0.4453125 0.303125 0.4453125 0.375 0.3546875 0.375
10 0.3578125 0.51875 0.4515625 0.51875 0.4515625 0.603125 0.3578125 0.603125
11 0.7203125 0.5921875 0.8140625 0.5921875 0.8140625 0.6671875 0.7203125 0.6671875
11 0.5328125 0.378125 0.6265625 0.378125 0.6265625 0.453125 0.5328125 0.453125