4 0.5625 0.6859375 0.646875 0.6859375 0.646875 0.79375 0.5625 0.79375
4 0.378125 0.7796875 0.4546875 0.7796875 0.4546875 0.903125 0.378125 0.903125
5 0.3453125 0.2375 0.4015625 0.2375 0.4015625 0.3390625 0.3453125 0.3390625
5 0.4734375 0.7875 0.534375 0.7875 0.534375 0.878125 0.4734375 0.878125
2 0.4046875 0.478125 0.4765625 0.478125 0.4765625 0.5609375 0.4046875 0.5609375
2 0.5890625 0.2875 0.65625 0.2875 0.65625 0.3765625 0.5890625 0.3765625
1 0.7234375 0.14375 0.8203125 0.14375 0.8203125 0.2796875 0.7234375 0.2796875
0 0.565625 0.3984375 0.6328125 0.3984375 0.6328125 0.4765625 0.565625 0.4765625
8 0.175 0.2140625 0.253125 0.2140625 0.253125 0.3265625 0.175 0.3265625
8 0.1390625 0.4171875 0.225 0.4171875 0.225 0.5234375 0.1390625 0.5234375
10 0.425 0.2265625 0.49375 0.2265625 0.49375 0.35625 0.425 0.35625
10 0.075 0.7609375 0.19375 0.7609375 0.19375 0.890625 0.075 0.890625
7 0.190625 0.6625 0.29375 0.6625 0.29375 0.7640625 0.190625 0.7640625
7 0.56875 0.58125 0.653125 0.58125 0.653125 0.678125 0.56875 0.678125
11 0.35625 0.1203125 0.421875 0.1203125 0.421875 0.23125 0.35625 0.23125
11 0.7125 0.70625 0.7984375 0.70625 0.7984375 0.8015625 0.7125 0.8015625
6 0.715625 0.50625 0.8015625 0.50625 0.8015625 0.59375 0.715625 0.59375
6 0.23125 0.446875 0.3 0.446875 0.3 0.534375 0.23125 0.534375
8 0.571875 0.171875 0.6421875 0.171875 0.6421875 0.2828125 0.571875 0.2828125