7 0.4015625 0.559375 0.490625 0.559375 0.490625 0.628125 0.4015625 0.628125
7 0.4 0.640625 0.484375 0.640625 0.484375 0.725 0.4 0.725
11 0.7859375 0.246875 0.8921875 0.246875 0.8921875 0.328125 0.7859375 0.328125
11 0.28125 0.225 0.3625 0.225 0.3625 0.30625 0.28125 0.30625
10 0.4 0.3125 0.4890625 0.3125 0.4890625 0.39375 0.4 0.39375
10 0.296875 0.565625 0.38125 0.565625 0.38125 0.634375 0.296875 0.634375
9 0.1921875 0.6453125 0.2671875 0.6453125 0.2671875 0.7078125 0.1921875 0.7078125
9 0.60625 0.7078125 0.684375 0.7078125 0.684375 0.778125 0.60625 0.778125
8 0.30625 0.39375 0.38125 0.39375 0.38125 0.46875 0.30625 0.46875
8 0.078125 0.4671875 0.171875 0.4671875 0.171875 0.55 0.078125 0.55
8 0.5984375 0.4890625 0.6875 0.4890625 0.6875 0.5453125 0.5984375 0.5453125
8 0.6875 0.55 0.790625 0.55 0.790625 0.6125 0.6875 0.6125
6 0.5234375 0.403125 0.60625 0.403125 0.60625 0.4640625 0.5234375 0.4640625
6 0.803125 0.7109375 0.9234375 0.7109375 0.9234375 0.7859375 0.803125 0.7859375
5 0.7984375 0.640625 0.9140625 0.640625 0.9140625 0.7 0.7984375 0.7
5 0.296875 0.721875 0.3859375 0.721875 0.3859375 0.8 0.296875 0.8
4 0.4 0.4875 0.478125 0.4875 0.478125 0.55 0.4 0.55
4 0.6 0.565625 0.715625 0.565625 0.715625 0.63125 0.6 0.63125
3 0.4234375 0.2640625 0.4859375 0.2640625 0.4859375 0.321875 0.4234375 0.321875
3 0.0828125 0.1625 0.171875 0.1625 0.171875 0.234375 0.0828125 0.234375
2 0.4921875 0.565625 0.5671875 0.565625 0.5671875 0.634375 0.4921875 0.634375
2 0.565625 0.24375 0.6484375 0.24375 0.6484375 0.321875 0.565625 0.321875
1 0.496875 0.48125 0.59375 0.48125 0.59375 0.5421875 0.496875 0.5421875
1 0.396875 0.39375 0.4859375 0.39375 0.4859375 0.471875 0.396875 0.471875
0 0.3015625 0.484375 0.371875 0.484375 0.371875 0.5375 0.3015625 0.5375