0 0.584375 0.078125 0.665625 0.078125 0.665625 0.190625 0.584375 0.190625
0 0.6140625 0.4859375 0.6890625 0.4859375 0.6890625 0.5625 0.6140625 0.5625
0 0.1796875 0.49375 0.275 0.49375 0.275 0.5734375 0.1796875 0.5734375
5 0.0921875 0.603125 0.19375 0.603125 0.19375 0.678125 0.0921875 0.678125
5 0.403125 0.803125 0.490625 0.803125 0.490625 0.9125 0.403125 0.9125
5 0.825 0.78125 0.934375 0.78125 0.934375 0.8796875 0.825 0.8796875
5 0.78125 0.3828125 0.8796875 0.3828125 0.8796875 0.465625 0.78125 0.465625
1 0.6125 0.675 0.728125 0.675 0.728125 0.771875 0.6125 0.771875
1 0.8171875 0.565625 0.9453125 0.565625 0.9453125 0.6796875 0.8171875 0.6796875
2 0.78125 0.1796875 0.875 0.1796875 0.875 0.275 0.78125 0.275
2 0.0921875 0.825 0.1890625 0.825 0.1890625 0.921875 0.0921875 0.921875
4 0.2828125 0.484375 0.38125 0.484375 0.38125 0.571875 0.2828125 0.571875
4 0.5078125 0.3890625 0.5828125 0.3890625 0.5828125 0.4734375 0.5078125 0.4734375
11 0.071875 0.696875 0.175 0.696875 0.175 0.78125 0.071875 0.78125
11 0.715625 0.7828125 0.8125 0.7828125 0.8125 0.890625 0.715625 0.890625
10 0.315625 0.58125 0.403125 0.58125 0.403125 0.66875 0.315625 0.66875
10 0.603125 0.58125 0.690625 0.58125 0.690625 0.66875 0.603125 0.66875
9 0.7875 0.2875 0.8640625 0.2875 0.8640625 0.3625 0.7875 0.3625
9 0.3078125 0.4 0.3921875 0.4 0.3921875 0.4671875 0.3078125 0.4671875
9 0.3125 0.709375 0.3875 0.709375 0.3875 0.7875 0.3125 0.7875
9 0.81875 0.68125 0.903125 0.68125 0.903125 0.7609375 0.81875 0.7609375
8 0.61875 0.778125 0.7125 0.778125 0.7125 0.875 0.61875 0.875
8 0.41875 0.575 0.50625 0.575 0.50625 0.6625 0.41875 0.6625
8 0.0921875 0.4828125 0.1859375 0.4828125 0.1859375 0.5671875 0.0921875 0.5671875
8 0.596875 0.2890625 0.68125 0.2890625 0.68125 0.3765625 0.596875 0.3765625
7 0.5140625 0.58125 0.603125 0.58125 0.603125 0.678125 0.5140625 0.678125
7 0.4140625 0.68125 0.5015625 0.68125 0.5015625 0.7875 0.4140625 0.7875
6 0.075 0.3125 0.1890625 0.3125 0.1890625 0.396875 0.075 0.396875
6 0.40625 0.390625 0.490625 0.390625 0.490625 0.4609375 0.40625 0.4609375
6 0.70625 0.4703125 0.79375 0.4703125 0.79375 0.5578125 0.70625 0.5578125
6 0.2125 0.59375 0.296875 0.59375 0.296875 0.675 0.2125 0.675