7 0.625 0.021875 0.78125 0.021875 0.78125 0.246875 0.625 0.246875
7 0.446875 0.603125 0.628125 0.603125 0.628125 0.765625 0.446875 0.765625
10 0.41875 0.46875 0.5875 0.46875 0.5875 0.590625 0.41875 0.590625
10 0.646875 0.253125 0.796875 0.253125 0.796875 0.4125 0.646875 0.4125
8 0.675 0.603125 0.81875 0.603125 0.81875 0.73125 0.675 0.73125
8 0.41875 0.15625 0.559375 0.15625 0.559375 0.2875 0.41875 0.2875
6 0.253125 0.34375 0.425 0.34375 0.425 0.4453125 0.253125 0.4453125
6 0.4625 0.2890625 0.6 0.2890625 0.6 0.4125 0.4625 0.4125
0 0.25625 0.4484375 0.415625 0.4484375 0.415625 0.534375 0.25625 0.534375
1 0.221875 0.5953125 0.4375 0.5953125 0.4375 0.759375 0.221875 0.759375
2 0.053125 0.60625 0.2421875 0.60625 0.2421875 0.721875 0.053125 0.721875
2 0.671875 0.478125 0.7984375 0.478125 0.7984375 0.5875 0.671875 0.5875
4 0.4875 0.75 0.6375 0.75 0.6375 0.959375 0.4875 0.959375
4 0.671875 0.75 0.834375 0.75 0.834375 0.975 0.671875 0.975
5 0.2625 0.75625 0.428125 0.75625 0.428125 0.90625 0.2625 0.90625
5 0.2171875 0.128125 0.3953125 0.128125 0.3953125 0.271875 0.2171875 0.271875