3 0.8078125 0.7546875 0.88125 0.7546875 0.88125 0.8265625 0.8078125 0.8265625
3 0.609375 0.66875 0.66875 0.66875 0.66875 0.7390625 0.609375 0.7390625
3 0.728125 0.575 0.79375 0.575 0.79375 0.646875 0.728125 0.646875
3 0.634375 0.584375 0.6921875 0.584375 0.6921875 0.646875 0.634375 0.646875
3 0.534375 0.5796875 0.6 0.5796875 0.6 0.6390625 0.534375 0.6390625
3 0.3578125 0.39375 0.425 0.39375 0.425 0.45625 0.3578125 0.45625
3 0.175 0.303125 0.25 0.303125 0.25 0.3578125 0.175 0.3578125
3 0.3359375 0.2109375 0.396875 0.2109375 0.396875 0.2859375 0.3359375 0.2859375
3 0.534375 0.2171875 0.590625 0.2171875 0.590625 0.2828125 0.534375 0.2828125
3 0.7125 0.3078125 0.7765625 0.3078125 0.7765625 0.365625 0.7125 0.365625
3 0.8109375 0.3203125 0.8921875 0.3203125 0.8921875 0.3859375 0.8109375 0.3859375
3 0.146875 0.096875 0.2203125 0.096875 0.2203125 0.1734375 0.146875 0.1734375
3 0.16875 0.7390625 0.25 0.7390625 0.25 0.815625 0.16875 0.815625
3 0.5375 0.4046875 0.5921875 0.4046875 0.5921875 0.4546875 0.5375 0.4546875
3 0.634375 0.403125 0.6875 0.403125 0.6875 0.453125 0.634375 0.453125
9 0.1703125 0.5765625 0.240625 0.5765625 0.240625 0.6359375 0.1703125 0.6359375
9 0.3546875 0.5890625 0.409375 0.5890625 0.409375 0.6484375 0.3546875 0.6484375
9 0.45625 0.5796875 0.5109375 0.5796875 0.5109375 0.6390625 0.45625 0.6390625
9 0.4546875 0.509375 0.509375 0.509375 0.509375 0.5671875 0.4546875 0.5671875
9 0.2703125 0.49375 0.334375 0.49375 0.334375 0.5578125 0.2703125 0.5578125
9 0.73125 0.490625 0.7953125 0.490625 0.7953125 0.54375 0.73125 0.54375
9 0.5390625 0.3109375 0.5953125 0.3109375 0.5953125 0.3671875 0.5390625 0.3671875
9 0.6296875 0.2265625 0.684375 0.2265625 0.684375 0.284375 0.6296875 0.284375
9 0.446875 0.21875 0.496875 0.21875 0.496875 0.2828125 0.446875 0.2828125
9 0.259375 0.3984375 0.3171875 0.3984375 0.3171875 0.4609375 0.259375 0.4609375
9 0.2625 0.228125 0.31875 0.228125 0.31875 0.2921875 0.2625 0.2921875
9 0.3328125 0.11875 0.3875 0.11875 0.3875 0.1875 0.3328125 0.1875
9 0.24375 0.1015625 0.309375 0.1015625 0.309375 0.171875 0.24375 0.171875
9 0.440625 0.1109375 0.4984375 0.1109375 0.4984375 0.1796875 0.440625 0.1796875
9 0.5234375 0.115625 0.5796875 0.115625 0.5796875 0.1921875 0.5234375 0.1921875