7 0.390625 0.1765625 0.45625 0.1765625 0.45625 0.2671875 0.390625 0.2671875
3 0.525 0.171875 0.59375 0.171875 0.59375 0.2578125 0.525 0.2578125
9 0.6765625 0.2640625 0.740625 0.2640625 0.740625 0.3515625 0.6765625 0.3515625
3 0.6078125 0.2625 0.6640625 0.2625 0.6640625 0.346875 0.6078125 0.346875
11 0.5359375 0.2703125 0.5890625 0.2703125 0.5890625 0.3484375 0.5359375 0.3484375
9 0.4640625 0.265625 0.5328125 0.265625 0.5328125 0.353125 0.4640625 0.353125
3 0.396875 0.275 0.45625 0.275 0.45625 0.35 0.396875 0.35
6 0.3203125 0.265625 0.3859375 0.265625 0.3859375 0.35625 0.3203125 0.35625
5 0.25 0.26875 0.321875 0.26875 0.321875 0.3671875 0.25 0.3671875
6 0.178125 0.26875 0.246875 0.26875 0.246875 0.353125 0.178125 0.353125
9 0.4015625 0.359375 0.465625 0.359375 0.465625 0.4484375 0.4015625 0.4484375
9 0.46875 0.459375 0.53125 0.459375 0.53125 0.540625 0.46875 0.540625
9 0.6828125 0.628125 0.7546875 0.628125 0.7546875 0.71875 0.6828125 0.71875
5 0.609375 0.6296875 0.675 0.6296875 0.675 0.7203125 0.609375 0.7203125
0 0.5375 0.634375 0.603125 0.634375 0.603125 0.7171875 0.5375 0.7171875
5 0.4671875 0.628125 0.5296875 0.628125 0.5296875 0.7203125 0.4671875 0.7203125
8 0.396875 0.634375 0.45625 0.634375 0.45625 0.71875 0.396875 0.71875
10 0.3234375 0.628125 0.390625 0.628125 0.390625 0.73125 0.3234375 0.73125
4 0.2515625 0.640625 0.3 0.640625 0.3 0.7171875 0.2515625 0.7171875
1 0.1828125 0.6421875 0.228125 0.6421875 0.228125 0.728125 0.1828125 0.728125
10 0.68125 0.725 0.753125 0.725 0.753125 0.8046875 0.68125 0.8046875
11 0.6125 0.728125 0.678125 0.728125 0.678125 0.8171875 0.6125 0.8171875
1 0.540625 0.725 0.6015625 0.725 0.6015625 0.8125 0.540625 0.8125
5 0.4734375 0.7375 0.528125 0.7375 0.528125 0.821875 0.4734375 0.821875
2 0.39375 0.7375 0.4609375 0.7375 0.4609375 0.821875 0.39375 0.821875
6 0.3234375 0.73125 0.378125 0.73125 0.378125 0.809375 0.3234375 0.809375
8 0.25625 0.73125 0.315625 0.73125 0.315625 0.8296875 0.25625 0.8296875
4 0.1796875 0.740625 0.2390625 0.740625 0.2390625 0.809375 0.1796875 0.809375
7 0.690625 0.815625 0.7546875 0.815625 0.7546875 0.9 0.690625 0.9
0 0.615625 0.83125 0.6765625 0.83125 0.6765625 0.909375 0.615625 0.909375
0 0.5546875 0.8359375 0.6046875 0.8359375 0.6046875 0.909375 0.5546875 0.909375
3 0.4734375 0.8328125 0.53125 0.8328125 0.53125 0.9015625 0.4734375 0.9015625
2 0.403125 0.8328125 0.4609375 0.8328125 0.4609375 0.9171875 0.403125 0.9171875
6 0.3375 0.8234375 0.3875 0.8234375 0.3875 0.90625 0.3375 0.90625
8 0.253125 0.8296875 0.31875 0.8296875 0.31875 0.915625 0.253125 0.915625
8 0.19375 0.8296875 0.253125 0.8296875 0.253125 0.921875 0.19375 0.921875
7 0.6875 0.825 0.7875 0.825 0.7875 0.96875 0.6875 0.96875
7 0.38125 0.1328125 0.45625 0.1328125 0.45625 0.2640625 0.38125 0.2640625
6 0.16875 0.2546875 0.24375 0.2546875 0.24375 0.3453125 0.16875 0.3453125
6 0.3140625 0.8203125 0.3765625 0.8203125 0.3765625 0.9203125 0.3140625 0.9203125
6 0.3109375 0.7171875 0.3828125 0.7171875 0.3828125 0.8109375 0.3109375 0.8109375
8 0.1359375 0.828125 0.2328125 0.828125 0.2328125 0.9390625 0.1359375 0.9390625
8 0.24375 0.825 0.31875 0.825 0.31875 0.93125 0.24375 0.93125
8 0.240625 0.734375 0.3125 0.734375 0.3125 0.8421875 0.240625 0.8421875
9 0.6875 0.2515625 0.746875 0.2515625 0.746875 0.3359375 0.6875 0.3359375
10 0.2953125 0.625 0.3890625 0.625 0.3890625 0.734375 0.2953125 0.734375
11 0.5390625 0.25 0.6015625 0.25 0.6015625 0.3390625 0.5390625 0.3390625
11 0.621875 0.753125 0.6875 0.753125 0.6875 0.853125 0.621875 0.853125
10 0.678125 0.7203125 0.76875 0.7203125 0.76875 0.840625 0.678125 0.840625