9 0.778125 0.1421875 0.84375 0.1421875 0.84375 0.2078125 0.778125 0.2078125
3 0.6765625 0.15 0.7328125 0.15 0.7328125 0.2125 0.6765625 0.2125
3 0.603125 0.159375 0.65 0.159375 0.65 0.21875 0.603125 0.21875
3 0.503125 0.15 0.55625 0.15 0.55625 0.2125 0.503125 0.2125
3 0.4375 0.1453125 0.4875 0.1453125 0.4875 0.20625 0.4375 0.20625
1 0.29375 0.109375 0.3796875 0.109375 0.3796875 0.215625 0.29375 0.215625
2 0.196875 0.1453125 0.275 0.1453125 0.275 0.225 0.196875 0.225
9 0.13125 0.15 0.19375 0.15 0.19375 0.215625 0.13125 0.215625
3 0.1328125 0.290625 0.1953125 0.290625 0.1953125 0.34375 0.1328125 0.34375
2 0.30625 0.240625 0.3765625 0.240625 0.3765625 0.315625 0.30625 0.315625
9 0.4875 0.2703125 0.540625 0.2703125 0.540625 0.3234375 0.4875 0.3234375
5 0.5890625 0.2453125 0.6515625 0.2453125 0.6515625 0.3171875 0.5890625 0.3171875
3 0.775 0.253125 0.8375 0.253125 0.8375 0.309375 0.775 0.309375
5 0.7828125 0.35 0.865625 0.35 0.865625 0.4125 0.7828125 0.4125
9 0.2390625 0.359375 0.296875 0.359375 0.296875 0.4078125 0.2390625 0.4078125
3 0.3421875 0.353125 0.3953125 0.353125 0.3953125 0.4046875 0.3421875 0.4046875
5 0.40625 0.340625 0.46875 0.340625 0.46875 0.403125 0.40625 0.403125
3 0.6796875 0.334375 0.7359375 0.334375 0.7359375 0.384375 0.6796875 0.384375
9 0.59375 0.34375 0.64375 0.34375 0.64375 0.39375 0.59375 0.39375
3 0.49375 0.353125 0.546875 0.353125 0.546875 0.4 0.49375 0.4
9 0.13125 0.446875 0.19375 0.446875 0.19375 0.5 0.13125 0.5
3 0.23125 0.44375 0.2875 0.44375 0.2875 0.490625 0.23125 0.490625
5 0.3125 0.45 0.378125 0.45 0.378125 0.50625 0.3125 0.50625
9 0.528125 0.440625 0.575 0.440625 0.575 0.4921875 0.528125 0.4921875
5 0.5984375 0.44375 0.6640625 0.44375 0.6640625 0.503125 0.5984375 0.503125
5 0.671875 0.434375 0.74375 0.434375 0.74375 0.490625 0.671875 0.490625
9 0.7703125 0.440625 0.8328125 0.440625 0.8328125 0.4921875 0.7703125 0.4921875
7 0.303125 0.5359375 0.3875 0.5359375 0.3875 0.6109375 0.303125 0.6109375
3 0.4125 0.521875 0.459375 0.521875 0.459375 0.571875 0.4125 0.571875
4 0.5 0.51875 0.5703125 0.51875 0.5703125 0.5890625 0.5 0.5890625
9 0.6921875 0.51875 0.7484375 0.51875 0.7484375 0.5703125 0.6921875 0.5703125
9 0.775 0.6109375 0.8375 0.6109375 0.8375 0.6640625 0.775 0.6640625
3 0.6640625 0.6140625 0.715625 0.6140625 0.715625 0.6671875 0.6640625 0.6671875
1 0.11875 0.609375 0.225 0.609375 0.225 0.6984375 0.11875 0.6984375
2 0.4078125 0.6203125 0.4703125 0.6203125 0.4703125 0.696875 0.4078125 0.696875
9 0.515625 0.6125 0.5640625 0.6125 0.5640625 0.665625 0.515625 0.665625
2 0.5953125 0.6265625 0.6609375 0.6265625 0.6609375 0.7015625 0.5953125 0.7015625
3 0.1546875 0.80625 0.2171875 0.80625 0.2171875 0.871875 0.1546875 0.871875
9 0.25 0.7125 0.309375 0.7125 0.309375 0.771875 0.25 0.771875
3 0.3203125 0.6921875 0.3734375 0.6921875 0.3734375 0.75 0.3203125 0.75
9 0.5125 0.7 0.5625 0.7 0.5625 0.759375 0.5125 0.759375
4 0.76875 0.7 0.86875 0.7 0.86875 0.8 0.76875 0.8
4 0.4046875 0.7171875 0.475 0.7171875 0.475 0.8234375 0.4046875 0.8234375
3 0.521875 0.790625 0.56875 0.790625 0.56875 0.85625 0.521875 0.85625
0 0.60625 0.7890625 0.665625 0.7890625 0.665625 0.871875 0.60625 0.871875
0 0.69375 0.7859375 0.7609375 0.7859375 0.7609375 0.8703125 0.69375 0.8703125
9 0.778125 0.8015625 0.840625 0.8015625 0.840625 0.8625 0.778125 0.8625
9 0.4328125 0.8203125 0.48125 0.8203125 0.48125 0.8765625 0.4328125 0.8765625