9 0.19375 0.0796875 0.265625 0.0796875 0.265625 0.1640625 0.19375 0.1640625
9 0.1875 0.1984375 0.2703125 0.1984375 0.2703125 0.275 0.1875 0.275
9 0.375 0.1921875 0.4625 0.1921875 0.4625 0.26875 0.375 0.26875
9 0.378125 0.29375 0.44375 0.29375 0.44375 0.35625 0.378125 0.35625
9 0.5703125 0.271875 0.640625 0.271875 0.640625 0.3515625 0.5703125 0.3515625
9 0.29375 0.378125 0.3640625 0.378125 0.3640625 0.4484375 0.29375 0.4484375
9 0.3890625 0.371875 0.4515625 0.371875 0.4515625 0.4390625 0.3890625 0.4390625
9 0.6640625 0.3875 0.7296875 0.3875 0.7296875 0.453125 0.6640625 0.453125
9 0.09375 0.4859375 0.178125 0.4859375 0.178125 0.55625 0.09375 0.55625
9 0.2984375 0.465625 0.3609375 0.465625 0.3609375 0.540625 0.2984375 0.540625
9 0.3828125 0.4734375 0.4484375 0.4734375 0.4484375 0.540625 0.3828125 0.540625
9 0.3078125 0.6609375 0.3796875 0.6609375 0.3796875 0.7375 0.3078125 0.7375
9 0.4875 0.65 0.5625 0.65 0.5625 0.721875 0.4875 0.721875
9 0.38125 0.7734375 0.4515625 0.7734375 0.4515625 0.8484375 0.38125 0.8484375
9 0.5765625 0.7578125 0.6515625 0.7578125 0.6515625 0.840625 0.5765625 0.840625
3 0.3640625 0.084375 0.4359375 0.084375 0.4359375 0.1671875 0.3640625 0.1671875
3 0.4765625 0.09375 0.559375 0.09375 0.559375 0.18125 0.4765625 0.18125
3 0.753125 0.0828125 0.828125 0.0828125 0.828125 0.1625 0.753125 0.1625
3 0.09375 0.1984375 0.1765625 0.1984375 0.1765625 0.2640625 0.09375 0.2640625
3 0.28125 0.2859375 0.353125 0.2859375 0.353125 0.35625 0.28125 0.35625
3 0.7484375 0.2796875 0.825 0.2796875 0.825 0.3515625 0.7484375 0.3515625
3 0.48125 0.3 0.546875 0.3 0.546875 0.3703125 0.48125 0.3703125
3 0.4703125 0.403125 0.553125 0.403125 0.553125 0.4796875 0.4703125 0.4796875
3 0.475 0.4859375 0.5453125 0.4859375 0.5453125 0.5578125 0.475 0.5578125
3 0.0984375 0.578125 0.18125 0.578125 0.18125 0.64375 0.0984375 0.64375
3 0.296875 0.575 0.3640625 0.575 0.3640625 0.640625 0.296875 0.640625
3 0.3796875 0.5859375 0.45 0.5859375 0.45 0.65625 0.3796875 0.65625
3 0.0953125 0.775 0.1828125 0.775 0.1828125 0.8546875 0.0953125 0.8546875
3 0.2890625 0.7609375 0.35625 0.7609375 0.35625 0.8359375 0.2890625 0.8359375
3 0.7359375 0.740625 0.8234375 0.740625 0.8234375 0.825 0.7359375 0.825