11 0.8421875 0.575 0.9484375 0.575 0.9484375 0.65 0.8421875 0.65
11 0.640625 0.3390625 0.7125 0.3390625 0.7125 0.40625 0.640625 0.40625
10 0.8203125 0.3140625 0.9515625 0.3140625 0.9515625 0.4015625 0.8203125 0.4015625
7 0.515625 0.2390625 0.609375 0.2390625 0.609375 0.33125 0.515625 0.33125
8 0.6078125 0.484375 0.6921875 0.484375 0.6921875 0.55625 0.6078125 0.55625
8 0.4328125 0.33125 0.5078125 0.33125 0.5078125 0.40625 0.4328125 0.40625
8 0.3125 0.5734375 0.403125 0.5734375 0.403125 0.6453125 0.3125 0.6453125
8 0.2109375 0.4078125 0.3015625 0.4078125 0.3015625 0.4734375 0.2109375 0.4734375
2 0.440625 0.5015625 0.509375 0.5015625 0.509375 0.5640625 0.440625 0.5640625
2 0.421875 0.421875 0.496875 0.421875 0.496875 0.475 0.421875 0.475
1 0.403125 0.6484375 0.5 0.6484375 0.5 0.740625 0.403125 0.740625
1 0.528125 0.33125 0.609375 0.33125 0.609375 0.409375 0.528125 0.409375
5 0.6359375 0.578125 0.721875 0.578125 0.721875 0.65 0.6359375 0.65
5 0.315625 0.51875 0.39375 0.51875 0.39375 0.578125 0.315625 0.578125
4 0.28125 0.240625 0.396875 0.240625 0.396875 0.33125 0.28125 0.33125