4 0.478125 0.6375 0.5421875 0.6375 0.5421875 0.7265625 0.478125 0.7265625
5 0.725 0.109375 0.803125 0.109375 0.803125 0.1984375 0.725 0.1984375
5 0.340625 0.553125 0.403125 0.553125 0.403125 0.6234375 0.340625 0.6234375
2 0.165625 0.125 0.246875 0.125 0.246875 0.2171875 0.165625 0.2171875
1 0.7265625 0.84375 0.8359375 0.84375 0.8359375 0.971875 0.7265625 0.971875
1 0.2296875 0.309375 0.3265625 0.309375 0.3265625 0.40625 0.2296875 0.40625
11 0.49375 0.3390625 0.553125 0.3390625 0.553125 0.4109375 0.49375 0.4109375
11 0.1671875 0.446875 0.246875 0.446875 0.246875 0.5203125 0.1671875 0.5203125
8 0.309375 0.740625 0.39375 0.740625 0.39375 0.834375 0.309375 0.834375
8 0.16875 0.6484375 0.25625 0.6484375 0.25625 0.7390625 0.16875 0.7390625
8 0.325 0.1296875 0.396875 0.1296875 0.396875 0.2140625 0.325 0.2140625
7 0.7296875 0.73125 0.8328125 0.73125 0.8328125 0.85625 0.7296875 0.85625
8 0.4875 0.096875 0.5609375 0.096875 0.5609375 0.2125 0.4875 0.2125
2 0.403125 0.8296875 0.475 0.8296875 0.475 0.9375 0.403125 0.9375
10 0.55625 0.5375 0.63125 0.5375 0.63125 0.6421875 0.55625 0.6421875