3 0.621875 0.8671875 0.6734375 0.8671875 0.6734375 0.9328125 0.621875 0.9328125
3 0.70625 0.8796875 0.759375 0.8796875 0.759375 0.95 0.70625 0.95
0 0.678125 0.4328125 0.7375 0.4328125 0.7375 0.5078125 0.678125 0.5078125
1 0.7625 0.5328125 0.853125 0.5328125 0.853125 0.6171875 0.7625 0.6171875
4 0.684375 0.6390625 0.778125 0.6390625 0.778125 0.71875 0.684375 0.71875
5 0.6046875 0.559375 0.6640625 0.559375 0.6640625 0.615625 0.6046875 0.615625
5 0.5234375 0.584375 0.5765625 0.584375 0.5765625 0.64375 0.5234375 0.64375
1 0.5984375 0.296875 0.6703125 0.296875 0.6703125 0.3984375 0.5984375 0.3984375
4 0.7546875 0.3046875 0.8515625 0.3046875 0.8515625 0.4078125 0.7546875 0.4078125
2 0.60625 0.43125 0.665625 0.43125 0.665625 0.509375 0.60625 0.509375
2 0.4515625 0.675 0.5078125 0.675 0.5078125 0.7453125 0.4515625 0.7453125
11 0.5453125 0.85 0.6078125 0.85 0.6078125 0.94375 0.5453125 0.94375
11 0.603125 0.63125 0.66875 0.63125 0.66875 0.7 0.603125 0.7
10 0.6015625 0.7625 0.6765625 0.7625 0.6765625 0.871875 0.6015625 0.871875
10 0.684375 0.7609375 0.775 0.7609375 0.775 0.8578125 0.684375 0.8578125
9 0.6890625 0.328125 0.7453125 0.328125 0.7453125 0.3984375 0.6890625 0.3984375
9 0.771875 0.6328125 0.83125 0.6328125 0.83125 0.6984375 0.771875 0.6984375
6 0.509375 0.440625 0.5625 0.440625 0.5625 0.50625 0.509375 0.50625
6 0.784375 0.7484375 0.859375 0.7484375 0.859375 0.828125 0.784375 0.828125
8 0.5203125 0.659375 0.5765625 0.659375 0.5765625 0.725 0.5203125 0.725
8 0.771875 0.8640625 0.8625 0.8640625 0.8625 0.9515625 0.771875 0.9515625
8 0.7625 0.440625 0.84375 0.440625 0.84375 0.509375 0.7625 0.509375
8 0.4515625 0.53125 0.5125 0.53125 0.5125 0.596875 0.4515625 0.596875
8 0.771875 0.8640625 0.8609375 0.8640625 0.8609375 0.9515625 0.771875 0.9515625
7 0.525 0.7421875 0.584375 0.7421875 0.584375 0.8390625 0.525 0.8390625
7 0.671875 0.5546875 0.75625 0.5546875 0.75625 0.6265625 0.671875 0.6265625