0 0.7765625 0.525 0.875 0.525 0.875 0.6046875 0.7765625 0.6046875
0 0.425 0.68125 0.5 0.68125 0.5 0.7640625 0.425 0.7640625
0 0.240625 0.66875 0.3109375 0.66875 0.3109375 0.75 0.240625 0.75
1 0.58125 0.1828125 0.66875 0.1828125 0.66875 0.290625 0.58125 0.290625
1 0.08125 0.3046875 0.203125 0.3046875 0.203125 0.4109375 0.08125 0.4109375
2 0.765625 0.409375 0.859375 0.409375 0.859375 0.4890625 0.765625 0.4890625
2 0.3046875 0.7484375 0.375 0.7484375 0.375 0.8453125 0.3046875 0.8453125
4 0.596875 0.759375 0.6796875 0.759375 0.6796875 0.8796875 0.596875 0.8796875
4 0.503125 0.4 0.5875 0.4 0.5875 0.484375 0.503125 0.484375
5 0.7875 0.203125 0.875 0.203125 0.875 0.2875 0.7875 0.2875
5 0.4046875 0.5 0.475 0.5 0.475 0.5765625 0.4046875 0.5765625
5 0.309375 0.2390625 0.384375 0.2390625 0.384375 0.3328125 0.309375 0.3328125
5 0.109375 0.109375 0.2 0.109375 0.2 0.215625 0.109375 0.215625
11 0.696875 0.109375 0.7828125 0.109375 0.7828125 0.2078125 0.696875 0.2078125
11 0.215625 0.1140625 0.3015625 0.1140625 0.3015625 0.2171875 0.215625 0.2171875
10 0.5 0.59375 0.575 0.59375 0.575 0.696875 0.5 0.696875
10 0.496875 0.1171875 0.5796875 0.1171875 0.5796875 0.2359375 0.496875 0.2359375
9 0.678125 0.68125 0.75 0.68125 0.75 0.753125 0.678125 0.753125
9 0.2953125 0.596875 0.3703125 0.596875 0.3703125 0.6765625 0.2953125 0.6765625
9 0.146875 0.5875 0.221875 0.5875 0.221875 0.675 0.146875 0.675
9 0.1359375 0.228125 0.20625 0.228125 0.20625 0.303125 0.1359375 0.303125
8 0.6765625 0.590625 0.7640625 0.590625 0.7640625 0.678125 0.6765625 0.678125
8 0.671875 0.3234375 0.75625 0.3234375 0.75625 0.4078125 0.671875 0.4078125
8 0.30625 0.13125 0.38125 0.13125 0.38125 0.21875 0.30625 0.21875
8 0.1171875 0.684375 0.2109375 0.684375 0.2109375 0.7671875 0.1171875 0.7671875
7 0.4921875 0.765625 0.5765625 0.765625 0.5765625 0.8875 0.4921875 0.8875
7 0.4984375 0.3203125 0.5828125 0.3203125 0.5828125 0.403125 0.4984375 0.403125
6 0.7828125 0.75 0.8671875 0.75 0.8671875 0.8484375 0.7828125 0.8484375
6 0.7828125 0.309375 0.8703125 0.309375 0.8703125 0.3921875 0.7828125 0.3921875
6 0.503125 0.515625 0.575 0.515625 0.575 0.5875 0.503125 0.5875
6 0.396875 0.425 0.4640625 0.425 0.4640625 0.5 0.396875 0.5