8 0.6359375 0.721875 0.7109375 0.721875 0.7109375 0.85 0.6359375 0.85
8 0.209375 0.4859375 0.2875 0.4859375 0.2875 0.584375 0.209375 0.584375
8 0.1765625 0.30625 0.2640625 0.30625 0.2640625 0.3890625 0.1765625 0.3890625
8 0.215625 0.7703125 0.28125 0.7703125 0.28125 0.903125 0.215625 0.903125
10 0.34375 0.28125 0.41875 0.28125 0.41875 0.384375 0.34375 0.384375
10 0.43125 0.4671875 0.4921875 0.4671875 0.4921875 0.5734375 0.43125 0.5734375
7 0.703125 0.54375 0.80625 0.54375 0.80625 0.65 0.703125 0.65
1 0.6890625 0.04375 0.7921875 0.04375 0.7921875 0.178125 0.6890625 0.178125
1 0.3203125 0.4796875 0.403125 0.4796875 0.403125 0.5734375 0.3203125 0.5734375
2 0.16875 0.0671875 0.25625 0.0671875 0.25625 0.1875 0.16875 0.1875
2 0.478125 0.046875 0.540625 0.046875 0.540625 0.1671875 0.478125 0.1671875
0 0.6296875 0.18125 0.7 0.18125 0.7 0.278125 0.6296875 0.278125
4 0.428125 0.6578125 0.4953125 0.6578125 0.4953125 0.771875 0.428125 0.771875
4 0.2890625 0.759375 0.3640625 0.759375 0.3640625 0.90625 0.2890625 0.90625
5 0.503125 0.7484375 0.56875 0.7484375 0.56875 0.859375 0.503125 0.859375
5 0.6328125 0.371875 0.703125 0.371875 0.703125 0.45625 0.6328125 0.45625