11 0.2265625 0.0859375 0.2984375 0.0859375 0.2984375 0.1984375 0.2265625 0.1984375
8 0.4 0.096875 0.4671875 0.096875 0.4671875 0.196875 0.4 0.196875
8 0.790625 0.209375 0.8796875 0.209375 0.8796875 0.309375 0.790625 0.309375
8 0.6375 0.2984375 0.7140625 0.2984375 0.7140625 0.3921875 0.6375 0.3921875
8 0.296875 0.728125 0.3796875 0.728125 0.3796875 0.821875 0.296875 0.821875
11 0.4 0.6359375 0.45625 0.6359375 0.45625 0.721875 0.4 0.721875
10 0.6984375 0.6359375 0.79375 0.6359375 0.79375 0.7515625 0.6984375 0.7515625
7 0.2140625 0.509375 0.3109375 0.509375 0.3109375 0.6078125 0.2140625 0.6078125
5 0.3046875 0.8421875 0.3734375 0.8421875 0.3734375 0.9515625 0.3046875 0.9515625
4 0.5671875 0.178125 0.63125 0.178125 0.63125 0.296875 0.5671875 0.296875
1 0.3984375 0.3046875 0.4703125 0.3046875 0.4703125 0.409375 0.3984375 0.409375
1 0.5609375 0.41875 0.628125 0.41875 0.628125 0.50625 0.5609375 0.50625
2 0.7953125 0.7375 0.878125 0.7375 0.878125 0.84375 0.7953125 0.84375
2 0.6296875 0.834375 0.69375 0.834375 0.69375 0.93125 0.6296875 0.93125
5 0.5421875 0.834375 0.6 0.834375 0.6 0.94375 0.5421875 0.94375