7 0.753125 0.625 0.978125 0.625 0.978125 0.78125 0.753125 0.78125
7 0.234375 0.446875 0.396875 0.446875 0.396875 0.628125 0.234375 0.628125
10 0.409375 0.41875 0.53125 0.41875 0.53125 0.5875 0.409375 0.5875
10 0.5875 0.646875 0.746875 0.646875 0.746875 0.796875 0.5875 0.796875
8 0.26875 0.675 0.396875 0.675 0.396875 0.81875 0.26875 0.81875
8 0.7125 0.41875 0.84375 0.41875 0.84375 0.559375 0.7125 0.559375
6 0.5546875 0.253125 0.65625 0.253125 0.65625 0.425 0.5546875 0.425
6 0.5875 0.4625 0.7109375 0.4625 0.7109375 0.6 0.5875 0.6
0 0.465625 0.25625 0.5515625 0.25625 0.5515625 0.415625 0.465625 0.415625
1 0.240625 0.221875 0.4046875 0.221875 0.4046875 0.4375 0.240625 0.4375
2 0.2796875 0.053125 0.3953125 0.053125 0.3953125 0.2421875 0.2796875 0.2421875
2 0.4125 0.671875 0.521875 0.671875 0.521875 0.7984375 0.4125 0.7984375
4 0.040625 0.4875 0.25 0.4875 0.25 0.6375 0.040625 0.6375
4 0.025 0.671875 0.25 0.671875 0.25 0.834375 0.025 0.834375
5 0.09375 0.2625 0.24375 0.2625 0.24375 0.428125 0.09375 0.428125
5 0.728125 0.2171875 0.871875 0.2171875 0.871875 0.3953125 0.728125 0.3953125