6 0.7546875 0.1375 0.8390625 0.1375 0.8390625 0.228125 0.7546875 0.228125
4 0.665625 0.1421875 0.75625 0.1421875 0.75625 0.2484375 0.665625 0.2484375
1 0.6640625 0.3375 0.7625 0.3375 0.7625 0.4203125 0.6640625 0.4203125
7 0.75 0.4328125 0.85625 0.4328125 0.85625 0.50625 0.75 0.50625
4 0.7546875 0.7796875 0.86875 0.7796875 0.86875 0.8875 0.7546875 0.8875
2 0.65625 0.7828125 0.7375 0.7828125 0.7375 0.8671875 0.65625 0.8671875
9 0.6578125 0.528125 0.7203125 0.528125 0.7203125 0.5828125 0.6578125 0.5828125
9 0.6765625 0.6296875 0.7390625 0.6296875 0.7390625 0.6859375 0.6765625 0.6859375
5 0.575 0.34375 0.646875 0.34375 0.646875 0.409375 0.575 0.409375
10 0.5 0.615625 0.58125 0.615625 0.58125 0.7 0.5 0.7
11 0.4875 0.45 0.55 0.45 0.55 0.5078125 0.4875 0.5078125
9 0.421875 0.35625 0.471875 0.35625 0.471875 0.40625 0.421875 0.40625
9 0.4125 0.53125 0.46875 0.53125 0.46875 0.584375 0.4125 0.584375
8 0.4 0.1359375 0.4640625 0.1359375 0.4640625 0.225 0.4 0.225
0 0.484375 0.246875 0.55 0.246875 0.55 0.3140625 0.484375 0.3140625
8 0.4203125 0.690625 0.4921875 0.690625 0.4921875 0.76875 0.4203125 0.76875
7 0.409375 0.778125 0.496875 0.778125 0.496875 0.89375 0.409375 0.89375
8 0.315625 0.6171875 0.3875 0.6171875 0.3875 0.6875 0.315625 0.6875
0 0.309375 0.7046875 0.384375 0.7046875 0.384375 0.7796875 0.309375 0.7796875
11 0.321875 0.4390625 0.3875 0.4390625 0.3875 0.496875 0.321875 0.496875
8 0.240625 0.34375 0.3203125 0.34375 0.3203125 0.4171875 0.240625 0.4171875
6 0.33125 0.246875 0.4 0.246875 0.4 0.3265625 0.33125 0.3265625
5 0.221875 0.1453125 0.296875 0.1453125 0.296875 0.234375 0.221875 0.234375
5 0.1296875 0.1390625 0.2140625 0.1390625 0.2140625 0.2234375 0.1296875 0.2234375
1 0.0953125 0.23125 0.2140625 0.23125 0.2140625 0.321875 0.0953125 0.321875
6 0.121875 0.3328125 0.2125 0.3328125 0.2125 0.403125 0.121875 0.403125
2 0.125 0.5203125 0.21875 0.5203125 0.21875 0.6015625 0.125 0.6015625
5 0.2203125 0.6203125 0.3 0.6203125 0.3 0.7015625 0.2203125 0.7015625
0 0.1125 0.6875 0.20625 0.6875 0.20625 0.7671875 0.1125 0.7671875
6 0.125 0.609375 0.209375 0.609375 0.209375 0.6796875 0.125 0.6796875
10 0.1953125 0.778125 0.2984375 0.778125 0.2984375 0.8921875 0.1953125 0.8921875