3 0.80625 0.121875 0.8890625 0.121875 0.8890625 0.2046875 0.80625 0.2046875
9 0.825 0.521875 0.903125 0.521875 0.903125 0.6125 0.825 0.6125
9 0.409375 0.234375 0.478125 0.234375 0.478125 0.3125 0.409375 0.3125
9 0.40625 0.3375 0.475 0.3375 0.475 0.4171875 0.40625 0.4171875
9 0.3078125 0.5328125 0.378125 0.5328125 0.378125 0.6 0.3078125 0.6
9 0.43125 0.7390625 0.4953125 0.7390625 0.4953125 0.8140625 0.43125 0.8140625
9 0.20625 0.5453125 0.278125 0.5453125 0.278125 0.6140625 0.20625 0.6140625
9 0.075 0.103125 0.16875 0.103125 0.16875 0.18125 0.075 0.18125
9 0.075 0.321875 0.1609375 0.321875 0.1609375 0.4 0.075 0.4
9 0.0890625 0.428125 0.171875 0.428125 0.171875 0.503125 0.0890625 0.503125
9 0.075 0.878125 0.159375 0.878125 0.159375 0.971875 0.075 0.971875
3 0.4375 0.6546875 0.4890625 0.6546875 0.4890625 0.7171875 0.4375 0.7171875
3 0.5328125 0.4578125 0.590625 0.4578125 0.590625 0.5125 0.5328125 0.5125
3 0.60625 0.6515625 0.66875 0.6515625 0.66875 0.715625 0.60625 0.715625
3 0.6359375 0.25625 0.7015625 0.25625 0.7015625 0.31875 0.6359375 0.31875
2 0.3078125 0.321875 0.3859375 0.321875 0.3859375 0.40625 0.3078125 0.40625
2 0.415625 0.4296875 0.4921875 0.4296875 0.4921875 0.50625 0.415625 0.50625
2 0.528125 0.5296875 0.6109375 0.5296875 0.6109375 0.6046875 0.528125 0.6046875
4 0.3125 0.434375 0.3921875 0.434375 0.3921875 0.5125 0.3125 0.5125
4 0.178125 0.4375 0.2828125 0.4375 0.2828125 0.521875 0.178125 0.521875
4 0.0421875 0.18125 0.1671875 0.18125 0.1671875 0.2984375 0.0421875 0.2984375
3 0.2328125 0.3421875 0.29375 0.3421875 0.29375 0.403125 0.2328125 0.403125
3 0.2984375 0.1078125 0.3609375 0.1078125 0.3609375 0.1859375 0.2984375 0.1859375
0 0.3046875 0.2125 0.375 0.2125 0.375 0.2984375 0.3046875 0.2984375
0 0.178125 0.09375 0.259375 0.09375 0.259375 0.196875 0.178125 0.196875
3 0.3046875 0.8640625 0.3640625 0.8640625 0.3640625 0.9484375 0.3046875 0.9484375
3 0.209375 0.871875 0.271875 0.871875 0.271875 0.95625 0.209375 0.95625
3 0.20625 0.6734375 0.2734375 0.6734375 0.2734375 0.7390625 0.20625 0.7390625
3 0.4171875 0.86875 0.4765625 0.86875 0.4765625 0.953125 0.4171875 0.953125
3 0.49375 0.875 0.5546875 0.875 0.5546875 0.95625 0.49375 0.95625
7 0.4125 0.5421875 0.490625 0.5421875 0.490625 0.6265625 0.4125 0.6265625
5 0.5171875 0.6515625 0.5984375 0.6515625 0.5984375 0.7328125 0.5171875 0.7328125
5 0.50625 0.74375 0.584375 0.74375 0.584375 0.840625 0.50625 0.840625
5 0.303125 0.753125 0.38125 0.753125 0.38125 0.846875 0.303125 0.846875
5 0.184375 0.7546875 0.271875 0.7546875 0.271875 0.85 0.184375 0.85
5 0.05 0.640625 0.1546875 0.640625 0.1546875 0.725 0.05 0.725
5 0.0484375 0.540625 0.15 0.540625 0.15 0.6203125 0.0484375 0.6203125
2 0.1953125 0.1921875 0.275 0.1921875 0.275 0.2953125 0.1953125 0.2953125
3 0.084375 0.7609375 0.1609375 0.7609375 0.1609375 0.8375 0.084375 0.8375
1 0.2890625 0.640625 0.3828125 0.640625 0.3828125 0.7453125 0.2890625 0.7453125
1 0.403125 0.0765625 0.484375 0.0765625 0.484375 0.2140625 0.403125 0.2140625
3 0.71875 0.546875 0.8 0.546875 0.8 0.60625 0.71875 0.60625
3 0.825 0.715625 0.90625 0.715625 0.90625 0.7875 0.825 0.7875
9 0.5109375 0.103125 0.5734375 0.103125 0.5734375 0.1875 0.5109375 0.1875
9 0.7046875 0.2296875 0.78125 0.2296875 0.78125 0.3046875 0.7046875 0.3046875
9 0.709375 0.640625 0.790625 0.640625 0.790625 0.7109375 0.709375 0.7109375
9 0.6453125 0.865625 0.715625 0.865625 0.715625 0.95 0.6453125 0.95
9 0.81875 0.85625 0.903125 0.85625 0.903125 0.940625 0.81875 0.940625