1 0.56875 0.5078125 0.6453125 0.5078125 0.6453125 0.6 0.56875 0.6
4 0.0875 0.3 0.190625 0.3 0.190625 0.415625 0.0875 0.415625
4 0.33125 0.71875 0.403125 0.71875 0.403125 0.80625 0.33125 0.80625
2 0.05625 0.834375 0.1546875 0.834375 0.1546875 0.921875 0.05625 0.921875
2 0.65625 0.8390625 0.7375 0.8390625 0.7375 0.9296875 0.65625 0.9296875
5 0.4890625 0.5125 0.5421875 0.5125 0.5421875 0.5890625 0.4890625 0.5890625
5 0.4921875 0.2265625 0.54375 0.2265625 0.54375 0.3234375 0.4921875 0.3234375
0 0.334375 0.53125 0.39375 0.53125 0.39375 0.603125 0.334375 0.603125
7 0.0859375 0.0875 0.1890625 0.0875 0.1890625 0.234375 0.0859375 0.234375
7 0.3265625 0.103125 0.396875 0.103125 0.396875 0.24375 0.3265625 0.24375
10 0.4203125 0.309375 0.48125 0.309375 0.48125 0.425 0.4203125 0.425
10 0.421875 0.609375 0.4875 0.609375 0.4875 0.6984375 0.421875 0.6984375
8 0.1671875 0.528125 0.2515625 0.528125 0.2515625 0.60625 0.1671875 0.60625
8 0.625 0.1359375 0.690625 0.1359375 0.690625 0.2421875 0.625 0.2421875
8 0.646875 0.690625 0.7140625 0.690625 0.7140625 0.7734375 0.646875 0.7734375
11 0.275 0.2171875 0.3375 0.2171875 0.3375 0.3109375 0.275 0.3109375
11 0.1609375 0.728125 0.240625 0.728125 0.240625 0.8078125 0.1609375 0.8078125
6 0.346875 0.83125 0.40625 0.83125 0.40625 0.91875 0.346875 0.91875
6 0.49375 0.721875 0.546875 0.721875 0.546875 0.79375 0.49375 0.79375