0 0.43125 0.4140625 0.503125 0.4140625 0.503125 0.4671875 0.43125 0.4671875
1 0.721875 0.425 0.8609375 0.425 0.8609375 0.4859375 0.721875 0.4859375
4 0.1703125 0.7375 0.2765625 0.7375 0.2765625 0.85625 0.1703125 0.85625
4 0.7046875 0.65 0.8421875 0.65 0.8421875 0.74375 0.7046875 0.74375
2 0.0765625 0.49375 0.1828125 0.49375 0.1828125 0.5546875 0.0765625 0.5546875
2 0.4046875 0.2265625 0.4890625 0.2265625 0.4890625 0.303125 0.4046875 0.303125
5 0.61875 0.496875 0.7125 0.496875 0.7125 0.5515625 0.61875 0.5515625
5 0.7328125 0.353125 0.840625 0.353125 0.840625 0.4109375 0.7328125 0.4109375
7 0.1703125 0.4109375 0.278125 0.4109375 0.278125 0.4828125 0.1703125 0.4828125
7 0.634375 0.2328125 0.7640625 0.2328125 0.7640625 0.321875 0.634375 0.321875
10 0.81875 0.2515625 0.978125 0.2515625 0.978125 0.334375 0.81875 0.334375
10 0.4 0.7296875 0.4890625 0.7296875 0.4890625 0.840625 0.4 0.840625
8 0.3109375 0.3265625 0.39375 0.3265625 0.39375 0.3890625 0.3109375 0.3890625
8 0.41875 0.328125 0.4953125 0.328125 0.4953125 0.3953125 0.41875 0.3953125
8 0.5046875 0.634375 0.5796875 0.634375 0.5796875 0.7140625 0.5046875 0.7140625
11 0.2984375 0.6421875 0.3703125 0.6421875 0.3703125 0.7171875 0.2984375 0.7171875
11 0.5109375 0.575 0.59375 0.575 0.59375 0.640625 0.5109375 0.640625
6 0.05 0.6484375 0.146875 0.6484375 0.146875 0.725 0.05 0.725
6 0.2875 0.496875 0.3578125 0.496875 0.3578125 0.5515625 0.2875 0.5515625