3 0.496875 0.7890625 0.5625 0.7890625 0.5625 0.8515625 0.496875 0.8515625
11 0.490625 0.7015625 0.5703125 0.7015625 0.5703125 0.7796875 0.490625 0.7796875
6 0.4890625 0.5953125 0.5671875 0.5953125 0.5671875 0.671875 0.4890625 0.671875
8 0.484375 0.5125 0.5671875 0.5125 0.5671875 0.5875 0.484375 0.5875
2 0.4828125 0.421875 0.5578125 0.421875 0.5578125 0.49375 0.4828125 0.49375
8 0.58125 0.7578125 0.659375 0.7578125 0.659375 0.8484375 0.58125 0.8484375
10 0.58125 0.6015625 0.6625 0.6015625 0.6625 0.6890625 0.58125 0.6890625
5 0.6015625 0.5046875 0.6625 0.5046875 0.6625 0.565625 0.6015625 0.565625
1 0.5875 0.4234375 0.659375 0.4234375 0.659375 0.49375 0.5875 0.49375
9 0.5671875 0.34375 0.6265625 0.34375 0.6265625 0.403125 0.5671875 0.403125
7 0.6828125 0.784375 0.7703125 0.784375 0.7703125 0.8953125 0.6828125 0.8953125
4 0.6859375 0.690625 0.76875 0.690625 0.76875 0.7796875 0.6859375 0.7796875
8 0.66875 0.6 0.7375 0.6 0.7375 0.678125 0.66875 0.678125
10 0.6640625 0.5140625 0.7390625 0.5140625 0.7390625 0.578125 0.6640625 0.578125
2 0.665625 0.425 0.746875 0.425 0.746875 0.49375 0.665625 0.49375
8 0.659375 0.3453125 0.73125 0.3453125 0.73125 0.409375 0.659375 0.409375
9 0.671875 0.2703125 0.73125 0.2703125 0.73125 0.321875 0.671875 0.321875
3 0.778125 0.7828125 0.840625 0.7828125 0.840625 0.853125 0.778125 0.853125
5 0.7703125 0.6953125 0.8453125 0.6953125 0.8453125 0.7734375 0.7703125 0.7734375
11 0.74375 0.584375 0.8421875 0.584375 0.8421875 0.665625 0.74375 0.665625
6 0.7671875 0.50625 0.8421875 0.50625 0.8421875 0.571875 0.7671875 0.571875
7 0.7546875 0.40625 0.8546875 0.40625 0.8546875 0.4953125 0.7546875 0.4953125
1 0.7515625 0.3140625 0.84375 0.3140625 0.84375 0.3984375 0.7515625 0.3984375
0 0.7578125 0.240625 0.834375 0.240625 0.834375 0.309375 0.7578125 0.309375
4 0.7375 0.1296875 0.834375 0.1296875 0.834375 0.2359375 0.7375 0.2359375