4 0.5015625 0.734375 0.628125 0.734375 0.628125 0.8265625 0.5015625 0.8265625
1 0.2703125 0.725 0.3703125 0.725 0.3703125 0.8296875 0.2703125 0.8296875
1 0.58125 0.55 0.709375 0.55 0.709375 0.6140625 0.58125 0.6140625
5 0.484375 0.54375 0.575 0.54375 0.575 0.6140625 0.484375 0.6140625
5 0.8015625 0.6921875 0.9328125 0.6921875 0.9328125 0.771875 0.8015625 0.771875
2 0.365625 0.56875 0.4625 0.56875 0.4625 0.6375 0.365625 0.6375
7 0.6171875 0.7125 0.7421875 0.7125 0.7421875 0.8078125 0.6171875 0.8078125
8 0.384375 0.6421875 0.478125 0.6421875 0.478125 0.70625 0.384375 0.70625
8 0.1203125 0.5859375 0.2453125 0.5859375 0.2453125 0.653125 0.1203125 0.653125
8 0.7171875 0.7046875 0.8203125 0.7046875 0.8203125 0.7765625 0.7171875 0.7765625
10 0.259375 0.6453125 0.3609375 0.6453125 0.3609375 0.7296875 0.259375 0.7296875
8 0.578125 0.6265625 0.6734375 0.6265625 0.6734375 0.70625 0.578125 0.70625
11 0.159375 0.4984375 0.2609375 0.4984375 0.2609375 0.5640625 0.159375 0.5640625
11 0.403125 0.73125 0.49375 0.73125 0.49375 0.809375 0.403125 0.809375
2 0.484375 0.45625 0.565625 0.45625 0.565625 0.534375 0.484375 0.534375
11 0.1578125 0.49375 0.2625 0.49375 0.2625 0.5625 0.1578125 0.5625
11 0.4046875 0.725 0.496875 0.725 0.496875 0.8125 0.4046875 0.8125
10 0.2578125 0.64375 0.3671875 0.64375 0.3671875 0.73125 0.2578125 0.73125
8 0.1203125 0.584375 0.2484375 0.584375 0.2484375 0.65625 0.1203125 0.65625
8 0.38125 0.6359375 0.484375 0.6359375 0.484375 0.70625 0.38125 0.70625
8 0.578125 0.625 0.6765625 0.625 0.6765625 0.709375 0.578125 0.709375
8 0.715625 0.7015625 0.825 0.7015625 0.825 0.7796875 0.715625 0.7796875
7 0.6140625 0.709375 0.740625 0.709375 0.740625 0.809375 0.6140625 0.809375
4 0.496875 0.734375 0.6296875 0.734375 0.6296875 0.83125 0.496875 0.83125
1 0.5796875 0.5453125 0.7125 0.5453125 0.7125 0.6171875 0.5796875 0.6171875
1 0.265625 0.725 0.375 0.725 0.375 0.83125 0.265625 0.83125
2 0.4859375 0.453125 0.5671875 0.453125 0.5671875 0.5375 0.4859375 0.5375
2 0.365625 0.5640625 0.4640625 0.5640625 0.4640625 0.6390625 0.365625 0.6390625
5 0.484375 0.5453125 0.5765625 0.5453125 0.5765625 0.6171875 0.484375 0.6171875
5 0.7953125 0.6890625 0.9359375 0.6890625 0.9359375 0.771875 0.7953125 0.771875