0 0.278125 0.51875 0.3546875 0.51875 0.3546875 0.6 0.278125 0.6
1 0.359375 0.6375 0.4234375 0.6375 0.4234375 0.759375 0.359375 0.759375
1 0.165625 0.409375 0.29375 0.409375 0.29375 0.50625 0.165625 0.50625
2 0.1796875 0.83125 0.2765625 0.83125 0.2765625 0.9640625 0.1796875 0.9640625
2 0.365625 0.5359375 0.434375 0.5359375 0.434375 0.6390625 0.365625 0.6390625
3 0.2953125 0.06875 0.3484375 0.06875 0.3484375 0.159375 0.2953125 0.159375
3 0.38125 0.0921875 0.434375 0.0921875 0.434375 0.1703125 0.38125 0.1703125
4 0.2625 0.30625 0.353125 0.30625 0.353125 0.384375 0.2625 0.384375
4 0.175 0.60625 0.2765625 0.60625 0.2765625 0.734375 0.175 0.734375
5 0.4578125 0.390625 0.51875 0.390625 0.51875 0.471875 0.4578125 0.471875
5 0.3765625 0.4015625 0.4359375 0.4015625 0.4359375 0.4796875 0.3765625 0.4796875
6 0.175 0.1953125 0.25625 0.1953125 0.25625 0.284375 0.175 0.284375
7 0.45 0.196875 0.53125 0.196875 0.53125 0.3125 0.45 0.3125
8 0.4375 0.7171875 0.509375 0.7171875 0.509375 0.84375 0.4375 0.84375
8 0.3625 0.8140625 0.4421875 0.8140625 0.4421875 0.940625 0.3625 0.940625
8 0.2765625 0.73125 0.35625 0.73125 0.35625 0.8453125 0.2765625 0.8453125
8 0.521875 0.4375 0.59375 0.4375 0.59375 0.540625 0.521875 0.540625
6 0.4609375 0.528125 0.525 0.528125 0.525 0.615625 0.4609375 0.615625
9 0.2125 0.3140625 0.271875 0.3140625 0.271875 0.390625 0.2125 0.390625
9 0.275 0.628125 0.3390625 0.628125 0.3390625 0.71875 0.275 0.71875
10 0.3765625 0.1625 0.446875 0.1625 0.446875 0.2734375 0.3765625 0.2734375
10 0.275 0.1765625 0.35625 0.1765625 0.35625 0.2734375 0.275 0.2734375
11 0.44375 0.08125 0.503125 0.08125 0.503125 0.1953125 0.44375 0.1953125
11 0.3640625 0.328125 0.4359375 0.328125 0.4359375 0.4125 0.3640625 0.4125