11 0.190625 0.778125 0.28125 0.778125 0.28125 0.8796875 0.190625 0.8796875
11 0.103125 0.384375 0.2 0.384375 0.2 0.45625 0.103125 0.45625
10 0.190625 0.6859375 0.303125 0.6859375 0.303125 0.7984375 0.190625 0.7984375
10 0.2984375 0.778125 0.3953125 0.778125 0.3953125 0.9109375 0.2984375 0.9109375
9 0.5265625 0.2984375 0.5875 0.2984375 0.5875 0.36875 0.5265625 0.36875
9 0.521875 0.4 0.584375 0.4 0.584375 0.4625 0.521875 0.4625
9 0.425 0.5 0.4875 0.5 0.4875 0.5640625 0.425 0.5640625
9 0.4359375 0.30625 0.4984375 0.30625 0.4984375 0.36875 0.4359375 0.36875
8 0.228125 0.2890625 0.3171875 0.2890625 0.3171875 0.3734375 0.228125 0.3734375
8 0.0984375 0.7875 0.1984375 0.7875 0.1984375 0.8921875 0.0984375 0.8921875
8 0.3421875 0.284375 0.41875 0.284375 0.41875 0.36875 0.3421875 0.36875
8 0.4296875 0.6859375 0.50625 0.6859375 0.50625 0.7828125 0.4296875 0.7828125
7 0.315625 0.3875 0.41875 0.3875 0.41875 0.4671875 0.315625 0.4671875
7 0.4125 0.7890625 0.509375 0.7890625 0.509375 0.921875 0.4125 0.921875
6 0.2109375 0.1484375 0.2984375 0.1484375 0.2984375 0.2359375 0.2109375 0.2359375
6 0.0875 0.2765625 0.1890625 0.2765625 0.1890625 0.3546875 0.0875 0.3546875
6 0.415625 0.59375 0.490625 0.59375 0.490625 0.6703125 0.415625 0.6703125
6 0.09375 0.5921875 0.190625 0.5921875 0.190625 0.6703125 0.09375 0.6703125
5 0.2078125 0.0421875 0.296875 0.0421875 0.296875 0.1484375 0.2078125 0.1484375
5 0.0984375 0.0421875 0.2 0.0421875 0.2 0.146875 0.0984375 0.146875
5 0.196875 0.6078125 0.2890625 0.6078125 0.2890625 0.69375 0.196875 0.69375
5 0.3125 0.15625 0.3921875 0.15625 0.3921875 0.2453125 0.3125 0.2453125
0 0.3078125 0.7015625 0.390625 0.7015625 0.390625 0.7921875 0.3078125 0.7921875
4 0.303125 0.5953125 0.4 0.5953125 0.4 0.7125 0.303125 0.7125
4 0.3015625 0.490625 0.4015625 0.490625 0.4015625 0.575 0.3015625 0.575
0 0.3328125 0.05625 0.4140625 0.05625 0.4140625 0.1625 0.3328125 0.1625
1 0.1875 0.38125 0.3046875 0.38125 0.3046875 0.4734375 0.1875 0.4734375
2 0.203125 0.4875 0.2984375 0.4875 0.2984375 0.56875 0.203125 0.56875
0 0.0734375 0.675 0.1859375 0.675 0.1859375 0.771875 0.0734375 0.771875
2 0.09375 0.49375 0.196875 0.49375 0.196875 0.5828125 0.09375 0.5828125
1 0.0546875 0.14375 0.190625 0.14375 0.190625 0.265625 0.0546875 0.265625