3 0.7671875 0.34375 0.840625 0.34375 0.840625 0.4109375 0.7671875 0.4109375
3 0.775 0.45 0.85 0.45 0.85 0.5140625 0.775 0.5140625
3 0.775 0.709375 0.853125 0.709375 0.853125 0.7765625 0.775 0.7765625
3 0.753125 0.8203125 0.8265625 0.8203125 0.8265625 0.903125 0.753125 0.903125
3 0.678125 0.2515625 0.746875 0.2515625 0.746875 0.31875 0.678125 0.31875
3 0.675 0.54375 0.7453125 0.54375 0.7453125 0.6125 0.675 0.6125
3 0.5609375 0.64375 0.6296875 0.64375 0.6296875 0.7125 0.5609375 0.7125
3 0.4875 0.14375 0.5515625 0.14375 0.5515625 0.2234375 0.4875 0.2234375
3 0.478125 0.5546875 0.5453125 0.5546875 0.5453125 0.6140625 0.478125 0.6140625
3 0.3734375 0.2171875 0.4375 0.2171875 0.4375 0.29375 0.3734375 0.29375
3 0.28125 0.1296875 0.35 0.1296875 0.35 0.2125 0.28125 0.2125
3 0.2921875 0.6390625 0.3546875 0.6390625 0.3546875 0.7015625 0.2921875 0.7015625
3 0.278125 0.8359375 0.340625 0.8359375 0.340625 0.91875 0.278125 0.91875
3 0.2203125 0.3421875 0.2859375 0.3421875 0.2859375 0.4109375 0.2203125 0.4109375
3 0.065625 0.35 0.14375 0.35 0.14375 0.41875 0.065625 0.41875
9 0.0765625 0.1203125 0.1578125 0.1203125 0.1578125 0.203125 0.0765625 0.203125
9 0.08125 0.5453125 0.1484375 0.5453125 0.1484375 0.61875 0.08125 0.61875
9 0.0625 0.84375 0.140625 0.84375 0.140625 0.9375 0.0625 0.9375
9 0.196875 0.55 0.26875 0.55 0.26875 0.6265625 0.196875 0.6265625
9 0.2859375 0.5265625 0.3546875 0.5265625 0.3546875 0.5921875 0.2859375 0.5921875
9 0.4078125 0.7234375 0.4671875 0.7234375 0.4671875 0.796875 0.4078125 0.796875
9 0.3859375 0.525 0.4546875 0.525 0.4546875 0.590625 0.3859375 0.590625
9 0.3859375 0.353125 0.45 0.353125 0.45 0.4171875 0.3859375 0.4171875
9 0.484375 0.446875 0.546875 0.446875 0.546875 0.5078125 0.484375 0.5078125
9 0.484375 0.834375 0.553125 0.834375 0.553125 0.915625 0.484375 0.915625
9 0.596875 0.8359375 0.659375 0.8359375 0.659375 0.9203125 0.596875 0.9203125
9 0.58125 0.7390625 0.64375 0.7390625 0.64375 0.8125 0.58125 0.8125
9 0.590625 0.240625 0.6546875 0.240625 0.6546875 0.309375 0.590625 0.309375
9 0.6703125 0.1296875 0.7390625 0.1296875 0.7390625 0.2078125 0.6703125 0.2078125
9 0.7765625 0.546875 0.8546875 0.546875 0.8546875 0.60625 0.7765625 0.60625