11 0.765625 0.759375 0.8421875 0.759375 0.8421875 0.865625 0.765625 0.865625
11 0.490625 0.040625 0.5484375 0.040625 0.5484375 0.15 0.490625 0.15
10 0.221875 0.1171875 0.309375 0.1171875 0.309375 0.2515625 0.221875 0.2515625
8 0.34375 0.603125 0.415625 0.603125 0.415625 0.70625 0.34375 0.70625
8 0.590625 0.4578125 0.6625 0.4578125 0.6625 0.55 0.590625 0.55
8 0.5 0.284375 0.5671875 0.284375 0.5671875 0.3640625 0.5 0.3640625
8 0.4890625 0.159375 0.5515625 0.159375 0.5515625 0.259375 0.4890625 0.259375
7 0.5859375 0.575 0.6734375 0.575 0.6734375 0.684375 0.5859375 0.684375
1 0.5046875 0.58125 0.5765625 0.58125 0.5765625 0.6953125 0.5046875 0.6953125
2 0.221875 0.30625 0.30625 0.30625 0.30625 0.39375 0.221875 0.39375
2 0.3125 0.153125 0.378125 0.153125 0.378125 0.2625 0.3125 0.2625
5 0.7375 0.26875 0.821875 0.26875 0.821875 0.3625 0.7375 0.3625
5 0.396875 0.284375 0.459375 0.284375 0.459375 0.36875 0.396875 0.36875
4 0.4140625 0.484375 0.4796875 0.484375 0.4796875 0.578125 0.4140625 0.578125
1 0.515625 0.39375 0.5828125 0.39375 0.5828125 0.4765625 0.515625 0.4765625