8 0.1671875 0.7140625 0.2640625 0.7140625 0.2640625 0.8046875 0.1671875 0.8046875
11 0.078125 0.8015625 0.175 0.8015625 0.175 0.9015625 0.078125 0.9015625
11 0.403125 0.50625 0.471875 0.50625 0.471875 0.5796875 0.403125 0.5796875
10 0.6671875 0.48125 0.7765625 0.48125 0.7765625 0.56875 0.6671875 0.56875
7 0.75625 0.0671875 0.88125 0.0671875 0.88125 0.1953125 0.75625 0.1953125
5 0.578125 0.3015625 0.65625 0.3015625 0.65625 0.3796875 0.578125 0.3796875
2 0.4953125 0.425 0.5671875 0.425 0.5671875 0.5 0.4953125 0.5
2 0.371875 0.31875 0.4453125 0.31875 0.4453125 0.3984375 0.371875 0.3984375
4 0.1375 0.3046875 0.253125 0.3046875 0.253125 0.3984375 0.1375 0.3984375
4 0.7796875 0.7984375 0.9125 0.7984375 0.9125 0.9265625 0.7796875 0.9265625
1 0.1375 0.503125 0.2578125 0.503125 0.2578125 0.590625 0.1375 0.590625