0 0.290625 0.06875 0.3703125 0.06875 0.3703125 0.16875 0.290625 0.16875
1 0.371875 0.0640625 0.459375 0.0640625 0.459375 0.1921875 0.371875 0.1921875
1 0.375 0.371875 0.459375 0.371875 0.459375 0.4546875 0.375 0.4546875
2 0.478125 0.378125 0.55 0.378125 0.55 0.4578125 0.478125 0.4578125
2 0.496875 0.184375 0.575 0.184375 0.575 0.271875 0.496875 0.271875
3 0.8734375 0.2984375 0.9484375 0.2984375 0.9484375 0.3828125 0.8734375 0.3828125
3 0.7953125 0.078125 0.8671875 0.078125 0.8671875 0.1625 0.7953125 0.1625
4 0.78125 0.153125 0.89375 0.153125 0.89375 0.2625 0.78125 0.2625
4 0.16875 0.0640625 0.2828125 0.0640625 0.2828125 0.1921875 0.16875 0.1921875
5 0.590625 0.384375 0.66875 0.384375 0.66875 0.4546875 0.590625 0.4546875
6 0.5796875 0.1765625 0.646875 0.1765625 0.646875 0.2640625 0.5796875 0.2640625
6 0.675 0.3984375 0.759375 0.3984375 0.759375 0.4703125 0.675 0.4703125
11 0.85625 0.371875 0.953125 0.371875 0.953125 0.4546875 0.85625 0.4546875
11 0.5796875 0.0640625 0.6546875 0.0640625 0.6546875 0.178125 0.5796875 0.178125
10 0.678125 0.1640625 0.778125 0.1640625 0.778125 0.278125 0.678125 0.278125
10 0.6765625 0.2640625 0.7703125 0.2640625 0.7703125 0.3671875 0.6765625 0.3671875
9 0.3921875 0.3078125 0.4546875 0.3078125 0.4546875 0.3734375 0.3921875 0.3734375
9 0.321875 0.1890625 0.38125 0.1890625 0.38125 0.2640625 0.321875 0.2640625
8 0.39375 0.19375 0.4765625 0.19375 0.4765625 0.284375 0.39375 0.284375
8 0.4921875 0.29375 0.5625 0.29375 0.5625 0.375 0.4921875 0.375
8 0.5703125 0.296875 0.6578125 0.296875 0.6578125 0.371875 0.5703125 0.371875
7 0.8796875 0.140625 1 0.140625 1 0.26875 0.8796875 0.26875
7 0.46875 0.05 0.5453125 0.05 0.5453125 0.178125 0.46875 0.178125
8 0.796875 0.265625 0.878125 0.265625 0.878125 0.35625 0.796875 0.35625