7 0.0890625 0.5703125 0.2234375 0.5703125 0.2234375 0.6453125 0.0890625 0.6453125
8 0.10625 0.425 0.21875 0.425 0.21875 0.48125 0.10625 0.48125
8 0.178125 0.33125 0.28125 0.33125 0.28125 0.3875 0.178125 0.3875
2 0.5265625 0.403125 0.6015625 0.403125 0.6015625 0.4578125 0.5265625 0.4578125
1 0.384375 0.21875 0.4828125 0.21875 0.4828125 0.3078125 0.384375 0.3078125
4 0.3109375 0.559375 0.4171875 0.559375 0.4171875 0.63125 0.3109375 0.63125
5 0.084375 0.2609375 0.1875 0.2609375 0.1875 0.3265625 0.084375 0.3265625
8 0.840625 0.2265625 0.946875 0.2265625 0.946875 0.2921875 0.840625 0.2921875
8 0.85 0.3875 0.9484375 0.3875 0.9484375 0.446875 0.85 0.446875
1 0.85625 0.5484375 0.984375 0.5484375 0.984375 0.6234375 0.85625 0.6234375
5 0.8484375 0.7734375 0.9421875 0.7734375 0.9421875 0.8609375 0.8484375 0.8609375
2 0.6359375 0.70625 0.715625 0.70625 0.715625 0.78125 0.6359375 0.78125
10 0.4375 0.771875 0.53125 0.771875 0.53125 0.884375 0.4375 0.884375
11 0.4375 0.696875 0.5171875 0.696875 0.5171875 0.76875 0.4375 0.76875
11 0.2390625 0.725 0.328125 0.725 0.328125 0.8015625 0.2390625 0.8015625