5 0.71875 0.325 0.7890625 0.325 0.7890625 0.421875 0.71875 0.421875
5 0.475 0.640625 0.5421875 0.640625 0.5421875 0.7296875 0.475 0.7296875
2 0.70625 0.653125 0.7890625 0.653125 0.7890625 0.746875 0.70625 0.746875
2 0.265625 0.628125 0.340625 0.628125 0.340625 0.725 0.265625 0.725
1 0.409375 0.334375 0.484375 0.334375 0.484375 0.43125 0.409375 0.43125
1 0.55625 0.534375 0.6265625 0.534375 0.6265625 0.63125 0.55625 0.63125
4 0.7171875 0.85 0.8109375 0.85 0.8109375 0.98125 0.7171875 0.98125
8 0.565625 0.846875 0.63125 0.846875 0.63125 0.96875 0.565625 0.96875
8 0.721875 0.44375 0.8 0.44375 0.8 0.534375 0.721875 0.534375
8 0.64375 0.4546875 0.71875 0.4546875 0.71875 0.5375 0.64375 0.5375
8 0.490625 0.1640625 0.5578125 0.1640625 0.5578125 0.2609375 0.490625 0.2609375
11 0.328125 0.7421875 0.409375 0.7421875 0.409375 0.8453125 0.328125 0.8453125
11 0.646875 0.13125 0.7234375 0.13125 0.7234375 0.246875 0.646875 0.246875
10 0.4875 0.3421875 0.565625 0.3421875 0.565625 0.4484375 0.4875 0.4484375
7 0.6359375 0.234375 0.7296875 0.234375 0.7296875 0.353125 0.6359375 0.353125