5 0.3296875 0.26875 0.39375 0.26875 0.39375 0.334375 0.3296875 0.334375
5 0.6046875 0.4828125 0.6890625 0.4828125 0.6890625 0.54375 0.6046875 0.54375
1 0.4046875 0.6375 0.4796875 0.6375 0.4796875 0.7046875 0.4046875 0.7046875
1 0.515625 0.340625 0.6125 0.340625 0.6125 0.415625 0.515625 0.415625
2 0.103125 0.6375 0.196875 0.6375 0.196875 0.7171875 0.103125 0.7171875
2 0.6875 0.5625 0.778125 0.5625 0.778125 0.6296875 0.6875 0.6296875
11 0.3078125 0.63125 0.3875 0.63125 0.3875 0.6984375 0.3078125 0.6984375
11 0.4125 0.428125 0.478125 0.428125 0.478125 0.4859375 0.4125 0.4859375
10 0.1921875 0.4734375 0.29375 0.4734375 0.29375 0.5578125 0.1921875 0.5578125
8 0.7765625 0.1953125 0.8609375 0.1953125 0.8609375 0.2796875 0.7765625 0.2796875
8 0.0875 0.7296875 0.1796875 0.7296875 0.1796875 0.815625 0.0875 0.815625
8 0.5015625 0.6421875 0.571875 0.6421875 0.571875 0.709375 0.5015625 0.709375
8 0.78125 0.7109375 0.8875 0.7109375 0.8875 0.78125 0.78125 0.78125
7 0.3953125 0.7125 0.4875 0.7125 0.4875 0.8015625 0.3953125 0.8015625
4 0.0890625 0.1453125 0.196875 0.1453125 0.196875 0.25625 0.0890625 0.25625