2 0.115625 0.646875 0.209375 0.646875 0.209375 0.7234375 0.115625 0.7234375
2 0.4234375 0.4109375 0.5140625 0.4109375 0.5140625 0.478125 0.4234375 0.478125
1 0.2875 0.653125 0.403125 0.653125 0.403125 0.75 0.2875 0.75
1 0.8375 0.73125 0.971875 0.73125 0.971875 0.8453125 0.8375 0.8453125
0 0.7140625 0.503125 0.8109375 0.503125 0.8109375 0.565625 0.7140625 0.565625
3 0.828125 0.828125 0.9125 0.828125 0.9125 0.9078125 0.828125 0.9078125
3 0.4015625 0.7328125 0.478125 0.7328125 0.478125 0.8015625 0.4015625 0.8015625
4 0.6109375 0.3203125 0.7046875 0.3203125 0.7046875 0.3984375 0.6109375 0.3984375
4 0.1625 0.503125 0.290625 0.503125 0.290625 0.578125 0.1625 0.578125
5 0.1890625 0.2546875 0.290625 0.2546875 0.290625 0.3296875 0.1890625 0.3296875
5 0.0625 0.24375 0.178125 0.24375 0.178125 0.325 0.0625 0.325
8 0.725 0.6625 0.8140625 0.6625 0.8140625 0.75625 0.725 0.75625
8 0.50625 0.74375 0.6 0.74375 0.6 0.834375 0.50625 0.834375
8 0.4203125 0.5828125 0.4984375 0.5828125 0.4984375 0.6578125 0.4203125 0.6578125
8 0.85 0.234375 0.959375 0.234375 0.959375 0.31875 0.85 0.31875
6 0.0921875 0.8015625 0.1984375 0.8015625 0.1984375 0.890625 0.0921875 0.890625
6 0.0875 0.4328125 0.196875 0.4328125 0.196875 0.4953125 0.0875 0.4953125
11 0.521875 0.5125 0.609375 0.5125 0.609375 0.5671875 0.521875 0.5671875
11 0.284375 0.325 0.3859375 0.325 0.3859375 0.40625 0.284375 0.40625
10 0.5015625 0.25 0.5984375 0.25 0.5984375 0.3421875 0.5015625 0.3421875
10 0.1875 0.73125 0.31875 0.73125 0.31875 0.828125 0.1875 0.828125
7 0.6171875 0.6515625 0.7171875 0.6515625 0.7171875 0.7578125 0.6171875 0.7578125
7 0.8234375 0.4015625 0.9546875 0.4015625 0.9546875 0.4828125 0.8234375 0.4828125
9 0.6421875 0.4 0.7078125 0.4 0.7078125 0.4703125 0.6421875 0.4703125
9 0.425 0.25625 0.4953125 0.25625 0.4953125 0.328125 0.425 0.328125