3 0.175 0.80625 0.24375 0.80625 0.24375 0.88125 0.175 0.88125
3 0.259375 0.609375 0.33125 0.609375 0.33125 0.66875 0.259375 0.66875
3 0.3546875 0.725 0.4265625 0.725 0.4265625 0.79375 0.3546875 0.79375
3 0.353125 0.634375 0.415625 0.634375 0.415625 0.6921875 0.353125 0.6921875
3 0.359375 0.534375 0.421875 0.534375 0.421875 0.6 0.359375 0.6
3 0.5421875 0.35625 0.6078125 0.35625 0.6078125 0.425 0.5421875 0.425
3 0.6421875 0.175 0.6984375 0.175 0.6984375 0.25 0.6421875 0.25
3 0.715625 0.3359375 0.790625 0.3359375 0.790625 0.3984375 0.715625 0.3984375
3 0.715625 0.534375 0.784375 0.534375 0.784375 0.590625 0.715625 0.590625
3 0.634375 0.7125 0.6921875 0.7125 0.6921875 0.775 0.634375 0.775
3 0.6140625 0.809375 0.68125 0.809375 0.68125 0.8921875 0.6140625 0.8921875
3 0.828125 0.146875 0.903125 0.146875 0.903125 0.221875 0.828125 0.221875
3 0.184375 0.16875 0.2609375 0.16875 0.2609375 0.25 0.184375 0.25
3 0.54375 0.5375 0.5953125 0.5375 0.5953125 0.59375 0.54375 0.59375
3 0.5453125 0.634375 0.596875 0.634375 0.596875 0.6875 0.5453125 0.6875
9 0.3640625 0.1703125 0.425 0.1703125 0.425 0.240625 0.3640625 0.240625
9 0.353125 0.3546875 0.409375 0.3546875 0.409375 0.409375 0.353125 0.409375
9 0.359375 0.4546875 0.421875 0.4546875 0.421875 0.5109375 0.359375 0.5109375
9 0.434375 0.4546875 0.490625 0.4546875 0.490625 0.5109375 0.434375 0.5109375
9 0.44375 0.2703125 0.50625 0.2703125 0.50625 0.3359375 0.44375 0.3359375
9 0.4546875 0.73125 0.5109375 0.73125 0.5109375 0.796875 0.4546875 0.796875
9 0.634375 0.5390625 0.690625 0.5390625 0.690625 0.5953125 0.634375 0.5953125
9 0.715625 0.63125 0.775 0.63125 0.775 0.684375 0.715625 0.684375
9 0.715625 0.4453125 0.78125 0.4453125 0.78125 0.4984375 0.715625 0.4984375
9 0.5390625 0.259375 0.6015625 0.259375 0.6015625 0.3171875 0.5390625 0.3171875
9 0.70625 0.2625 0.771875 0.2625 0.771875 0.31875 0.70625 0.31875
9 0.8125 0.33125 0.8828125 0.33125 0.8828125 0.3875 0.8125 0.3875
9 0.828125 0.2421875 0.8984375 0.2421875 0.8984375 0.3078125 0.828125 0.3078125
9 0.81875 0.440625 0.890625 0.440625 0.890625 0.496875 0.81875 0.496875
9 0.8078125 0.521875 0.884375 0.521875 0.884375 0.58125 0.8078125 0.58125