2 0.6828125 0.3484375 0.7703125 0.3484375 0.7703125 0.4171875 0.6828125 0.4171875
2 0.2109375 0.51875 0.30625 0.51875 0.30625 0.584375 0.2109375 0.584375
1 0.0828125 0.728125 0.215625 0.728125 0.215625 0.83125 0.0828125 0.83125
4 0.090625 0.51875 0.2109375 0.51875 0.2109375 0.5875 0.090625 0.5875
4 0.675 0.4984375 0.7859375 0.4984375 0.7859375 0.5609375 0.675 0.5609375
1 0.4046875 0.5015625 0.4984375 0.5015625 0.4984375 0.5671875 0.4046875 0.5671875
0 0.5140625 0.69375 0.6 0.69375 0.6 0.7859375 0.5140625 0.7859375
5 0.40625 0.2921875 0.4828125 0.2921875 0.4828125 0.3640625 0.40625 0.3640625
5 0.775 0.428125 0.86875 0.428125 0.86875 0.4890625 0.775 0.4890625
7 0.5703125 0.1953125 0.665625 0.1953125 0.665625 0.296875 0.5703125 0.296875
8 0.0890625 0.3875 0.209375 0.3875 0.209375 0.4515625 0.0890625 0.4515625
8 0.2953125 0.3734375 0.390625 0.3734375 0.390625 0.43125 0.2953125 0.43125
8 0.7734375 0.56875 0.8859375 0.56875 0.8859375 0.6296875 0.7734375 0.6296875
10 0.503125 0.571875 0.5875 0.571875 0.5875 0.6375 0.503125 0.6375
10 0.3109375 0.7140625 0.4109375 0.7140625 0.4109375 0.809375 0.3109375 0.809375
8 0.696875 0.690625 0.796875 0.690625 0.796875 0.7734375 0.696875 0.7734375