0 0.534375 0.43125 0.5859375 0.43125 0.5859375 0.5015625 0.534375 0.5015625
1 0.515625 0.721875 0.575 0.721875 0.575 0.859375 0.515625 0.859375
4 0.1453125 0.171875 0.2609375 0.171875 0.2609375 0.275 0.1453125 0.275
4 0.2578125 0.7046875 0.3515625 0.7046875 0.3515625 0.840625 0.2578125 0.840625
2 0.4453125 0.078125 0.50625 0.078125 0.50625 0.18125 0.4453125 0.18125
2 0.696875 0.40625 0.7734375 0.40625 0.7734375 0.4875 0.696875 0.4875
5 0.4484375 0.61875 0.5046875 0.61875 0.5046875 0.7125 0.4484375 0.7125
5 0.5890625 0.73125 0.646875 0.73125 0.646875 0.840625 0.5890625 0.840625
7 0.5171875 0.16875 0.5890625 0.16875 0.5890625 0.278125 0.5171875 0.278125
7 0.6796875 0.634375 0.7671875 0.634375 0.7671875 0.7625 0.6796875 0.7625
10 0.6671875 0.81875 0.75 0.81875 0.75 0.9765625 0.6671875 0.9765625
10 0.159375 0.4 0.2703125 0.4 0.2703125 0.4875 0.159375 0.4875
8 0.6109375 0.3125 0.6734375 0.3125 0.6734375 0.3921875 0.6109375 0.3921875
8 0.60625 0.41875 0.671875 0.41875 0.671875 0.49375 0.60625 0.49375
8 0.2875 0.5046875 0.365625 0.5046875 0.365625 0.5796875 0.2875 0.5796875
11 0.284375 0.2984375 0.3578125 0.2984375 0.3578125 0.3703125 0.284375 0.3703125
11 0.359375 0.5125 0.425 0.5125 0.425 0.5921875 0.359375 0.5921875
6 0.275 0.0515625 0.353125 0.0515625 0.353125 0.146875 0.275 0.146875
6 0.4484375 0.2875 0.5046875 0.2875 0.5046875 0.35625 0.4484375 0.35625