5 0.725 0.08125 0.815625 0.08125 0.815625 0.20625 0.725 0.20625
8 0.73125 0.303125 0.828125 0.303125 0.828125 0.396875 0.73125 0.396875
8 0.728125 0.5984375 0.821875 0.5984375 0.821875 0.6921875 0.728125 0.6921875
4 0.7640625 0.7015625 0.8484375 0.7015625 0.8484375 0.8171875 0.7640625 0.8171875
1 0.6703125 0.7078125 0.7578125 0.7078125 0.7578125 0.8234375 0.6703125 0.8234375
7 0.65625 0.825 0.740625 0.825 0.740625 0.940625 0.65625 0.940625
2 0.653125 0.303125 0.7140625 0.303125 0.7140625 0.40625 0.653125 0.40625
11 0.5796875 0.071875 0.64375 0.071875 0.64375 0.178125 0.5796875 0.178125
8 0.575 0.4140625 0.64375 0.4140625 0.64375 0.5015625 0.575 0.5015625
4 0.5265625 0.8125 0.5921875 0.8125 0.5921875 0.959375 0.5265625 0.959375
3 0.5140625 0.340625 0.5671875 0.340625 0.5671875 0.4 0.5140625 0.4
6 0.4296875 0.509375 0.5046875 0.509375 0.5046875 0.6109375 0.4296875 0.6109375
2 0.425 0.309375 0.490625 0.309375 0.490625 0.4171875 0.425 0.4171875
1 0.434375 0.1984375 0.503125 0.1984375 0.503125 0.3015625 0.434375 0.3015625
10 0.428125 0.05625 0.484375 0.05625 0.484375 0.1859375 0.428125 0.1859375
10 0.3515625 0.796875 0.4390625 0.796875 0.4390625 0.94375 0.3515625 0.94375
8 0.359375 0.61875 0.41875 0.61875 0.41875 0.7125 0.359375 0.7125
5 0.346875 0.09375 0.4125 0.09375 0.4125 0.1953125 0.346875 0.1953125
5 0.278125 0.3109375 0.34375 0.3109375 0.34375 0.4171875 0.278125 0.4171875
0 0.2578125 0.109375 0.3234375 0.109375 0.3234375 0.2 0.2578125 0.2
7 0.175 0.8078125 0.28125 0.8078125 0.28125 0.9453125 0.175 0.9453125
6 0.20625 0.51875 0.271875 0.51875 0.271875 0.615625 0.20625 0.615625
5 0.1703125 0.43125 0.2546875 0.43125 0.2546875 0.5109375 0.1703125 0.5109375
9 0.178125 0.321875 0.24375 0.321875 0.24375 0.39375 0.178125 0.39375
0 0.1578125 0.215625 0.2453125 0.215625 0.2453125 0.303125 0.1578125 0.303125