4 0.0640625 0.1625 0.190625 0.1625 0.190625 0.2796875 0.0640625 0.2796875
9 0.2125 0.2046875 0.284375 0.2046875 0.284375 0.2703125 0.2125 0.2703125
0 0.2046875 0.496875 0.2890625 0.496875 0.2890625 0.5640625 0.2046875 0.5640625
1 0.1765625 0.6875 0.2875 0.6875 0.2875 0.784375 0.1765625 0.784375
1 0.184375 0.7921875 0.290625 0.7921875 0.290625 0.8984375 0.184375 0.8984375
8 0.0984375 0.775 0.19375 0.775 0.19375 0.871875 0.0984375 0.871875
6 0.40625 0.7796875 0.478125 0.7796875 0.478125 0.8703125 0.40625 0.8703125
5 0.50625 0.775 0.5796875 0.775 0.5796875 0.8765625 0.50625 0.8765625
5 0.4140625 0.678125 0.4828125 0.678125 0.4828125 0.7609375 0.4140625 0.7609375
2 0.50625 0.678125 0.58125 0.678125 0.58125 0.765625 0.50625 0.765625
6 0.4171875 0.5890625 0.4796875 0.5890625 0.4796875 0.6546875 0.4171875 0.6546875
4 0.515625 0.5828125 0.5921875 0.5828125 0.5921875 0.6703125 0.515625 0.6703125
6 0.5125 0.5015625 0.578125 0.5015625 0.578125 0.5734375 0.5125 0.5734375
8 0.5125 0.0734375 0.590625 0.0734375 0.590625 0.1828125 0.5125 0.1828125
11 0.6234375 0.171875 0.70625 0.171875 0.70625 0.2703125 0.6234375 0.2703125
9 0.5984375 0.2859375 0.6578125 0.2859375 0.6578125 0.3578125 0.5984375 0.3578125
9 0.521875 0.396875 0.584375 0.396875 0.584375 0.4609375 0.521875 0.4609375
7 0.60625 0.4703125 0.7015625 0.4703125 0.7015625 0.5640625 0.60625 0.5640625
7 0.7140625 0.46875 0.8203125 0.46875 0.8203125 0.5625 0.7140625 0.5625
0 0.7078125 0.578125 0.79375 0.578125 0.79375 0.6484375 0.7078125 0.6484375
8 0.6140625 0.5875 0.6953125 0.5875 0.6953125 0.6625 0.6140625 0.6625
8 0.7046875 0.6640625 0.7921875 0.6640625 0.7921875 0.75625 0.7046875 0.75625
6 0.6234375 0.6734375 0.6984375 0.6734375 0.6984375 0.75 0.6234375 0.75
11 0.6234375 0.7859375 0.709375 0.7859375 0.709375 0.8734375 0.6234375 0.8734375
0 0.728125 0.7734375 0.8203125 0.7734375 0.8203125 0.8625 0.728125 0.8625
9 0.8171875 0.778125 0.9046875 0.778125 0.9046875 0.84375 0.8171875 0.84375
5 0.825 0.6640625 0.9328125 0.6640625 0.9328125 0.7578125 0.825 0.7578125
10 0.8140625 0.5703125 0.9390625 0.5703125 0.9390625 0.6578125 0.8140625 0.6578125
10 0.8234375 0.4453125 0.95 0.4453125 0.95 0.54375 0.8234375 0.54375
2 0.7953125 0.2671875 0.8953125 0.2671875 0.8953125 0.3640625 0.7953125 0.3640625
5 0.69375 0.08125 0.7765625 0.08125 0.7765625 0.184375 0.69375 0.184375