1 0.5234375 0.5390625 0.6875 0.5390625 0.6875 0.690625 0.5234375 0.690625
1 0.3046875 0.28125 0.48125 0.28125 0.48125 0.4078125 0.3046875 0.4078125
2 0.6796875 0.121875 0.875 0.121875 0.875 0.253125 0.6796875 0.253125
2 0.4921875 0.15 0.6390625 0.15 0.6390625 0.2796875 0.4921875 0.2796875
4 0.6984375 0.409375 0.9296875 0.409375 0.9296875 0.5125 0.6984375 0.5125
5 0.3078125 0.14375 0.4703125 0.14375 0.4703125 0.275 0.3078125 0.275
5 0.1546875 0.4375 0.3375 0.4375 0.3375 0.5421875 0.1546875 0.5421875
7 0.08125 0.278125 0.3140625 0.278125 0.3140625 0.4140625 0.08125 0.4140625
8 0.68125 0.2921875 0.8640625 0.2921875 0.8640625 0.3984375 0.68125 0.3984375
8 0.709375 0.55 0.8953125 0.55 0.8953125 0.6703125 0.709375 0.6703125
8 0.1625 0.5515625 0.346875 0.5515625 0.346875 0.6671875 0.1625 0.6671875
8 0.35625 0.434375 0.5015625 0.434375 0.5015625 0.5375 0.35625 0.5375
10 0.4875 0.2859375 0.640625 0.2859375 0.640625 0.4109375 0.4875 0.4109375
11 0.54375 0.4296875 0.678125 0.4296875 0.678125 0.5265625 0.54375 0.5265625
11 0.371875 0.565625 0.5078125 0.565625 0.5078125 0.6921875 0.371875 0.6921875