4 0.7875 0.690625 0.9125 0.690625 0.9125 0.80625 0.7875 0.80625
9 0.6984375 0.696875 0.7640625 0.696875 0.7640625 0.771875 0.6984375 0.771875
11 0.7703125 0.5109375 0.8640625 0.5109375 0.8640625 0.5875 0.7703125 0.5875
1 0.6921875 0.403125 0.8 0.403125 0.8 0.48125 0.6921875 0.48125
0 0.7703125 0.3234375 0.8640625 0.3234375 0.8640625 0.3890625 0.7703125 0.3890625
2 0.76875 0.2015625 0.871875 0.2015625 0.871875 0.2765625 0.76875 0.2765625
8 0.7546875 0.0875 0.85625 0.0875 0.85625 0.18125 0.7546875 0.18125
11 0.56875 0.0921875 0.653125 0.0921875 0.653125 0.1984375 0.56875 0.1984375
8 0.575 0.2109375 0.653125 0.2109375 0.653125 0.2984375 0.575 0.2984375
8 0.578125 0.315625 0.665625 0.315625 0.665625 0.390625 0.578125 0.390625
6 0.58125 0.596875 0.659375 0.596875 0.659375 0.671875 0.58125 0.671875
9 0.496875 0.6203125 0.55625 0.6203125 0.55625 0.6859375 0.496875 0.6859375
5 0.3640625 0.790625 0.434375 0.790625 0.434375 0.8921875 0.3640625 0.8921875
2 0.496875 0.78125 0.571875 0.78125 0.571875 0.8875 0.496875 0.8875
4 0.3671875 0.515625 0.45 0.515625 0.45 0.596875 0.3671875 0.596875
9 0.4875 0.5265625 0.54375 0.5265625 0.54375 0.584375 0.4875 0.584375
10 0.378125 0.40625 0.4609375 0.40625 0.4609375 0.490625 0.378125 0.490625
7 0.478125 0.415625 0.5609375 0.415625 0.5609375 0.49375 0.478125 0.49375
8 0.371875 0.21875 0.453125 0.21875 0.453125 0.303125 0.371875 0.303125
1 0.359375 0.08125 0.45625 0.08125 0.45625 0.203125 0.359375 0.203125
5 0.15 0.1109375 0.246875 0.1109375 0.246875 0.209375 0.15 0.209375
6 0.296875 0.3265625 0.36875 0.3265625 0.36875 0.396875 0.296875 0.396875
9 0.18125 0.334375 0.25625 0.334375 0.25625 0.39375 0.18125 0.39375
5 0.28125 0.43125 0.3625 0.43125 0.3625 0.5015625 0.28125 0.5015625
10 0.1546875 0.5078125 0.2703125 0.5078125 0.2703125 0.6 0.1546875 0.6
6 0.040625 0.125 0.14375 0.125 0.14375 0.21875 0.040625 0.21875
0 0.0453125 0.228125 0.1515625 0.228125 0.1515625 0.3125 0.0453125 0.3125
5 0.0609375 0.33125 0.1640625 0.33125 0.1640625 0.40625 0.0609375 0.40625
6 0.06875 0.4140625 0.171875 0.4140625 0.171875 0.4796875 0.06875 0.4796875
0 0.078125 0.5171875 0.1625 0.5171875 0.1625 0.6015625 0.078125 0.6015625
7 0.0453125 0.615625 0.1734375 0.615625 0.1734375 0.7296875 0.0453125 0.7296875