7 0.1390625 0.1703125 0.228125 0.1703125 0.228125 0.259375 0.1390625 0.259375
4 0.4984375 0.1890625 0.578125 0.1890625 0.578125 0.28125 0.4984375 0.28125
7 0.75625 0.2015625 0.8359375 0.2015625 0.8359375 0.290625 0.75625 0.290625
2 0.3984375 0.4515625 0.478125 0.4515625 0.478125 0.5390625 0.3984375 0.5390625
4 0.7390625 0.4671875 0.8265625 0.4671875 0.8265625 0.5515625 0.7390625 0.5515625
1 0.2203125 0.440625 0.3078125 0.440625 0.3078125 0.5296875 0.2203125 0.5296875
3 0.128125 0.521875 0.2078125 0.521875 0.2078125 0.6125 0.128125 0.6125
11 0.215625 0.528125 0.303125 0.528125 0.303125 0.61875 0.215625 0.61875
6 0.3046875 0.53125 0.3875 0.53125 0.3875 0.621875 0.3046875 0.621875
8 0.39375 0.5359375 0.4734375 0.5359375 0.4734375 0.625 0.39375 0.625
2 0.478125 0.540625 0.5578125 0.540625 0.5578125 0.628125 0.478125 0.628125
9 0.65 0.546875 0.7328125 0.546875 0.7328125 0.6375 0.65 0.6375
8 0.121875 0.609375 0.20625 0.609375 0.20625 0.703125 0.121875 0.703125
5 0.3875 0.621875 0.471875 0.621875 0.471875 0.715625 0.3875 0.715625
9 0.559375 0.6296875 0.6421875 0.6296875 0.6421875 0.7234375 0.559375 0.7234375
3 0.7328125 0.6375 0.8171875 0.6375 0.8171875 0.7296875 0.7328125 0.7296875
8 0.2953125 0.7078125 0.375 0.7078125 0.375 0.8015625 0.2953125 0.8015625
8 0.46875 0.715625 0.553125 0.715625 0.553125 0.80625 0.46875 0.80625
10 0.1171875 0.790625 0.1796875 0.790625 0.1796875 0.88125 0.1171875 0.88125
5 0.2015625 0.7953125 0.2640625 0.7953125 0.2640625 0.884375 0.2015625 0.884375
11 0.29375 0.803125 0.36875 0.803125 0.36875 0.8875 0.29375 0.8875
6 0.38125 0.8015625 0.4609375 0.8015625 0.4609375 0.8953125 0.38125 0.8953125
0 0.640625 0.8109375 0.725 0.8109375 0.725 0.9046875 0.640625 0.9046875
10 0.7265625 0.8171875 0.8140625 0.8171875 0.8140625 0.90625 0.7265625 0.90625
1 0.4640625 0.8046875 0.546875 0.8046875 0.546875 0.896875 0.4640625 0.896875