4 0.821875 0.7203125 0.95 0.7203125 0.95 0.790625 0.821875 0.790625
6 0.73125 0.7140625 0.815625 0.7140625 0.815625 0.7734375 0.73125 0.7734375
6 0.603125 0.7078125 0.709375 0.7078125 0.709375 0.784375 0.603125 0.784375
7 0.50625 0.709375 0.590625 0.709375 0.590625 0.7796875 0.50625 0.7796875
7 0.2875 0.7125 0.3984375 0.7125 0.3984375 0.7859375 0.2875 0.7859375
1 0.0859375 0.6265625 0.1890625 0.6265625 0.1890625 0.709375 0.0859375 0.709375
3 0.1921875 0.640625 0.2828125 0.640625 0.2828125 0.7015625 0.1921875 0.7015625
9 0.3953125 0.6265625 0.4890625 0.6265625 0.4890625 0.7015625 0.3953125 0.7015625
3 0.4984375 0.6359375 0.5875 0.6359375 0.5875 0.7046875 0.4984375 0.7046875
1 0.60625 0.5609375 0.70625 0.5609375 0.70625 0.625 0.60625 0.625
2 0.8 0.4796875 0.915625 0.4796875 0.915625 0.5453125 0.8 0.5453125
9 0.70625 0.4734375 0.784375 0.4734375 0.784375 0.55 0.70625 0.55
5 0.496875 0.4765625 0.60625 0.4765625 0.60625 0.553125 0.496875 0.553125
2 0.3828125 0.4859375 0.4890625 0.4859375 0.4890625 0.553125 0.3828125 0.553125
11 0.1828125 0.4875 0.2828125 0.4875 0.2828125 0.553125 0.1828125 0.553125
5 0.0859375 0.4875 0.16875 0.4875 0.16875 0.5546875 0.0859375 0.5546875
10 0.08125 0.4078125 0.1765625 0.4078125 0.1765625 0.4703125 0.08125 0.4703125
9 0.1890625 0.4046875 0.2828125 0.4046875 0.2828125 0.4703125 0.1890625 0.4703125
5 0.3875 0.40625 0.4875 0.40625 0.4875 0.4765625 0.3875 0.4765625
4 0.6 0.403125 0.69375 0.403125 0.69375 0.475 0.6 0.475
0 0.8203125 0.3296875 0.9046875 0.3296875 0.9046875 0.39375 0.8203125 0.39375
0 0.6921875 0.334375 0.8046875 0.334375 0.8046875 0.3953125 0.6921875 0.3953125
8 0.5 0.3265625 0.5890625 0.3265625 0.5890625 0.3984375 0.5 0.3984375
8 0.2875 0.3296875 0.384375 0.3296875 0.384375 0.40625 0.2875 0.40625
6 0.69375 0.24375 0.7875 0.24375 0.7875 0.3140625 0.69375 0.3140625
6 0.4953125 0.253125 0.5828125 0.253125 0.5828125 0.3203125 0.4953125 0.3203125
10 0.2875 0.2484375 0.390625 0.2484375 0.390625 0.325 0.2875 0.325
3 0.0828125 0.2640625 0.178125 0.2640625 0.178125 0.3328125 0.0828125 0.3328125
8 0.7953125 0.16875 0.8953125 0.16875 0.8953125 0.240625 0.7953125 0.240625
8 0.59375 0.175 0.6875 0.175 0.6875 0.2453125 0.59375 0.2453125
0 0.184375 0.1859375 0.275 0.1859375 0.275 0.25 0.184375 0.25
9 0.08125 0.1859375 0.1765625 0.1859375 0.1765625 0.2515625 0.08125 0.2515625
9 0.409375 0.5578125 0.496875 0.5578125 0.496875 0.615625 0.409375 0.615625
3 0.3 0.559375 0.39375 0.559375 0.39375 0.6265625 0.3 0.6265625
5 0.815625 0.6328125 0.921875 0.6328125 0.921875 0.7046875 0.815625 0.7046875
11 0.0921875 0.559375 0.18125 0.559375 0.18125 0.63125 0.0921875 0.63125
0 0.821875 0.3171875 0.9484375 0.3171875 0.9484375 0.396875 0.821875 0.396875
0 0.1609375 0.1640625 0.259375 0.1640625 0.259375 0.2515625 0.1609375 0.2515625
1 0.0171875 0.6515625 0.1875 0.6515625 0.1875 0.7578125 0.0171875 0.7578125
1 0.60625 0.5546875 0.71875 0.5546875 0.71875 0.6515625 0.60625 0.6515625
2 0.8109375 0.4734375 0.9515625 0.4734375 0.9515625 0.5484375 0.8109375 0.5484375
3 0.18125 0.646875 0.2703125 0.646875 0.2703125 0.71875 0.18125 0.71875
3 0.4953125 0.625 0.5765625 0.625 0.5765625 0.6875 0.4953125 0.6875
4 0.5890625 0.4078125 0.7046875 0.4078125 0.7046875 0.4828125 0.5890625 0.4828125
4 0.840625 0.709375 0.9953125 0.709375 0.9953125 0.809375 0.840625 0.809375
5 0.390625 0.3953125 0.4828125 0.3953125 0.4828125 0.475 0.390625 0.475
5 0.0703125 0.4765625 0.1828125 0.4765625 0.1828125 0.55 0.0703125 0.55
5 0.509375 0.4921875 0.603125 0.4921875 0.603125 0.5484375 0.509375 0.5484375
6 0.728125 0.7140625 0.834375 0.7140625 0.834375 0.7984375 0.728125 0.7984375
6 0.6203125 0.71875 0.709375 0.71875 0.709375 0.80625 0.6203125 0.80625
6 0.5078125 0.2234375 0.5953125 0.2234375 0.5953125 0.3125 0.5078125 0.3125
6 0.703125 0.2359375 0.79375 0.2359375 0.79375 0.3140625 0.703125 0.3140625
7 0.2828125 0.71875 0.4046875 0.71875 0.4046875 0.834375 0.2828125 0.834375
7 0.496875 0.715625 0.5984375 0.715625 0.5984375 0.825 0.496875 0.825
8 0.609375 0.13125 0.6953125 0.13125 0.6953125 0.23125 0.609375 0.23125
8 0.815625 0.121875 0.9578125 0.121875 0.9578125 0.225 0.815625 0.225
10 0.01875 0.390625 0.1765625 0.390625 0.1765625 0.4828125 0.01875 0.4828125
10 0.2609375 0.21875 0.3859375 0.21875 0.3859375 0.33125 0.2609375 0.33125
11 0.053125 0.5671875 0.1703125 0.5671875 0.1703125 0.6390625 0.053125 0.6390625
11 0.178125 0.4890625 0.2796875 0.4890625 0.2796875 0.5640625 0.178125 0.5640625