2 0.4375 0.2796875 0.496875 0.2796875 0.496875 0.3546875 0.4375 0.3546875
2 0.5140625 0.1640625 0.5703125 0.1640625 0.5703125 0.2546875 0.5140625 0.2546875
5 0.675 0.1359375 0.75 0.1359375 0.75 0.225 0.675 0.225
5 0.8046875 0.0546875 0.8953125 0.0546875 0.8953125 0.1546875 0.8046875 0.1546875
1 0.5140625 0.378125 0.5765625 0.378125 0.5765625 0.4515625 0.5140625 0.4515625
4 0.425 0.375 0.484375 0.375 0.484375 0.45625 0.425 0.45625
1 0.2828125 0.775 0.3578125 0.775 0.3578125 0.9125 0.2828125 0.9125
8 0.28125 0.2953125 0.3375 0.2953125 0.3375 0.3734375 0.28125 0.3734375
8 0.2890625 0.4984375 0.3484375 0.4984375 0.3484375 0.5875 0.2890625 0.5875
8 0.3734375 0.5890625 0.428125 0.5890625 0.428125 0.6875 0.3734375 0.6875
8 0.45625 0.5796875 0.5125 0.5796875 0.5125 0.6671875 0.45625 0.6671875
11 0.5921875 0.565625 0.65625 0.565625 0.65625 0.6515625 0.5921875 0.6515625
10 0.6546875 0.371875 0.7515625 0.371875 0.7515625 0.45 0.6546875 0.45
11 0.746875 0.659375 0.825 0.659375 0.825 0.7484375 0.746875 0.7484375
7 0.59375 0.7640625 0.671875 0.7640625 0.671875 0.89375 0.59375 0.89375