11 0.4609375 0.221875 0.6015625 0.221875 0.6015625 0.3453125 0.4609375 0.3453125
11 0.4609375 0.23125 0.590625 0.23125 0.590625 0.3359375 0.4609375 0.3359375
11 0.3421875 0.4859375 0.459375 0.4859375 0.459375 0.584375 0.3421875 0.584375
10 0.484375 0.3390625 0.634375 0.3390625 0.634375 0.4578125 0.484375 0.4578125
8 0.134375 0.35625 0.2984375 0.35625 0.2984375 0.471875 0.134375 0.471875
8 0.15 0.496875 0.3015625 0.496875 0.3015625 0.596875 0.15 0.596875
8 0.49375 0.484375 0.634375 0.484375 0.634375 0.575 0.49375 0.575
8 0.1921875 0.60625 0.309375 0.60625 0.309375 0.73125 0.1921875 0.73125
8 0.18125 0.6203125 0.3203125 0.6203125 0.3203125 0.721875 0.18125 0.721875
5 0.509375 0.6 0.65 0.6 0.65 0.709375 0.509375 0.709375
5 0.6546875 0.5796875 0.8203125 0.5796875 0.8203125 0.6859375 0.6546875 0.6859375
4 0.33125 0.353125 0.465625 0.353125 0.465625 0.465625 0.33125 0.465625
2 0.6234375 0.34375 0.7828125 0.34375 0.7828125 0.4421875 0.6234375 0.4421875
2 0.3578125 0.603125 0.490625 0.603125 0.490625 0.7234375 0.3578125 0.7234375
1 0.1046875 0.16875 0.290625 0.16875 0.290625 0.340625 0.1046875 0.340625