11 0.565625 0.8421875 0.6328125 0.8421875 0.6328125 0.9609375 0.565625 0.9609375
11 0.73125 0.109375 0.81875 0.109375 0.81875 0.2296875 0.73125 0.2296875
7 0.5859375 0.0703125 0.6734375 0.0703125 0.6734375 0.2359375 0.5859375 0.2359375
10 0.5015625 0.4125 0.571875 0.4125 0.571875 0.5265625 0.5015625 0.5265625
8 0.653125 0.4328125 0.728125 0.4328125 0.728125 0.5296875 0.653125 0.5296875
8 0.7390625 0.4328125 0.828125 0.4328125 0.828125 0.528125 0.7390625 0.528125
8 0.7265625 0.546875 0.8234375 0.546875 0.8234375 0.6328125 0.7265625 0.6328125
8 0.3953125 0.83125 0.478125 0.83125 0.478125 0.9390625 0.3953125 0.9390625
2 0.2703125 0.5984375 0.3421875 0.5984375 0.3421875 0.703125 0.2703125 0.703125
2 0.3453125 0.4 0.4171875 0.4 0.4171875 0.5046875 0.3453125 0.5046875
1 0.4125 0.4140625 0.490625 0.4140625 0.490625 0.534375 0.4125 0.534375
1 0.490625 0.7390625 0.5640625 0.7390625 0.5640625 0.8703125 0.490625 0.8703125
4 0.6484375 0.6296875 0.7375 0.6296875 0.7375 0.7390625 0.6484375 0.7390625
5 0.5796875 0.3265625 0.6421875 0.3265625 0.6421875 0.4421875 0.5796875 0.4421875
5 0.4828125 0.615625 0.5484375 0.615625 0.5484375 0.721875 0.4828125 0.721875