10 0.4140625 0.825 0.4734375 0.825 0.4734375 0.9484375 0.4140625 0.9484375
7 0.5984375 0.1984375 0.66875 0.1984375 0.66875 0.315625 0.5984375 0.315625
11 0.703125 0.60625 0.7703125 0.60625 0.7703125 0.678125 0.703125 0.678125
11 0.465625 0.2328125 0.5171875 0.2328125 0.5171875 0.3203125 0.465625 0.3203125
8 0.24375 0.35 0.3140625 0.35 0.3140625 0.425 0.24375 0.425
8 0.409375 0.425 0.4609375 0.425 0.4609375 0.5109375 0.409375 0.5109375
8 0.3953125 0.6390625 0.45 0.6390625 0.45 0.7171875 0.3953125 0.7171875
8 0.63125 0.80625 0.696875 0.80625 0.696875 0.9171875 0.63125 0.9171875
1 0.1578125 0.828125 0.259375 0.828125 0.259375 0.9546875 0.1578125 0.9546875
1 0.3046875 0.225 0.38125 0.225 0.38125 0.3296875 0.3046875 0.3296875
2 0.54375 0.6328125 0.5953125 0.6328125 0.5953125 0.7015625 0.54375 0.7015625
2 0.678125 0.1125 0.746875 0.1125 0.746875 0.20625 0.678125 0.20625
5 0.7203125 0.821875 0.7921875 0.821875 0.7921875 0.9234375 0.7203125 0.9234375
5 0.24375 0.634375 0.3140625 0.634375 0.3140625 0.709375 0.24375 0.709375
4 0.6828125 0.2109375 0.7640625 0.2109375 0.7640625 0.3203125 0.6828125 0.3203125