1 0.4140625 0.69375 0.4890625 0.69375 0.4890625 0.80625 0.4140625 0.80625
1 0.409375 0.6109375 0.475 0.6109375 0.475 0.7265625 0.409375 0.7265625
2 0.25 0.240625 0.3359375 0.240625 0.3359375 0.3375 0.25 0.3375
2 0.490625 0.5 0.553125 0.5 0.553125 0.5796875 0.490625 0.5796875
4 0.2546875 0.603125 0.3453125 0.603125 0.3453125 0.71875 0.2546875 0.71875
5 0.2703125 0.7 0.3421875 0.7 0.3421875 0.784375 0.2703125 0.784375
5 0.25 0.415625 0.334375 0.415625 0.334375 0.5 0.25 0.5
7 0.3171875 0.10625 0.4046875 0.10625 0.4046875 0.234375 0.3171875 0.234375
8 0.6296875 0.596875 0.690625 0.596875 0.690625 0.703125 0.6296875 0.703125
8 0.28125 0.803125 0.3515625 0.803125 0.3515625 0.921875 0.28125 0.921875
8 0.4875 0.221875 0.546875 0.221875 0.546875 0.328125 0.4875 0.328125
8 0.69375 0.4 0.765625 0.4 0.765625 0.49375 0.69375 0.49375
10 0.63125 0.309375 0.715625 0.309375 0.715625 0.4015625 0.63125 0.4015625
11 0.68125 0.1234375 0.753125 0.1234375 0.753125 0.2265625 0.68125 0.2265625
11 0.34375 0.4984375 0.4140625 0.4984375 0.4140625 0.5828125 0.34375 0.5828125