2 0.790625 0.2765625 0.884375 0.2765625 0.884375 0.353125 0.790625 0.353125
2 0.4859375 0.521875 0.5765625 0.521875 0.5765625 0.5890625 0.4859375 0.5890625
1 0.596875 0.25 0.7125 0.25 0.7125 0.346875 0.596875 0.346875
1 0.0296875 0.1546875 0.1640625 0.1546875 0.1640625 0.26875 0.0296875 0.26875
0 0.1890625 0.434375 0.2859375 0.434375 0.2859375 0.496875 0.1890625 0.496875
3 0.0875 0.0921875 0.171875 0.0921875 0.171875 0.171875 0.0875 0.171875
3 0.521875 0.1984375 0.5984375 0.1984375 0.5984375 0.2671875 0.521875 0.2671875
4 0.296875 0.603125 0.390625 0.603125 0.390625 0.68125 0.296875 0.68125
4 0.7109375 0.421875 0.8375 0.421875 0.8375 0.496875 0.7109375 0.496875
5 0.709375 0.6703125 0.8109375 0.6703125 0.8109375 0.7453125 0.709375 0.7453125
5 0.821875 0.675 0.9390625 0.675 0.9390625 0.75625 0.821875 0.75625
8 0.1859375 0.24375 0.275 0.24375 0.275 0.3375 0.1859375 0.3375
8 0.4 0.1671875 0.49375 0.1671875 0.49375 0.25625 0.4 0.25625
8 0.5015625 0.3421875 0.5796875 0.3421875 0.5796875 0.4171875 0.5015625 0.4171875
8 0.0421875 0.68125 0.15 0.68125 0.15 0.765625 0.0421875 0.765625
6 0.8015625 0.109375 0.9078125 0.109375 0.9078125 0.1984375 0.8015625 0.1984375
6 0.803125 0.5046875 0.9125 0.5046875 0.9125 0.5671875 0.803125 0.5671875
11 0.390625 0.4328125 0.4796875 0.4328125 0.4796875 0.4875 0.390625 0.4875
11 0.6140625 0.5953125 0.715625 0.5953125 0.715625 0.675 0.6140625 0.675
10 0.403125 0.6578125 0.5 0.6578125 0.5 0.75 0.403125 0.75
10 0.6828125 0.1734375 0.8140625 0.1734375 0.8140625 0.2703125 0.6828125 0.2703125
7 0.2828125 0.2421875 0.3828125 0.2421875 0.3828125 0.3484375 0.2828125 0.3484375
7 0.0453125 0.5171875 0.1765625 0.5171875 0.1765625 0.5984375 0.0453125 0.5984375
9 0.29375 0.5296875 0.359375 0.5296875 0.359375 0.6 0.29375 0.6
9 0.5046875 0.6734375 0.575 0.6734375 0.575 0.74375 0.5046875 0.74375