0 0.5078125 0.353125 0.590625 0.353125 0.590625 0.4203125 0.5078125 0.4203125
0 0.79375 0.3484375 0.903125 0.3484375 0.903125 0.4140625 0.79375 0.4140625
0 0.625 0.6671875 0.721875 0.6671875 0.721875 0.7390625 0.625 0.7390625
1 0.59375 0.4203125 0.7078125 0.4203125 0.7078125 0.49375 0.59375 0.49375
1 0.821875 0.7265625 0.98125 0.7265625 0.98125 0.828125 0.821875 0.828125
2 0.1984375 0.1921875 0.29375 0.1921875 0.29375 0.28125 0.1984375 0.28125
2 0.021875 0.1859375 0.140625 0.1859375 0.140625 0.271875 0.021875 0.271875
3 0.58125 0.2796875 0.659375 0.2796875 0.659375 0.340625 0.58125 0.340625
4 0.0015625 0.3578125 0.153125 0.3578125 0.153125 0.44375 0.0015625 0.44375
4 0.16875 0.528125 0.2875 0.528125 0.2875 0.5984375 0.16875 0.5984375
5 0.1734375 0.7609375 0.28125 0.7609375 0.28125 0.840625 0.1734375 0.840625
5 0.53125 0.7515625 0.625 0.7515625 0.625 0.8328125 0.53125 0.8328125
5 0.7359375 0.578125 0.859375 0.578125 0.859375 0.64375 0.7359375 0.64375
11 0.275 0.43125 0.3609375 0.43125 0.3609375 0.49375 0.275 0.49375
10 0.14375 0.33125 0.275 0.33125 0.275 0.41875 0.14375 0.41875
10 0.375 0.2328125 0.4703125 0.2328125 0.4703125 0.3453125 0.375 0.3453125
9 0.7984375 0.4296875 0.884375 0.4296875 0.884375 0.484375 0.7984375 0.484375
8 0.390625 0.4328125 0.4703125 0.4328125 0.4703125 0.5015625 0.390625 0.5015625
8 0.6875 0.340625 0.7859375 0.340625 0.7859375 0.4203125 0.6875 0.4203125
8 0.2921875 0.6734375 0.378125 0.6734375 0.378125 0.759375 0.2921875 0.759375
8 0.05625 0.546875 0.1609375 0.546875 0.1609375 0.6125 0.05625 0.6125
6 0.0484375 0.7578125 0.15625 0.7578125 0.15625 0.85 0.0484375 0.85
6 0.690625 0.18125 0.790625 0.18125 0.790625 0.2671875 0.690625 0.2671875
7 0.4765625 0.1734375 0.571875 0.1734375 0.571875 0.2796875 0.4765625 0.2796875
7 0.8125 0.50625 0.95625 0.50625 0.95625 0.5703125 0.8125 0.5703125