1 0.1578125 0.2171875 0.2828125 0.2171875 0.2828125 0.3078125 0.1578125 0.3078125
4 0.7796875 0.509375 0.89375 0.509375 0.89375 0.578125 0.7796875 0.578125
2 0.5109375 0.51875 0.575 0.51875 0.575 0.571875 0.5109375 0.571875
5 0.29375 0.596875 0.38125 0.596875 0.38125 0.6578125 0.29375 0.6578125
5 0.7765625 0.446875 0.86875 0.446875 0.86875 0.5 0.7765625 0.5
0 0.425 0.3875 0.484375 0.3875 0.484375 0.4359375 0.425 0.4359375
8 0.3046875 0.7328125 0.38125 0.7328125 0.38125 0.8109375 0.3046875 0.8109375
8 0.4921875 0.746875 0.5640625 0.746875 0.5640625 0.821875 0.4921875 0.821875
8 0.215625 0.3859375 0.303125 0.3859375 0.303125 0.4453125 0.215625 0.4453125
10 0.284375 0.5203125 0.3875 0.5203125 0.3875 0.5765625 0.284375 0.5765625
7 0.696875 0.6671875 0.79375 0.6671875 0.79375 0.753125 0.696875 0.753125
7 0.5859375 0.35625 0.6640625 0.35625 0.6640625 0.43125 0.5859375 0.43125
11 0.184375 0.5875 0.278125 0.5875 0.278125 0.6546875 0.184375 0.6546875
6 0.4921875 0.2296875 0.5765625 0.2296875 0.5765625 0.296875 0.4921875 0.296875
6 0.503125 0.678125 0.578125 0.678125 0.578125 0.7390625 0.503125 0.7390625
4 0.68125 0.3453125 0.775 0.3453125 0.775 0.4359375 0.68125 0.4359375
2 0.309375 0.3640625 0.3890625 0.3640625 0.3890625 0.428125 0.309375 0.428125
11 0.6828125 0.215625 0.7734375 0.215625 0.7734375 0.29375 0.6828125 0.29375
10 0.78125 0.7421875 0.8984375 0.7421875 0.8984375 0.834375 0.78125 0.834375