5 0.08125 0.1875 0.2046875 0.1875 0.2046875 0.275 0.08125 0.275
8 0.3015625 0.171875 0.396875 0.171875 0.396875 0.26875 0.3015625 0.26875
8 0.596875 0.178125 0.690625 0.178125 0.690625 0.271875 0.596875 0.271875
4 0.703125 0.1515625 0.8171875 0.1515625 0.8171875 0.2359375 0.703125 0.2359375
1 0.709375 0.24375 0.821875 0.24375 0.821875 0.328125 0.709375 0.328125
7 0.825 0.2625 0.9390625 0.2625 0.9390625 0.34375 0.825 0.34375
2 0.3046875 0.2859375 0.4046875 0.2859375 0.4046875 0.346875 0.3046875 0.346875
11 0.0703125 0.3546875 0.1796875 0.3546875 0.1796875 0.4203125 0.0703125 0.4203125
8 0.415625 0.35625 0.5 0.35625 0.5 0.425 0.415625 0.425
4 0.8125 0.409375 0.9578125 0.409375 0.9578125 0.4734375 0.8125 0.4734375
3 0.3390625 0.434375 0.4015625 0.434375 0.4015625 0.4875 0.3390625 0.4875
6 0.509375 0.496875 0.6109375 0.496875 0.6109375 0.5703125 0.509375 0.5703125
2 0.309375 0.509375 0.415625 0.509375 0.415625 0.575 0.309375 0.575
1 0.2 0.496875 0.3 0.496875 0.3 0.5640625 0.2 0.5640625
10 0.05625 0.5171875 0.1859375 0.5171875 0.1859375 0.5703125 0.05625 0.5703125
10 0.796875 0.5625 0.94375 0.5625 0.94375 0.6484375 0.796875 0.6484375
8 0.61875 0.58125 0.7109375 0.58125 0.7109375 0.640625 0.61875 0.640625
5 0.0953125 0.5875 0.1953125 0.5875 0.1953125 0.653125 0.0953125 0.653125
5 0.3125 0.65625 0.4171875 0.65625 0.4171875 0.721875 0.3125 0.721875
0 0.1109375 0.678125 0.1984375 0.678125 0.1984375 0.740625 0.1109375 0.740625
7 0.8078125 0.7203125 0.94375 0.7203125 0.94375 0.8265625 0.8078125 0.8265625
6 0.51875 0.7296875 0.6171875 0.7296875 0.6171875 0.79375 0.51875 0.79375
5 0.43125 0.746875 0.5125 0.746875 0.5125 0.83125 0.43125 0.83125
9 0.3234375 0.7578125 0.3921875 0.7578125 0.3921875 0.8203125 0.3234375 0.8203125
0 0.2140625 0.75625 0.3015625 0.75625 0.3015625 0.840625 0.2140625 0.840625