8 0.090625 0.7828125 0.2015625 0.7828125 0.2015625 0.871875 0.090625 0.871875
1 0.178125 0.7921875 0.2875 0.7921875 0.2875 0.9078125 0.178125 0.9078125
5 0.3125 0.6953125 0.3875 0.6953125 0.3875 0.7765625 0.3125 0.7765625
6 0.40625 0.7890625 0.475 0.7890625 0.475 0.8796875 0.40625 0.8796875
5 0.4984375 0.790625 0.5765625 0.790625 0.5765625 0.8875 0.4984375 0.8875
11 0.61875 0.79375 0.696875 0.79375 0.696875 0.8875 0.61875 0.8875
6 0.621875 0.6875 0.6984375 0.6875 0.6984375 0.7671875 0.621875 0.7671875
8 0.703125 0.6828125 0.7890625 0.6828125 0.7890625 0.76875 0.703125 0.76875
9 0.8140625 0.7921875 0.8953125 0.7921875 0.8953125 0.8671875 0.8140625 0.8671875
5 0.81875 0.68125 0.925 0.68125 0.925 0.771875 0.81875 0.771875
10 0.8109375 0.5890625 0.9390625 0.5890625 0.9390625 0.675 0.8109375 0.675
8 0.6125 0.6 0.69375 0.6 0.69375 0.6765625 0.6125 0.6765625
6 0.621875 0.503125 0.7046875 0.503125 0.7046875 0.571875 0.621875 0.571875
6 0.5046875 0.521875 0.5734375 0.521875 0.5734375 0.5875 0.5046875 0.5875
4 0.4 0.58125 0.48125 0.58125 0.48125 0.6609375 0.4 0.6609375
7 0.2703125 0.496875 0.3671875 0.496875 0.3671875 0.578125 0.2703125 0.578125
1 0.190625 0.5921875 0.296875 0.5921875 0.296875 0.684375 0.190625 0.684375
0 0.2046875 0.403125 0.2828125 0.403125 0.2828125 0.4703125 0.2046875 0.4703125
7 0.415625 0.3859375 0.5046875 0.3859375 0.5046875 0.4734375 0.415625 0.4734375
9 0.5234375 0.4125 0.584375 0.4125 0.584375 0.471875 0.5234375 0.471875
9 0.6015625 0.3 0.665625 0.3 0.665625 0.3703125 0.6015625 0.3703125
2 0.621875 0.40625 0.7078125 0.40625 0.7078125 0.4765625 0.621875 0.4765625
2 0.7078125 0.2953125 0.8046875 0.2953125 0.8046875 0.3765625 0.7078125 0.3765625
10 0.8 0.3828125 0.921875 0.3828125 0.921875 0.4734375 0.8 0.4734375
11 0.63125 0.184375 0.715625 0.184375 0.715625 0.275 0.63125 0.275
5 0.6984375 0.09375 0.7859375 0.09375 0.7859375 0.1875 0.6984375 0.1875
8 0.5140625 0.0828125 0.60625 0.0828125 0.60625 0.1953125 0.5140625 0.1953125
0 0.4125 0.190625 0.4890625 0.190625 0.4890625 0.28125 0.4125 0.28125
0 0.2140625 0.296875 0.3 0.296875 0.3 0.3734375 0.2140625 0.3734375
9 0.2140625 0.209375 0.2890625 0.209375 0.2890625 0.2828125 0.2140625 0.2828125
4 0.084375 0.059375 0.21875 0.059375 0.21875 0.190625 0.084375 0.190625