9 0.675 0.7171875 0.7140625 0.7171875 0.7140625 0.815625 0.675 0.815625
9 0.6609375 0.478125 0.696875 0.478125 0.696875 0.575 0.6609375 0.575
9 0.6015625 0.378125 0.634375 0.378125 0.634375 0.478125 0.6015625 0.478125
9 0.490625 0.284375 0.5203125 0.284375 0.5203125 0.3859375 0.490625 0.3859375
9 0.565625 0.6140625 0.5984375 0.6140625 0.5984375 0.715625 0.565625 0.715625
9 0.5625 0.725 0.596875 0.725 0.596875 0.821875 0.5625 0.821875
9 0.5609375 0.85625 0.5953125 0.85625 0.5953125 0.953125 0.5609375 0.953125
9 0.3796875 0.884375 0.4140625 0.884375 0.4140625 0.9796875 0.3796875 0.9796875
3 0.440625 0.4921875 0.471875 0.4921875 0.471875 0.5890625 0.440625 0.5890625
3 0.384375 0.7359375 0.41875 0.7359375 0.41875 0.83125 0.384375 0.83125
3 0.496875 0.7453125 0.53125 0.7453125 0.53125 0.8421875 0.496875 0.8421875
3 0.584375 0.19375 0.6140625 0.19375 0.6140625 0.2921875 0.584375 0.2921875
3 0.4390625 0.1890625 0.4703125 0.1890625 0.4703125 0.284375 0.4390625 0.284375
3 0.3828125 0.5265625 0.4140625 0.5265625 0.4140625 0.6234375 0.3828125 0.6234375
3 0.3296875 0.4890625 0.3625 0.4890625 0.3625 0.5875 0.3296875 0.5875
3 0.246875 0.759375 0.2859375 0.759375 0.2859375 0.8578125 0.246875 0.8578125
5 0.3265625 0.2703125 0.365625 0.2703125 0.365625 0.396875 0.3265625 0.396875
5 0.4296875 0.38125 0.4671875 0.38125 0.4671875 0.5078125 0.4296875 0.5078125
5 0.4890625 0.3765625 0.525 0.3765625 0.525 0.5015625 0.4890625 0.5015625
5 0.6703125 0.584375 0.71875 0.584375 0.71875 0.7125 0.6703125 0.7125
11 0.496875 0.096875 0.53125 0.096875 0.53125 0.225 0.496875 0.225
11 0.4953125 0.471875 0.5328125 0.471875 0.5328125 0.596875 0.4953125 0.596875
0 0.303125 0.725 0.346875 0.725 0.346875 0.84375 0.303125 0.84375
0 0.384375 0.3796875 0.41875 0.3796875 0.41875 0.5140625 0.384375 0.5140625
6 0.3203125 0.1765625 0.3578125 0.1765625 0.3578125 0.3109375 0.3203125 0.3109375
6 0.3203125 0.5953125 0.3609375 0.5953125 0.3609375 0.7203125 0.3203125 0.7203125
8 0.3828125 0.0921875 0.4234375 0.0921875 0.4234375 0.2125 0.3828125 0.2125
8 0.45 0.5984375 0.490625 0.5984375 0.490625 0.728125 0.45 0.728125
10 0.3765625 0.2390625 0.4203125 0.2390625 0.4203125 0.4078125 0.3765625 0.4078125
7 0.3796875 0.13125 0.421875 0.13125 0.421875 0.3109375 0.3796875 0.3109375
1 0.3078125 0.340625 0.359375 0.340625 0.359375 0.5046875 0.3078125 0.5046875
4 0.4359375 0.2328125 0.4765625 0.2328125 0.4765625 0.4015625 0.4359375 0.4015625