9 0.65625 0.7375 0.696875 0.7375 0.696875 0.8125 0.65625 0.8125
9 0.65 0.646875 0.690625 0.646875 0.690625 0.71875 0.65 0.71875
9 0.65 0.528125 0.6890625 0.528125 0.6890625 0.603125 0.65 0.603125
9 0.6046875 0.553125 0.6359375 0.553125 0.6359375 0.621875 0.6046875 0.621875
9 0.475 0.5375 0.5109375 0.5375 0.5109375 0.61875 0.475 0.61875
9 0.471875 0.653125 0.50625 0.653125 0.50625 0.7171875 0.471875 0.7171875
9 0.440625 0.7640625 0.475 0.7640625 0.475 0.834375 0.440625 0.834375
9 0.390625 0.7640625 0.4265625 0.7640625 0.4265625 0.8390625 0.390625 0.8390625
6 0.3375 0.74375 0.371875 0.74375 0.371875 0.83125 0.3375 0.83125
6 0.478125 0.740625 0.5171875 0.740625 0.5171875 0.81875 0.478125 0.81875
6 0.3859375 0.84375 0.4203125 0.84375 0.4203125 0.928125 0.3859375 0.928125
6 0.659375 0.8296875 0.703125 0.8296875 0.703125 0.9125 0.659375 0.9125
6 0.609375 0.634375 0.65 0.634375 0.65 0.7171875 0.609375 0.7171875
6 0.4828125 0.3671875 0.5140625 0.3671875 0.5140625 0.4421875 0.4828125 0.4421875
8 0.5171875 0.346875 0.553125 0.346875 0.553125 0.43125 0.5171875 0.43125
8 0.571875 0.346875 0.60625 0.346875 0.60625 0.425 0.571875 0.425
8 0.484375 0.8328125 0.5203125 0.8328125 0.5203125 0.9171875 0.484375 0.9171875
8 0.528125 0.15 0.5625 0.15 0.5625 0.24375 0.528125 0.24375
8 0.56875 0.1546875 0.6 0.1546875 0.6 0.2421875 0.56875 0.2421875
8 0.521875 0.65 0.5625 0.65 0.5625 0.734375 0.521875 0.734375
11 0.6125 0.1515625 0.65625 0.1515625 0.65625 0.23125 0.6125 0.23125
11 0.478125 0.26875 0.5125 0.26875 0.5125 0.346875 0.478125 0.346875
11 0.4765625 0.45 0.5109375 0.45 0.5109375 0.521875 0.4765625 0.521875
11 0.6140625 0.840625 0.6578125 0.840625 0.6578125 0.928125 0.6140625 0.928125
11 0.51875 0.840625 0.559375 0.840625 0.559375 0.93125 0.51875 0.93125
11 0.521875 0.54375 0.5578125 0.54375 0.5578125 0.625 0.521875 0.625
10 0.565625 0.7375 0.6125 0.7375 0.6125 0.8375 0.565625 0.8375
10 0.434375 0.5453125 0.475 0.5453125 0.475 0.634375 0.434375 0.634375
10 0.4359375 0.6515625 0.475 0.6515625 0.475 0.7375 0.4359375 0.7375
7 0.384375 0.6515625 0.425 0.6515625 0.425 0.7359375 0.384375 0.7359375
7 0.3359375 0.546875 0.3796875 0.546875 0.3796875 0.634375 0.3359375 0.634375
7 0.3359375 0.2421875 0.375 0.2421875 0.375 0.3359375 0.3359375 0.3359375
5 0.5609375 0.66875 0.6 0.66875 0.6 0.740625 0.5609375 0.740625
5 0.33125 0.853125 0.3703125 0.853125 0.3703125 0.9375 0.33125 0.9375
5 0.334375 0.6546875 0.3703125 0.6546875 0.3703125 0.734375 0.334375 0.734375
5 0.5203125 0.459375 0.5546875 0.459375 0.5546875 0.534375 0.5203125 0.534375
5 0.6078125 0.2578125 0.6484375 0.2578125 0.6484375 0.340625 0.6078125 0.340625
5 0.5640625 0.265625 0.6046875 0.265625 0.6046875 0.340625 0.5640625 0.340625
5 0.48125 0.1421875 0.51875 0.1421875 0.51875 0.2265625 0.48125 0.2265625
5 0.428125 0.159375 0.465625 0.159375 0.465625 0.24375 0.428125 0.24375
2 0.3828125 0.159375 0.421875 0.159375 0.421875 0.24375 0.3828125 0.24375
2 0.334375 0.1515625 0.371875 0.1515625 0.371875 0.23125 0.334375 0.23125
2 0.3359375 0.346875 0.375 0.346875 0.375 0.425 0.3359375 0.425
2 0.3875 0.553125 0.425 0.553125 0.425 0.634375 0.3875 0.634375
0 0.4265625 0.253125 0.465625 0.253125 0.465625 0.3375 0.4265625 0.3375
0 0.51875 0.2625 0.55625 0.2625 0.55625 0.34375 0.51875 0.34375
0 0.6578125 0.3421875 0.6984375 0.3421875 0.6984375 0.4171875 0.6578125 0.4171875
0 0.575 0.8359375 0.6109375 0.8359375 0.6109375 0.928125 0.575 0.928125
0 0.559375 0.465625 0.6 0.465625 0.6 0.540625 0.559375 0.540625
0 0.5203125 0.753125 0.5546875 0.753125 0.5546875 0.83125 0.5203125 0.83125
3 0.6546875 0.453125 0.6890625 0.453125 0.6890625 0.525 0.6546875 0.525
3 0.653125 0.2625 0.6859375 0.2625 0.6859375 0.325 0.653125 0.325
3 0.65625 0.1875 0.6921875 0.1875 0.6921875 0.246875 0.65625 0.246875
3 0.60625 0.3625 0.6375 0.3625 0.6375 0.43125 0.60625 0.43125
3 0.603125 0.4609375 0.6375 0.4609375 0.6375 0.53125 0.603125 0.53125
3 0.559375 0.559375 0.59375 0.559375 0.59375 0.6375 0.559375 0.6375
3 0.340625 0.4609375 0.375 0.4609375 0.375 0.5328125 0.340625 0.5328125
4 0.43125 0.846875 0.471875 0.846875 0.471875 0.953125 0.43125 0.953125
4 0.384375 0.4484375 0.4234375 0.4484375 0.4234375 0.534375 0.384375 0.534375
4 0.43125 0.365625 0.4703125 0.365625 0.4703125 0.4421875 0.43125 0.4421875
1 0.3796875 0.2421875 0.4234375 0.2421875 0.4234375 0.3390625 0.3796875 0.3390625
1 0.384375 0.353125 0.4234375 0.353125 0.4234375 0.4375 0.384375 0.4375
1 0.4296875 0.45625 0.46875 0.45625 0.46875 0.540625 0.4296875 0.540625