8 0.0765625 0.0375 0.1984375 0.0375 0.1984375 0.1671875 0.0765625 0.1671875
8 0.1875 0.0421875 0.2921875 0.0421875 0.2921875 0.1640625 0.1875 0.1640625
8 0.2890625 0.046875 0.3984375 0.046875 0.3984375 0.175 0.2890625 0.175
8 0.3921875 0.0484375 0.490625 0.0484375 0.490625 0.16875 0.3921875 0.16875
8 0.5078125 0.0625 0.596875 0.0625 0.596875 0.1703125 0.5078125 0.1703125
8 0.6125 0.0609375 0.7078125 0.0609375 0.7078125 0.1609375 0.6125 0.1609375
8 0.71875 0.0671875 0.83125 0.0671875 0.83125 0.159375 0.71875 0.159375
8 0.8296875 0.0609375 0.940625 0.0609375 0.940625 0.1765625 0.8296875 0.1765625
8 0.078125 0.1546875 0.196875 0.1546875 0.196875 0.2796875 0.078125 0.2796875
8 0.196875 0.1546875 0.3 0.1546875 0.3 0.26875 0.196875 0.26875
8 0.2984375 0.1671875 0.3921875 0.1671875 0.3921875 0.265625 0.2984375 0.265625
8 0.3984375 0.159375 0.4953125 0.159375 0.4953125 0.2734375 0.3984375 0.2734375
8 0.5046875 0.1796875 0.6125 0.1796875 0.6125 0.284375 0.5046875 0.284375
8 0.6015625 0.1671875 0.7171875 0.1671875 0.7171875 0.2734375 0.6015625 0.2734375
8 0.725 0.1546875 0.825 0.1546875 0.825 0.2765625 0.725 0.2765625
8 0.8234375 0.1796875 0.94375 0.1796875 0.94375 0.278125 0.8234375 0.278125
2 0.0578125 0.6828125 0.1828125 0.6828125 0.1828125 0.8046875 0.0578125 0.8046875
2 0.190625 0.69375 0.29375 0.69375 0.29375 0.7828125 0.190625 0.7828125
2 0.315625 0.6984375 0.4 0.6984375 0.4 0.815625 0.315625 0.815625
2 0.4234375 0.7046875 0.5171875 0.7046875 0.5171875 0.7984375 0.4234375 0.7984375
2 0.6234375 0.6984375 0.7203125 0.6984375 0.7203125 0.81875 0.6234375 0.81875
2 0.73125 0.7015625 0.8296875 0.7015625 0.8296875 0.815625 0.73125 0.815625
2 0.8453125 0.7 0.975 0.7 0.975 0.79375 0.8453125 0.79375
2 0.171875 0.821875 0.290625 0.821875 0.290625 0.9359375 0.171875 0.9359375
2 0.3046875 0.821875 0.4109375 0.821875 0.4109375 0.9515625 0.3046875 0.9515625
2 0.51875 0.80625 0.6171875 0.80625 0.6171875 0.915625 0.51875 0.915625
2 0.621875 0.809375 0.7234375 0.809375 0.7234375 0.9421875 0.621875 0.9421875
2 0.728125 0.809375 0.8296875 0.809375 0.8296875 0.9078125 0.728125 0.9078125
2 0.84375 0.809375 0.9484375 0.809375 0.9484375 0.9453125 0.84375 0.9453125