3 0.175 0.4078125 0.2515625 0.4078125 0.2515625 0.4625 0.175 0.4625
3 0.7171875 0.325 0.7984375 0.325 0.7984375 0.38125 0.7171875 0.38125
3 0.71875 0.490625 0.79375 0.490625 0.79375 0.54375 0.71875 0.54375
3 0.7265625 0.5703125 0.803125 0.5703125 0.803125 0.6234375 0.7265625 0.6234375
3 0.0703125 0.503125 0.1546875 0.503125 0.1546875 0.5515625 0.0703125 0.5515625
3 0.19375 0.6609375 0.2640625 0.6609375 0.2640625 0.71875 0.19375 0.71875
3 0.515625 0.725 0.584375 0.725 0.584375 0.784375 0.515625 0.784375
1 0.2859375 0.5609375 0.384375 0.5609375 0.384375 0.6453125 0.2859375 0.6453125
1 0.1421875 0.3109375 0.2578125 0.3109375 0.2578125 0.3828125 0.1421875 0.3828125
1 0.5 0.2109375 0.59375 0.2109375 0.59375 0.30625 0.5 0.30625
1 0.8234375 0.296875 0.9734375 0.296875 0.9734375 0.378125 0.8234375 0.378125
2 0.28125 0.225 0.36875 0.225 0.36875 0.30625 0.28125 0.30625
2 0.60625 0.128125 0.6953125 0.128125 0.6953125 0.221875 0.60625 0.221875
2 0.0609375 0.659375 0.16875 0.659375 0.16875 0.746875 0.0609375 0.746875
2 0.7203125 0.6421875 0.8328125 0.6421875 0.8328125 0.7078125 0.7203125 0.7078125
6 0.296875 0.4109375 0.371875 0.4109375 0.371875 0.4671875 0.296875 0.4671875
6 0.4125 0.64375 0.4875 0.64375 0.4875 0.71875 0.4125 0.71875
6 0.8375 0.1203125 0.95 0.1203125 0.95 0.2046875 0.8375 0.2046875
6 0.628125 0.7203125 0.7140625 0.7203125 0.7140625 0.8125 0.628125 0.8125
9 0.4046875 0.4921875 0.4703125 0.4921875 0.4703125 0.5390625 0.4046875 0.5390625
9 0.6125 0.484375 0.684375 0.484375 0.684375 0.5359375 0.6125 0.5359375
9 0.3 0.65 0.371875 0.65 0.371875 0.7109375 0.3 0.7109375
9 0.0625 0.58125 0.15 0.58125 0.15 0.640625 0.0625 0.640625
11 0.15 0.13125 0.24375 0.13125 0.24375 0.215625 0.15 0.215625
11 0.725 0.1265625 0.8265625 0.1265625 0.8265625 0.2109375 0.725 0.2109375
11 0.8203125 0.559375 0.9359375 0.559375 0.9359375 0.621875 0.8203125 0.621875
0 0.60625 0.553125 0.6953125 0.553125 0.6953125 0.61875 0.60625 0.61875
0 0.5140625 0.4859375 0.590625 0.4859375 0.590625 0.546875 0.5140625 0.546875
5 0.2796875 0.484375 0.359375 0.484375 0.359375 0.5421875 0.2796875 0.5421875
5 0.2765625 0.1296875 0.353125 0.1296875 0.353125 0.215625 0.2765625 0.215625
8 0.6078125 0.6328125 0.7078125 0.6328125 0.7078125 0.7046875 0.6078125 0.7046875
8 0.81875 0.475 0.9296875 0.475 0.9296875 0.54375 0.81875 0.54375
4 0.4078125 0.7203125 0.490625 0.7203125 0.490625 0.8265625 0.4078125 0.8265625
10 0.8265625 0.7078125 0.9703125 0.7078125 0.9703125 0.8109375 0.8265625 0.8109375