3 0.7328125 0.5625 0.8171875 0.5625 0.8171875 0.615625 0.7328125 0.615625
3 0.8375 0.653125 0.934375 0.653125 0.934375 0.70625 0.8375 0.70625
3 0.184375 0.6484375 0.2671875 0.6484375 0.2671875 0.7140625 0.184375 0.7140625
3 0.071875 0.496875 0.1515625 0.496875 0.1515625 0.546875 0.071875 0.546875
3 0.0625 0.321875 0.1515625 0.321875 0.1515625 0.384375 0.0625 0.384375
3 0.05625 0.1390625 0.1453125 0.1390625 0.1453125 0.209375 0.05625 0.209375
3 0.515625 0.153125 0.590625 0.153125 0.590625 0.228125 0.515625 0.228125
4 0.51875 0.39375 0.60625 0.39375 0.60625 0.471875 0.51875 0.471875
9 0.4953125 0.2390625 0.575 0.2390625 0.575 0.3015625 0.4953125 0.3015625
9 0.6296875 0.2375 0.7046875 0.2375 0.7046875 0.303125 0.6296875 0.303125
9 0.7234375 0.3265625 0.803125 0.3265625 0.803125 0.384375 0.7234375 0.384375
9 0.1609375 0.228125 0.2484375 0.228125 0.2484375 0.29375 0.1609375 0.29375
1 0.4015625 0.5640625 0.4921875 0.5640625 0.4921875 0.640625 0.4015625 0.640625
1 0.2765625 0.1890625 0.3828125 0.1890625 0.3828125 0.3046875 0.2765625 0.3046875
1 0.715625 0.1125 0.840625 0.1125 0.840625 0.228125 0.715625 0.228125
1 0.4 0.478125 0.4890625 0.478125 0.4890625 0.55 0.4 0.55
2 0.509375 0.3109375 0.6015625 0.3109375 0.6015625 0.3859375 0.509375 0.3859375
2 0.396875 0.1203125 0.478125 0.1203125 0.478125 0.2234375 0.396875 0.2234375
2 0.28125 0.7296875 0.375 0.7296875 0.375 0.828125 0.28125 0.828125
2 0.615625 0.7265625 0.7 0.7265625 0.7 0.8234375 0.615625 0.8234375
6 0.5078125 0.565625 0.5921875 0.565625 0.5921875 0.628125 0.5078125 0.628125
6 0.396875 0.40625 0.465625 0.40625 0.465625 0.46875 0.396875 0.46875
6 0.0453125 0.6453125 0.15625 0.6453125 0.15625 0.721875 0.0453125 0.721875
6 0.040625 0.2140625 0.146875 0.2140625 0.146875 0.29375 0.040625 0.29375
11 0.40625 0.734375 0.4875 0.734375 0.4875 0.815625 0.40625 0.815625
11 0.284375 0.4 0.36875 0.4 0.36875 0.4609375 0.284375 0.4609375
11 0.8265625 0.7265625 0.9515625 0.7265625 0.9515625 0.8015625 0.8265625 0.8015625
5 0.1640625 0.4875 0.2609375 0.4875 0.2609375 0.55625 0.1640625 0.55625
5 0.7296875 0.2234375 0.8359375 0.2234375 0.8359375 0.3 0.7296875 0.3
0 0.621875 0.3921875 0.7140625 0.3921875 0.7140625 0.4671875 0.621875 0.4671875
0 0.840625 0.31875 0.953125 0.31875 0.953125 0.390625 0.840625 0.390625
8 0.615625 0.484375 0.70625 0.484375 0.70625 0.54375 0.615625 0.54375
8 0.05 0.4 0.159375 0.4 0.159375 0.465625 0.05 0.465625
10 0.5046875 0.4859375 0.5984375 0.4859375 0.5984375 0.553125 0.5046875 0.553125