5 0.1984375 0.884375 0.26875 0.884375 0.26875 0.9796875 0.1984375 0.9796875
5 0.6296875 0.5796875 0.70625 0.5796875 0.70625 0.6796875 0.6296875 0.6796875
5 0.384375 0.1875 0.434375 0.1875 0.434375 0.234375 0.384375 0.234375
5 0.6375 0.1515625 0.6953125 0.1515625 0.6953125 0.2109375 0.6375 0.2109375
11 0.2375 0.6078125 0.2890625 0.6078125 0.2890625 0.715625 0.2375 0.715625
11 0.4875 0.15625 0.5328125 0.15625 0.5328125 0.225 0.4875 0.225
8 0.2484375 0.415625 0.3015625 0.415625 0.3015625 0.484375 0.2484375 0.484375
8 0.575 0.715625 0.65 0.715625 0.65 0.8125 0.575 0.8125
6 0.371875 0.60625 0.434375 0.60625 0.434375 0.7125 0.371875 0.7125
6 0.684375 0.475 0.753125 0.475 0.753125 0.5609375 0.684375 0.5609375
10 0.5046875 0.503125 0.5609375 0.503125 0.5609375 0.596875 0.5046875 0.596875
1 0.4390625 0.503125 0.49375 0.503125 0.49375 0.5875 0.4390625 0.5875
4 0.49375 0.403125 0.5546875 0.403125 0.5546875 0.475 0.49375 0.475
7 0.434375 0.3984375 0.490625 0.3984375 0.490625 0.4796875 0.434375 0.4796875
0 0.275 0.1796875 0.31875 0.1796875 0.31875 0.234375 0.275 0.234375
0 0.659375 0.2984375 0.715625 0.2984375 0.715625 0.3609375 0.659375 0.3609375