3 0.396875 0.709375 0.45625 0.709375 0.45625 0.7875 0.396875 0.7875
3 0.70625 0.5984375 0.765625 0.5984375 0.765625 0.66875 0.70625 0.66875
3 0.70625 0.409375 0.7609375 0.409375 0.7609375 0.4765625 0.70625 0.4765625
3 0.70625 0.2953125 0.759375 0.2953125 0.759375 0.36875 0.70625 0.36875
3 0.640625 0.2921875 0.6828125 0.2921875 0.6828125 0.36875 0.640625 0.36875
3 0.55 0.3109375 0.6 0.3109375 0.6 0.3734375 0.55 0.3734375
3 0.4703125 0.409375 0.5296875 0.409375 0.5296875 0.4765625 0.4703125 0.4765625
2 0.46875 0.503125 0.5265625 0.503125 0.5265625 0.578125 0.46875 0.578125
2 0.61875 0.503125 0.6875 0.503125 0.6875 0.58125 0.61875 0.58125
2 0.475 0.6 0.534375 0.6 0.534375 0.6828125 0.475 0.6828125
2 0.3921875 0.5953125 0.4546875 0.5953125 0.4546875 0.6765625 0.3921875 0.6765625
4 0.54375 0.7078125 0.6078125 0.7078125 0.6078125 0.8296875 0.54375 0.8296875
9 0.309375 0.409375 0.3734375 0.409375 0.3734375 0.475 0.309375 0.475
9 0.5484375 0.065625 0.6015625 0.065625 0.6015625 0.1578125 0.5484375 0.1578125
9 0.628125 0.0671875 0.675 0.0671875 0.675 0.153125 0.628125 0.153125
9 0.315625 0.8078125 0.3765625 0.8078125 0.3765625 0.9015625 0.315625 0.9015625
1 0.375 0.4953125 0.453125 0.4953125 0.453125 0.5765625 0.375 0.5765625
1 0.5421875 0.403125 0.6015625 0.403125 0.6015625 0.4828125 0.5421875 0.4828125
1 0.6203125 0.3921875 0.696875 0.3921875 0.696875 0.4765625 0.6203125 0.4765625
1 0.540625 0.5015625 0.603125 0.5015625 0.603125 0.578125 0.540625 0.578125
6 0.221875 0.4984375 0.296875 0.4984375 0.296875 0.578125 0.221875 0.578125
6 0.465625 0.8171875 0.5265625 0.8171875 0.5265625 0.9109375 0.465625 0.9109375
6 0.7796875 0.290625 0.865625 0.290625 0.865625 0.371875 0.7796875 0.371875
6 0.7890625 0.7046875 0.8765625 0.7046875 0.8765625 0.8 0.7890625 0.8
11 0.4671875 0.0578125 0.528125 0.0578125 0.528125 0.165625 0.4671875 0.165625
11 0.7015625 0.040625 0.76875 0.040625 0.76875 0.15625 0.7015625 0.15625
11 0.63125 0.815625 0.6953125 0.815625 0.6953125 0.9328125 0.63125 0.9328125
5 0.3875 0.40625 0.453125 0.40625 0.453125 0.478125 0.3875 0.478125
5 0.615625 0.596875 0.690625 0.596875 0.690625 0.671875 0.615625 0.671875
0 0.465625 0.2859375 0.5234375 0.2859375 0.5234375 0.371875 0.465625 0.371875
0 0.55 0.6046875 0.603125 0.6046875 0.603125 0.678125 0.55 0.678125
8 0.2140625 0.815625 0.3 0.815625 0.3 0.9140625 0.2140625 0.9140625
8 0.296875 0.0578125 0.378125 0.0578125 0.378125 0.165625 0.296875 0.165625
10 0.278125 0.165625 0.375 0.165625 0.375 0.2796875 0.278125 0.2796875