1 0.7171875 0.190625 0.8234375 0.190625 0.8234375 0.296875 0.7171875 0.296875
4 0.0515625 0.6796875 0.1703125 0.6796875 0.1703125 0.778125 0.0515625 0.778125
4 0.18125 0.6875 0.284375 0.6875 0.284375 0.778125 0.18125 0.778125
4 0.2921875 0.6859375 0.396875 0.6859375 0.396875 0.784375 0.2921875 0.784375
4 0.40625 0.678125 0.50625 0.678125 0.50625 0.775 0.40625 0.775
6 0.0890625 0.2953125 0.19375 0.2953125 0.19375 0.3671875 0.0890625 0.3671875
6 0.2046875 0.2171875 0.2984375 0.2171875 0.2984375 0.290625 0.2046875 0.290625
6 0.4125 0.2125 0.4984375 0.2125 0.4984375 0.2859375 0.4125 0.2859375
6 0.621875 0.2125 0.7078125 0.2125 0.7078125 0.290625 0.621875 0.290625
7 0.040625 0.1109375 0.18125 0.1109375 0.18125 0.221875 0.040625 0.221875
7 0.16875 0.103125 0.2953125 0.103125 0.2953125 0.2171875 0.16875 0.2171875
7 0.2875 0.109375 0.396875 0.109375 0.396875 0.2203125 0.2875 0.2203125
7 0.409375 0.10625 0.5140625 0.10625 0.5140625 0.2078125 0.409375 0.2078125
7 0.5140625 0.1109375 0.60625 0.1109375 0.60625 0.225 0.5140625 0.225
10 0.83125 0.1140625 0.9453125 0.1140625 0.9453125 0.2015625 0.83125 0.2015625
10 0.825 0.203125 0.9609375 0.203125 0.9609375 0.2765625 0.825 0.2765625
10 0.8125 0.284375 0.946875 0.284375 0.946875 0.3734375 0.8125 0.3734375
10 0.8109375 0.3671875 0.940625 0.3671875 0.940625 0.4453125 0.8109375 0.4453125
10 0.7171875 0.68125 0.8375 0.68125 0.8375 0.78125 0.7171875 0.78125
10 0.609375 0.6828125 0.71875 0.6828125 0.71875 0.784375 0.609375 0.784375
10 0.5078125 0.68125 0.6 0.68125 0.6 0.784375 0.5078125 0.784375