4 0.6125 0.7671875 0.7453125 0.7671875 0.7453125 0.8921875 0.6125 0.8921875
2 0.3859375 0.2203125 0.49375 0.2203125 0.49375 0.33125 0.3859375 0.33125
2 0.1609375 0.2234375 0.26875 0.2234375 0.26875 0.334375 0.1609375 0.334375
2 0.4921875 0.003125 0.5890625 0.003125 0.5890625 0.1359375 0.4921875 0.1359375
2 0.70625 0.4359375 0.8296875 0.4359375 0.8296875 0.5375 0.70625 0.5375
3 0.284375 0.3296875 0.36875 0.3296875 0.36875 0.409375 0.284375 0.409375
3 0.828125 0.45 0.9296875 0.45 0.9296875 0.525 0.828125 0.525
3 0.8203125 0.3421875 0.921875 0.3421875 0.921875 0.428125 0.8203125 0.428125
3 0.7171875 0.2328125 0.8015625 0.2328125 0.8015625 0.3265625 0.7171875 0.3265625
3 0.7078125 0.1328125 0.796875 0.1328125 0.796875 0.2265625 0.7078125 0.2265625
3 0.815625 0.1390625 0.91875 0.1390625 0.91875 0.2234375 0.815625 0.2234375
3 0.803125 0.0046875 0.909375 0.0046875 0.909375 0.11875 0.803125 0.11875
3 0.7015625 0.0421875 0.7953125 0.0421875 0.7953125 0.1359375 0.7015625 0.1359375
3 0.60625 0.0359375 0.6890625 0.0359375 0.6890625 0.1328125 0.60625 0.1328125
3 0.846875 0.5609375 0.94375 0.5609375 0.94375 0.640625 0.846875 0.640625
3 0.834375 0.6640625 0.9359375 0.6640625 0.9359375 0.74375 0.834375 0.74375
3 0.8390625 0.7625 0.9359375 0.7625 0.9359375 0.85 0.8390625 0.85
3 0.7203125 0.6703125 0.8125 0.6703125 0.8125 0.75 0.7203125 0.75
3 0.7203125 0.559375 0.828125 0.559375 0.828125 0.65 0.7203125 0.65
3 0.603125 0.4625 0.7 0.4625 0.7 0.5375 0.603125 0.5375
3 0.503125 0.3265625 0.5875 0.3265625 0.5875 0.4140625 0.503125 0.4140625
3 0.1796875 0.3515625 0.2703125 0.3515625 0.2703125 0.4359375 0.1796875 0.4359375
3 0.2953125 0.55625 0.378125 0.55625 0.378125 0.63125 0.2953125 0.63125
3 0.415625 0.6640625 0.4953125 0.6640625 0.4953125 0.746875 0.415625 0.746875
3 0.5328125 0.7796875 0.6078125 0.7796875 0.6078125 0.86875 0.5328125 0.86875
3 0.2828125 0.796875 0.359375 0.796875 0.359375 0.8859375 0.2828125 0.8859375
3 0.15625 0.6984375 0.2546875 0.6984375 0.2546875 0.775 0.15625 0.775
3 0.0546875 0.009375 0.1578125 0.009375 0.1578125 0.1125 0.0546875 0.1125
9 0.1765625 0.009375 0.2671875 0.009375 0.2671875 0.1125 0.1765625 0.1125
9 0.3 0.10625 0.3796875 0.10625 0.3796875 0.2078125 0.3 0.2078125
9 0.828125 0.23125 0.9296875 0.23125 0.9296875 0.31875 0.828125 0.31875
9 0.275 0.4515625 0.359375 0.4515625 0.359375 0.534375 0.275 0.534375
9 0.0296875 0.803125 0.14375 0.803125 0.14375 0.8921875 0.0296875 0.8921875
8 0.5921875 0.2375 0.7078125 0.2375 0.7078125 0.3390625 0.5921875 0.3390625
8 0.390625 0.0046875 0.4890625 0.0046875 0.4890625 0.125 0.390625 0.125
8 0.2734375 0.659375 0.3703125 0.659375 0.3703125 0.775 0.2734375 0.775
11 0.396875 0.55625 0.4796875 0.55625 0.4796875 0.6453125 0.396875 0.6453125
5 0.05 0.4484375 0.165625 0.4484375 0.165625 0.5359375 0.05 0.5359375
5 0.5984375 0.5515625 0.709375 0.5515625 0.709375 0.653125 0.5984375 0.653125