1 0.3671875 0.6640625 0.48125 0.6640625 0.48125 0.753125 0.3671875 0.753125
4 0.2625 0.36875 0.3609375 0.36875 0.3609375 0.4328125 0.2625 0.4328125
4 0.671875 0.3640625 0.775 0.3640625 0.775 0.440625 0.671875 0.440625
4 0.0484375 0.4515625 0.1859375 0.4515625 0.1859375 0.5140625 0.0484375 0.5140625
4 0.5734375 0.5171875 0.6703125 0.5171875 0.6703125 0.5875 0.5734375 0.5875
6 0.065625 0.225 0.171875 0.225 0.171875 0.3015625 0.065625 0.3015625
6 0.0640625 0.528125 0.178125 0.528125 0.178125 0.59375 0.0640625 0.59375
6 0.1734375 0.6765625 0.271875 0.6765625 0.271875 0.7515625 0.1734375 0.7515625
6 0.68125 0.5171875 0.778125 0.5171875 0.778125 0.5734375 0.68125 0.5734375
7 0.4625 0.2015625 0.55625 0.2015625 0.55625 0.3 0.4625 0.3
7 0.1328125 0.3640625 0.2671875 0.3640625 0.2671875 0.440625 0.1328125 0.440625
7 0.2703125 0.5234375 0.3734375 0.5234375 0.3734375 0.59375 0.2703125 0.59375
7 0.5671875 0.440625 0.6640625 0.440625 0.6640625 0.515625 0.5671875 0.515625
7 0.1546875 0.74375 0.278125 0.74375 0.278125 0.834375 0.1546875 0.834375
10 0.2515625 0.19375 0.365625 0.19375 0.365625 0.296875 0.2515625 0.296875
10 0.565625 0.190625 0.6625 0.190625 0.6625 0.2890625 0.565625 0.2890625
10 0.3703125 0.44375 0.4625 0.44375 0.4625 0.515625 0.3703125 0.515625
10 0.4625 0.5140625 0.5546875 0.5140625 0.5546875 0.5890625 0.4625 0.5890625
10 0.5828125 0.7375 0.6765625 0.7375 0.6765625 0.8359375 0.5828125 0.8359375
10 0.675 0.6640625 0.7859375 0.6640625 0.7859375 0.753125 0.675 0.753125
10 0.15 0.59375 0.275 0.59375 0.275 0.66875 0.15 0.66875