11 0.63125 0.284375 0.721875 0.284375 0.721875 0.35625 0.63125 0.35625
11 0.6234375 0.4515625 0.715625 0.4515625 0.715625 0.5171875 0.6234375 0.5171875
11 0.6234375 0.6109375 0.715625 0.6109375 0.715625 0.6828125 0.6234375 0.6828125
11 0.615625 0.759375 0.70625 0.759375 0.70625 0.853125 0.615625 0.853125
11 0.5203125 0.1875 0.609375 0.1875 0.609375 0.271875 0.5203125 0.271875
11 0.5140625 0.36875 0.5984375 0.36875 0.5984375 0.4390625 0.5140625 0.4390625
11 0.40625 0.275 0.4875 0.275 0.4875 0.346875 0.40625 0.346875
11 0.403125 0.4453125 0.490625 0.4453125 0.490625 0.5109375 0.403125 0.5109375
11 0.415625 0.5921875 0.503125 0.5921875 0.503125 0.6671875 0.415625 0.6671875
11 0.2875 0.18125 0.390625 0.18125 0.390625 0.265625 0.2875 0.265625
11 0.2859375 0.528125 0.3796875 0.528125 0.3796875 0.6 0.2859375 0.6