0 0.6625 0.8171875 0.7390625 0.8171875 0.7390625 0.9578125 0.6625 0.9578125
0 0.7609375 0.7265625 0.8390625 0.7265625 0.8390625 0.834375 0.7609375 0.834375
0 0.68125 0.628125 0.74375 0.628125 0.74375 0.728125 0.68125 0.728125
0 0.7453125 0.515625 0.8328125 0.515625 0.8328125 0.6109375 0.7453125 0.6109375
0 0.6828125 0.4265625 0.7484375 0.4265625 0.7484375 0.5046875 0.6828125 0.5046875
0 0.75 0.3078125 0.8421875 0.3078125 0.8421875 0.39375 0.75 0.39375
0 0.671875 0.1921875 0.75625 0.1921875 0.75625 0.2984375 0.671875 0.2984375
2 0.1984375 0.7921875 0.2828125 0.7921875 0.2828125 0.896875 0.1984375 0.896875
2 0.359375 0.7046875 0.421875 0.7046875 0.421875 0.8078125 0.359375 0.8078125
2 0.509375 0.5046875 0.584375 0.5046875 0.584375 0.5890625 0.509375 0.5890625
3 0.2171875 0.1890625 0.29375 0.1890625 0.29375 0.2859375 0.2171875 0.2859375
3 0.29375 0.08125 0.3515625 0.08125 0.3515625 0.175 0.29375 0.175
3 0.3765625 0.2015625 0.4421875 0.2015625 0.4421875 0.2859375 0.3765625 0.2859375
3 0.45625 0.0734375 0.5171875 0.0734375 0.5171875 0.1796875 0.45625 0.1796875
3 0.521875 0.2125 0.584375 0.2125 0.584375 0.30625 0.521875 0.30625
3 0.6046875 0.0890625 0.659375 0.0890625 0.659375 0.2015625 0.6046875 0.2015625
3 0.696875 0.0984375 0.75 0.0984375 0.75 0.1984375 0.696875 0.1984375
5 0.2 0.40625 0.2875 0.40625 0.2875 0.49375 0.2 0.49375
5 0.271875 0.5078125 0.353125 0.5078125 0.353125 0.590625 0.271875 0.590625