9 0.24375 0.1390625 0.3140625 0.1390625 0.3140625 0.221875 0.24375 0.221875
9 0.346875 0.15625 0.4078125 0.15625 0.4078125 0.2328125 0.346875 0.2328125
9 0.4578125 0.1296875 0.5203125 0.1296875 0.5203125 0.20625 0.4578125 0.20625
9 0.5453125 0.1375 0.6109375 0.1375 0.6109375 0.2203125 0.5453125 0.2203125
9 0.34375 0.234375 0.415625 0.234375 0.415625 0.30625 0.34375 0.30625
9 0.4515625 0.2296875 0.5171875 0.2296875 0.5171875 0.3015625 0.4515625 0.3015625
9 0.628125 0.23125 0.69375 0.23125 0.69375 0.30625 0.628125 0.30625
9 0.7140625 0.2265625 0.78125 0.2265625 0.78125 0.30625 0.7140625 0.30625
9 0.815625 0.2265625 0.9 0.2265625 0.9 0.3015625 0.815625 0.3015625
9 0.14375 0.325 0.2203125 0.325 0.2203125 0.4 0.14375 0.4
9 0.2515625 0.3359375 0.3234375 0.3359375 0.3234375 0.4078125 0.2515625 0.4078125
9 0.346875 0.3171875 0.4078125 0.3171875 0.4078125 0.39375 0.346875 0.39375
9 0.434375 0.3140625 0.4953125 0.3140625 0.4953125 0.3890625 0.434375 0.3890625
9 0.6171875 0.321875 0.684375 0.321875 0.684375 0.3984375 0.6171875 0.3984375
9 0.7265625 0.3265625 0.8015625 0.3265625 0.8015625 0.396875 0.7265625 0.396875
9 0.815625 0.3203125 0.890625 0.3203125 0.890625 0.390625 0.815625 0.390625
9 0.2515625 0.43125 0.3265625 0.43125 0.3265625 0.496875 0.2515625 0.496875
9 0.3453125 0.421875 0.409375 0.421875 0.409375 0.49375 0.3453125 0.49375
9 0.45 0.41875 0.5203125 0.41875 0.5203125 0.484375 0.45 0.484375
9 0.5296875 0.43125 0.596875 0.43125 0.596875 0.4984375 0.5296875 0.4984375
9 0.615625 0.4359375 0.6859375 0.4359375 0.6859375 0.50625 0.615625 0.50625
9 0.8296875 0.415625 0.9046875 0.415625 0.9046875 0.4828125 0.8296875 0.4828125
9 0.1453125 0.5140625 0.2328125 0.5140625 0.2328125 0.584375 0.1453125 0.584375
9 0.3546875 0.50625 0.4203125 0.50625 0.4203125 0.5765625 0.3546875 0.5765625
9 0.4515625 0.51875 0.51875 0.51875 0.51875 0.584375 0.4515625 0.584375
9 0.625 0.51875 0.6953125 0.51875 0.6953125 0.584375 0.625 0.584375
9 0.728125 0.5125 0.8078125 0.5125 0.8078125 0.5828125 0.728125 0.5828125
9 0.83125 0.5203125 0.915625 0.5203125 0.915625 0.5875 0.83125 0.5875
9 0.1390625 0.6078125 0.221875 0.6078125 0.221875 0.6796875 0.1390625 0.6796875
9 0.2625 0.61875 0.334375 0.61875 0.334375 0.678125 0.2625 0.678125
9 0.35 0.6171875 0.421875 0.6171875 0.421875 0.6921875 0.35 0.6921875
9 0.44375 0.603125 0.5140625 0.603125 0.5140625 0.6734375 0.44375 0.6734375
9 0.5296875 0.60625 0.6 0.60625 0.6 0.6765625 0.5296875 0.6765625
9 0.6265625 0.60625 0.7015625 0.60625 0.7015625 0.6765625 0.6265625 0.6765625
9 0.7140625 0.6171875 0.784375 0.6171875 0.784375 0.6890625 0.7140625 0.6890625
9 0.8390625 0.6125 0.9109375 0.6125 0.9109375 0.6828125 0.8390625 0.6828125
9 0.140625 0.7015625 0.2234375 0.7015625 0.2234375 0.778125 0.140625 0.778125
9 0.346875 0.7140625 0.4171875 0.7140625 0.4171875 0.7890625 0.346875 0.7890625
9 0.6296875 0.703125 0.7015625 0.703125 0.7015625 0.7828125 0.6296875 0.7828125
9 0.734375 0.7078125 0.8140625 0.7078125 0.8140625 0.784375 0.734375 0.784375
9 0.2375 0.803125 0.3140625 0.803125 0.3140625 0.8921875 0.2375 0.8921875
9 0.346875 0.796875 0.421875 0.796875 0.421875 0.8859375 0.346875 0.8859375
9 0.5453125 0.8046875 0.6203125 0.8046875 0.6203125 0.8890625 0.5453125 0.8890625
9 0.8359375 0.8140625 0.9234375 0.8140625 0.9234375 0.896875 0.8359375 0.896875