2 0.5890625 0.765625 0.6890625 0.765625 0.6890625 0.896875 0.5890625 0.896875
2 0.025 0.746875 0.153125 0.746875 0.153125 0.85 0.025 0.85
2 0.371875 0.65625 0.478125 0.65625 0.478125 0.775 0.371875 0.775
2 0.2640625 0.671875 0.3546875 0.671875 0.3546875 0.76875 0.2640625 0.76875
2 0.1734375 0.5703125 0.2734375 0.5703125 0.2734375 0.6515625 0.1734375 0.6515625
2 0.2765625 0.4640625 0.38125 0.4640625 0.38125 0.5578125 0.2765625 0.5578125
2 0.46875 0.4671875 0.584375 0.4671875 0.584375 0.56875 0.46875 0.56875
2 0.6765625 0.48125 0.790625 0.48125 0.790625 0.5640625 0.6765625 0.5640625
2 0.5828125 0.3765625 0.6703125 0.3765625 0.6703125 0.46875 0.5828125 0.46875
2 0.396875 0.38125 0.4796875 0.38125 0.4796875 0.45625 0.396875 0.45625
2 0.290625 0.3375 0.3796875 0.3375 0.3796875 0.434375 0.290625 0.434375
2 0.1578125 0.26875 0.271875 0.26875 0.271875 0.3890625 0.1578125 0.3890625
2 0.3671875 0.0640625 0.4828125 0.0640625 0.4828125 0.1640625 0.3671875 0.1640625
8 0.8015625 0.6890625 0.9203125 0.6890625 0.9203125 0.7765625 0.8015625 0.7765625
8 0.584375 0.671875 0.68125 0.671875 0.68125 0.753125 0.584375 0.753125
8 0.4734375 0.775 0.571875 0.775 0.571875 0.865625 0.4734375 0.865625
8 0.1703125 0.771875 0.2640625 0.771875 0.2640625 0.853125 0.1703125 0.853125
8 0.7796875 0.56875 0.9046875 0.56875 0.9046875 0.65625 0.7796875 0.65625
8 0.0328125 0.3734375 0.1765625 0.3734375 0.1765625 0.45625 0.0328125 0.45625
8 0.6953125 0.3703125 0.815625 0.3703125 0.815625 0.4578125 0.6953125 0.4578125
8 0.69375 0.2734375 0.828125 0.2734375 0.828125 0.3546875 0.69375 0.3546875
8 0.5890625 0.253125 0.6703125 0.253125 0.6703125 0.35 0.5890625 0.35
8 0.7953125 0.1578125 0.8984375 0.1578125 0.8984375 0.2578125 0.7953125 0.2578125
8 0.690625 0.1640625 0.771875 0.1640625 0.771875 0.2578125 0.690625 0.2578125
8 0.2921875 0.153125 0.3734375 0.153125 0.3734375 0.2578125 0.2921875 0.2578125
8 0.175 0.16875 0.2796875 0.16875 0.2796875 0.246875 0.175 0.246875
8 0.7796875 0.040625 0.896875 0.040625 0.896875 0.15 0.7796875 0.15
8 0.590625 0.0296875 0.6734375 0.0296875 0.6734375 0.1515625 0.590625 0.1515625
8 0.0703125 0.0578125 0.1890625 0.0578125 0.1890625 0.1484375 0.0703125 0.1484375