6 0.746875 0.6890625 0.890625 0.6890625 0.890625 0.7609375 0.746875 0.7609375
6 0.2921875 0.7796875 0.475 0.7796875 0.475 0.8609375 0.2921875 0.8609375
6 0.496875 0.496875 0.675 0.496875 0.675 0.5671875 0.496875 0.5671875
6 0.7171875 0.3734375 0.8765625 0.3734375 0.8765625 0.446875 0.7171875 0.446875
6 0.678125 0.2796875 0.825 0.2796875 0.825 0.359375 0.678125 0.359375
6 0.29375 0.296875 0.459375 0.296875 0.459375 0.375 0.29375 0.375
0 0.7078125 0.4890625 0.85625 0.4890625 0.85625 0.5515625 0.7078125 0.5515625
0 0.2828125 0.5078125 0.44375 0.5078125 0.44375 0.584375 0.2828125 0.584375
0 0.065625 0.3953125 0.234375 0.3953125 0.234375 0.4671875 0.065625 0.4671875
0 0.7375 0.5703125 0.884375 0.5703125 0.884375 0.6421875 0.7375 0.6421875
0 0.4625 0.6015625 0.625 0.6015625 0.625 0.6625 0.4625 0.6625
0 0.25 0.6890625 0.43125 0.6890625 0.43125 0.7546875 0.25 0.7546875