11 0.278125 0.6015625 0.353125 0.6015625 0.353125 0.665625 0.278125 0.665625
11 0.3765625 0.45625 0.446875 0.45625 0.446875 0.521875 0.3765625 0.521875
11 0.45625 0.4546875 0.5359375 0.4546875 0.5359375 0.51875 0.45625 0.51875
11 0.7046875 0.375 0.7984375 0.375 0.7984375 0.440625 0.7046875 0.440625
9 0.1890625 0.5421875 0.2796875 0.5421875 0.2796875 0.584375 0.1890625 0.584375
9 0.3875 0.5921875 0.45625 0.5921875 0.45625 0.6453125 0.3875 0.6453125
9 0.5640625 0.5890625 0.6328125 0.5890625 0.6328125 0.6421875 0.5640625 0.6421875
9 0.6265625 0.515625 0.7125 0.515625 0.7125 0.56875 0.6265625 0.56875
9 0.54375 0.3875 0.61875 0.3875 0.61875 0.4296875 0.54375 0.4296875
9 0.534375 0.3328125 0.6125 0.3328125 0.6125 0.378125 0.534375 0.378125
9 0.5296875 0.2640625 0.6 0.2640625 0.6 0.3234375 0.5296875 0.3234375
9 0.3671875 0.2734375 0.428125 0.2734375 0.428125 0.3296875 0.3671875 0.3296875
9 0.3640625 0.3265625 0.421875 0.3265625 0.421875 0.3859375 0.3640625 0.3859375
9 0.19375 0.334375 0.2734375 0.334375 0.2734375 0.39375 0.19375 0.39375
9 0.190625 0.271875 0.2609375 0.271875 0.2609375 0.3296875 0.190625 0.3296875
8 0.371875 0.51875 0.440625 0.51875 0.440625 0.5828125 0.371875 0.5828125
8 0.715625 0.5890625 0.803125 0.5890625 0.803125 0.6421875 0.715625 0.6421875
8 0.63125 0.3828125 0.7 0.3828125 0.7 0.4421875 0.63125 0.4421875
8 0.6265625 0.4546875 0.7125 0.4546875 0.7125 0.509375 0.6265625 0.509375
7 0.70625 0.296875 0.8 0.296875 0.8 0.3734375 0.70625 0.3734375
6 0.0875 0.3890625 0.190625 0.3890625 0.190625 0.459375 0.0875 0.459375
6 0.28125 0.3171875 0.3515625 0.3171875 0.3515625 0.390625 0.28125 0.390625
6 0.446875 0.3875 0.5140625 0.3875 0.5140625 0.446875 0.446875 0.446875
6 0.45625 0.59375 0.5328125 0.59375 0.5328125 0.646875 0.45625 0.646875
6 0.1828125 0.4609375 0.25625 0.4609375 0.25625 0.521875 0.1828125 0.521875
5 0.0875 0.4640625 0.190625 0.4640625 0.190625 0.5203125 0.0875 0.5203125
5 0.2765625 0.5203125 0.3609375 0.5203125 0.3609375 0.5765625 0.2765625 0.5765625
3 0.1078125 0.26875 0.1828125 0.26875 0.1828125 0.33125 0.1078125 0.33125
3 0.6109375 0.2609375 0.671875 0.2609375 0.671875 0.3140625 0.6109375 0.3140625
3 0.6171875 0.321875 0.6796875 0.321875 0.6796875 0.36875 0.6171875 0.36875
3 0.55 0.51875 0.6171875 0.51875 0.6171875 0.575 0.55 0.575
3 0.475 0.521875 0.534375 0.521875 0.534375 0.575 0.475 0.575
3 0.628125 0.5828125 0.7078125 0.5828125 0.7078125 0.6390625 0.628125 0.6390625
3 0.3703125 0.4 0.4453125 0.4 0.4453125 0.44375 0.3703125 0.44375
2 0.7078125 0.25 0.7875 0.25 0.7875 0.3171875 0.7078125 0.3171875
2 0.28125 0.3984375 0.359375 0.3984375 0.359375 0.4609375 0.28125 0.4609375
2 0.54375 0.646875 0.6296875 0.646875 0.6296875 0.715625 0.54375 0.715625
0 0.0953125 0.6015625 0.1859375 0.6015625 0.1859375 0.6546875 0.0953125 0.6546875
0 0.0984375 0.528125 0.190625 0.528125 0.190625 0.584375 0.0984375 0.584375
0 0.178125 0.3953125 0.265625 0.3953125 0.265625 0.4515625 0.178125 0.4515625
0 0.0828125 0.33125 0.178125 0.33125 0.178125 0.3875 0.0828125 0.3875
0 0.2703125 0.2515625 0.34375 0.2515625 0.34375 0.3265625 0.2703125 0.3265625
0 0.546875 0.4484375 0.6265625 0.4484375 0.6265625 0.5078125 0.546875 0.5078125
0 0.703125 0.45 0.7984375 0.45 0.7984375 0.50625 0.703125 0.50625