0 0.1 0.840625 0.20625 0.840625 0.20625 0.95 0.1 0.95
0 0.0609375 0.096875 0.1765625 0.096875 0.1765625 0.2078125 0.0609375 0.2078125
0 0.1 0.53125 0.203125 0.53125 0.203125 0.615625 0.1 0.615625
0 0.4859375 0.425 0.5828125 0.425 0.5828125 0.509375 0.4859375 0.509375
0 0.6765625 0.40625 0.7703125 0.40625 0.7703125 0.4875 0.6765625 0.4875
1 0.6875 0.3 0.809375 0.3 0.809375 0.409375 0.6875 0.409375
1 0.3765625 0.53125 0.475 0.53125 0.475 0.615625 0.3765625 0.615625
1 0.290625 0.721875 0.39375 0.721875 0.39375 0.84375 0.290625 0.84375
2 0.79375 0.296875 0.90625 0.296875 0.90625 0.4 0.79375 0.4
2 0.08125 0.415625 0.2125 0.415625 0.2125 0.5171875 0.08125 0.5171875
2 0.775 0.4125 0.88125 0.4125 0.88125 0.509375 0.775 0.509375
2 0.19375 0.825 0.3015625 0.825 0.3015625 0.940625 0.19375 0.940625
3 0.36875 0.0828125 0.471875 0.0828125 0.471875 0.1890625 0.36875 0.1890625
3 0.6921875 0.2265625 0.7640625 0.2265625 0.7640625 0.309375 0.6921875 0.309375
3 0.4921875 0.228125 0.5671875 0.228125 0.5671875 0.3078125 0.4921875 0.3078125
3 0.2140625 0.2296875 0.303125 0.2296875 0.303125 0.315625 0.2140625 0.315625
3 0.3078125 0.315625 0.3875 0.315625 0.3875 0.3953125 0.3078125 0.3953125
3 0.19375 0.515625 0.290625 0.515625 0.290625 0.5875 0.19375 0.5875
3 0.603125 0.5046875 0.6875 0.5046875 0.6875 0.5921875 0.603125 0.5921875
3 0.8 0.6 0.8921875 0.6 0.8921875 0.6671875 0.8 0.6671875
3 0.4 0.73125 0.478125 0.73125 0.478125 0.821875 0.4 0.821875
3 0.596875 0.8125 0.696875 0.8125 0.696875 0.9015625 0.596875 0.9015625
4 0.1734375 0.7078125 0.3046875 0.7078125 0.3046875 0.8421875 0.1734375 0.8421875
4 0.578125 0.05625 0.690625 0.05625 0.690625 0.215625 0.578125 0.215625
4 0.0609375 0.325 0.20625 0.325 0.20625 0.4203125 0.0609375 0.4203125
5 0.775 0.0875 0.890625 0.0875 0.890625 0.2125 0.775 0.2125
5 0.4890625 0.709375 0.5828125 0.709375 0.5828125 0.8125 0.4890625 0.8125
5 0.7125 0.715625 0.815625 0.715625 0.815625 0.815625 0.7125 0.815625
5 0.6875 0.509375 0.790625 0.509375 0.790625 0.5875 0.6875 0.5875
5 0.4015625 0.4078125 0.4734375 0.4078125 0.4734375 0.4953125 0.4015625 0.4953125
5 0.40625 0.321875 0.49375 0.321875 0.49375 0.4046875 0.40625 0.4046875
6 0.5875 0.1984375 0.68125 0.1984375 0.68125 0.30625 0.5875 0.30625
6 0.6140625 0.434375 0.7015625 0.434375 0.7015625 0.50625 0.6140625 0.50625
6 0.484375 0.296875 0.578125 0.296875 0.578125 0.3984375 0.484375 0.3984375
6 0.315625 0.61875 0.4 0.61875 0.4 0.7078125 0.315625 0.7078125
6 0.5 0.8203125 0.59375 0.8203125 0.59375 0.9265625 0.5 0.9265625
7 0.3875 0.1921875 0.4875 0.1921875 0.4875 0.3078125 0.3875 0.3078125
7 0.49375 0.515625 0.5921875 0.515625 0.5921875 0.621875 0.49375 0.621875
7 0.28125 0.5203125 0.3875 0.5203125 0.3875 0.6359375 0.28125 0.6359375
8 0.1828125 0.08125 0.28125 0.08125 0.28125 0.20625 0.1828125 0.20625
8 0.49375 0.084375 0.578125 0.084375 0.578125 0.196875 0.49375 0.196875
8 0.303125 0.1921875 0.384375 0.1921875 0.384375 0.3078125 0.303125 0.3078125
8 0.7 0.809375 0.8 0.809375 0.8 0.9234375 0.7 0.9234375
8 0.3796875 0.821875 0.4828125 0.821875 0.4828125 0.9359375 0.3796875 0.9359375
8 0.190625 0.6140625 0.296875 0.6140625 0.296875 0.70625 0.190625 0.70625
9 0.278125 0.1171875 0.3609375 0.1171875 0.3609375 0.2140625 0.278125 0.2140625
9 0.69375 0.09375 0.778125 0.09375 0.778125 0.1875 0.69375 0.1875
9 0.778125 0.2140625 0.871875 0.2140625 0.871875 0.3 0.778125 0.3
9 0.0828125 0.225 0.1765625 0.225 0.1765625 0.3015625 0.0828125 0.3015625
9 0.303125 0.4046875 0.371875 0.4046875 0.371875 0.4703125 0.303125 0.4703125
9 0.1640625 0.315625 0.2671875 0.315625 0.2671875 0.3984375 0.1640625 0.3984375
9 0.775 0.5234375 0.8765625 0.5234375 0.8765625 0.5984375 0.775 0.5984375
9 0.6046875 0.5953125 0.6796875 0.5953125 0.6796875 0.6671875 0.6046875 0.6671875
9 0.7125 0.60625 0.803125 0.60625 0.803125 0.6984375 0.7125 0.6984375
9 0.7984375 0.715625 0.8859375 0.715625 0.8859375 0.796875 0.7984375 0.796875
9 0.3140625 0.8265625 0.396875 0.8265625 0.396875 0.91875 0.3140625 0.91875
10 0.503125 0.615625 0.6 0.615625 0.6 0.7234375 0.503125 0.7234375
10 0.4203125 0.6125 0.5140625 0.6125 0.5140625 0.728125 0.4203125 0.728125
10 0.5875 0.3125 0.69375 0.3125 0.69375 0.41875 0.5875 0.41875
11 0.203125 0.421875 0.30625 0.421875 0.30625 0.515625 0.203125 0.515625
11 0.09375 0.7078125 0.196875 0.7078125 0.196875 0.8015625 0.09375 0.8015625
11 0.09375 0.625 0.1953125 0.625 0.1953125 0.715625 0.09375 0.715625
11 0.8078125 0.8078125 0.9265625 0.8078125 0.9265625 0.9234375 0.8078125 0.9234375
6 0.59375 0.715625 0.6921875 0.715625 0.6921875 0.81875 0.59375 0.81875