2 0.60625 0.8359375 0.6828125 0.8359375 0.6828125 0.9421875 0.60625 0.9421875
2 0.403125 0.8421875 0.4859375 0.8421875 0.4859375 0.9625 0.403125 0.9625
2 0.190625 0.8484375 0.2875 0.8484375 0.2875 0.959375 0.190625 0.959375
2 0.065625 0.74375 0.165625 0.74375 0.165625 0.853125 0.065625 0.853125
2 0.2 0.7375 0.2828125 0.7375 0.2828125 0.846875 0.2 0.846875
2 0.5953125 0.7328125 0.671875 0.7328125 0.671875 0.8515625 0.5953125 0.8515625
2 0.784375 0.6390625 0.8765625 0.6390625 0.8765625 0.728125 0.784375 0.728125
2 0.6984375 0.5390625 0.775 0.5390625 0.775 0.6234375 0.6984375 0.6234375
2 0.590625 0.534375 0.66875 0.534375 0.66875 0.621875 0.590625 0.621875
2 0.4015625 0.6390625 0.4765625 0.6390625 0.4765625 0.728125 0.4015625 0.728125
2 0.19375 0.546875 0.284375 0.546875 0.284375 0.634375 0.19375 0.634375
2 0.48125 0.4578125 0.55625 0.4578125 0.55625 0.5296875 0.48125 0.5296875
2 0.5921875 0.33125 0.671875 0.33125 0.671875 0.421875 0.5921875 0.421875
8 0.4984375 0.725 0.56875 0.725 0.56875 0.815625 0.4984375 0.815625
8 0.696875 0.640625 0.76875 0.640625 0.76875 0.715625 0.696875 0.715625
8 0.7859375 0.5328125 0.8828125 0.5328125 0.8828125 0.615625 0.7859375 0.615625
8 0.3984375 0.5390625 0.4640625 0.5390625 0.4640625 0.621875 0.3984375 0.621875
8 0.2984375 0.44375 0.3734375 0.44375 0.3734375 0.51875 0.2984375 0.51875
8 0.1953125 0.6375 0.2796875 0.6375 0.2796875 0.7234375 0.1953125 0.7234375
8 0.0828125 0.4375 0.1859375 0.4375 0.1859375 0.525 0.0828125 0.525
8 0.184375 0.24375 0.28125 0.24375 0.28125 0.3375 0.184375 0.3375
8 0.0671875 0.1046875 0.1703125 0.1046875 0.1703125 0.2265625 0.0671875 0.2265625
8 0.175 0.1125 0.265625 0.1125 0.265625 0.228125 0.175 0.228125
8 0.296875 0.10625 0.3625 0.10625 0.3625 0.225 0.296875 0.225
8 0.39375 0.1140625 0.46875 0.1140625 0.46875 0.2125 0.39375 0.2125
8 0.39375 0.225 0.46875 0.225 0.46875 0.325 0.39375 0.325
8 0.69375 0.2125 0.778125 0.2125 0.778125 0.328125 0.69375 0.328125
8 0.7921875 0.0875 0.8953125 0.0875 0.8953125 0.2046875 0.7921875 0.2046875