2 0.265625 0.284375 0.340625 0.284375 0.340625 0.3890625 0.265625 0.3890625
2 0.584375 0.290625 0.6609375 0.290625 0.6609375 0.3875 0.584375 0.3875
2 0.43125 0.4953125 0.5 0.4953125 0.5 0.58125 0.43125 0.58125
0 0.271875 0.6 0.35 0.6 0.35 0.7015625 0.271875 0.7015625
0 0.440625 0.6125 0.503125 0.6125 0.503125 0.690625 0.440625 0.690625
0 0.5890625 0.6 0.6640625 0.6 0.6640625 0.6984375 0.5890625 0.6984375
0 0.671875 0.7015625 0.746875 0.7015625 0.746875 0.8109375 0.671875 0.8109375
0 0.7625 0.8171875 0.846875 0.8171875 0.846875 0.93125 0.7625 0.93125
0 0.171875 0.7015625 0.253125 0.7015625 0.253125 0.803125 0.171875 0.803125
0 0.15625 0.821875 0.253125 0.821875 0.253125 0.9453125 0.15625 0.9453125
3 0.365625 0.3875 0.4296875 0.3875 0.4296875 0.465625 0.365625 0.465625
3 0.4328125 0.39375 0.4890625 0.39375 0.4890625 0.4703125 0.4328125 0.4703125
3 0.5171875 0.3890625 0.5765625 0.3890625 0.5765625 0.4734375 0.5171875 0.4734375
3 0.5234375 0.5078125 0.5796875 0.5078125 0.5796875 0.5765625 0.5234375 0.5765625
3 0.5203125 0.6046875 0.578125 0.6046875 0.578125 0.6984375 0.5203125 0.6984375
3 0.3625 0.6125 0.421875 0.6125 0.421875 0.6859375 0.3625 0.6859375
3 0.359375 0.4984375 0.421875 0.4984375 0.421875 0.5765625 0.359375 0.5765625
5 0.1875 0.0671875 0.275 0.0671875 0.275 0.1890625 0.1875 0.1890625
5 0.7265625 0.065625 0.8265625 0.065625 0.8265625 0.18125 0.7265625 0.18125