9 0.803125 0.090625 0.8890625 0.090625 0.8890625 0.1765625 0.803125 0.1765625
9 0.7953125 0.2921875 0.8796875 0.2921875 0.8796875 0.3609375 0.7953125 0.3609375
9 0.7984375 0.39375 0.8890625 0.39375 0.8890625 0.4625 0.7984375 0.4625
9 0.803125 0.6921875 0.8890625 0.6921875 0.8890625 0.771875 0.803125 0.771875
9 0.8078125 0.7828125 0.9015625 0.7828125 0.9015625 0.8671875 0.8078125 0.8671875
9 0.703125 0.196875 0.7828125 0.196875 0.7828125 0.2796875 0.703125 0.2796875
9 0.6984375 0.3 0.778125 0.3 0.778125 0.3796875 0.6984375 0.3796875
9 0.690625 0.4046875 0.7734375 0.4046875 0.7734375 0.475 0.690625 0.475
9 0.696875 0.484375 0.78125 0.484375 0.78125 0.55 0.696875 0.55
9 0.709375 0.6984375 0.790625 0.6984375 0.790625 0.7734375 0.709375 0.7734375
9 0.609375 0.0890625 0.68125 0.0890625 0.68125 0.178125 0.609375 0.178125
9 0.6171875 0.21875 0.68125 0.21875 0.68125 0.2953125 0.6171875 0.2953125
9 0.60625 0.303125 0.684375 0.303125 0.684375 0.3796875 0.60625 0.3796875
9 0.6078125 0.403125 0.6796875 0.403125 0.6796875 0.4796875 0.6078125 0.4796875
9 0.6 0.4984375 0.6734375 0.4984375 0.6734375 0.56875 0.6 0.56875
9 0.6078125 0.59375 0.6921875 0.59375 0.6921875 0.665625 0.6078125 0.665625
9 0.515625 0.0796875 0.590625 0.0796875 0.590625 0.175 0.515625 0.175
9 0.5109375 0.1828125 0.590625 0.1828125 0.590625 0.259375 0.5109375 0.259375
9 0.5140625 0.3078125 0.584375 0.3078125 0.584375 0.3796875 0.5140625 0.3796875
9 0.515625 0.403125 0.5828125 0.403125 0.5828125 0.471875 0.515625 0.471875
9 0.515625 0.5078125 0.5875 0.5078125 0.5875 0.58125 0.515625 0.58125
9 0.5015625 0.5921875 0.56875 0.5921875 0.56875 0.6625 0.5015625 0.6625
9 0.5015625 0.684375 0.575 0.684375 0.575 0.7578125 0.5015625 0.7578125
9 0.53125 0.7890625 0.603125 0.7890625 0.603125 0.8734375 0.53125 0.8734375
9 0.4109375 0.0796875 0.48125 0.0796875 0.48125 0.165625 0.4109375 0.165625
9 0.4234375 0.4140625 0.4953125 0.4140625 0.4953125 0.478125 0.4234375 0.478125
9 0.409375 0.4890625 0.4796875 0.4890625 0.4796875 0.5609375 0.409375 0.5609375
9 0.4203125 0.6875 0.4921875 0.6875 0.4921875 0.76875 0.4203125 0.76875
9 0.3125 0.0890625 0.3828125 0.0890625 0.3828125 0.1796875 0.3125 0.1796875
9 0.321875 0.1890625 0.3875 0.1890625 0.3875 0.271875 0.321875 0.271875
9 0.3125 0.309375 0.3875 0.309375 0.3875 0.390625 0.3125 0.390625
9 0.321875 0.4015625 0.39375 0.4015625 0.39375 0.4765625 0.321875 0.4765625
9 0.3046875 0.5140625 0.3734375 0.5140625 0.3734375 0.5859375 0.3046875 0.5859375
9 0.321875 0.809375 0.3875 0.809375 0.3875 0.89375 0.321875 0.89375
9 0.2046875 0.0765625 0.2765625 0.0765625 0.2765625 0.1734375 0.2046875 0.1734375
9 0.209375 0.203125 0.278125 0.203125 0.278125 0.2828125 0.209375 0.2828125
9 0.209375 0.3015625 0.2875 0.3015625 0.2875 0.38125 0.209375 0.38125
9 0.2046875 0.6 0.2890625 0.6 0.2890625 0.6734375 0.2046875 0.6734375
9 0.2 0.8125 0.28125 0.8125 0.28125 0.903125 0.2 0.903125
9 0.0875 0.1890625 0.1625 0.1890625 0.1625 0.275 0.0875 0.275
9 0.10625 0.3890625 0.1921875 0.3890625 0.1921875 0.4609375 0.10625 0.4609375
9 0.0984375 0.4921875 0.1828125 0.4921875 0.1828125 0.5609375 0.0984375 0.5609375
9 0.0890625 0.596875 0.1734375 0.596875 0.1734375 0.671875 0.0890625 0.671875
9 0.096875 0.825 0.18125 0.825 0.18125 0.9109375 0.096875 0.9109375