3 0.553125 0.409375 0.6015625 0.409375 0.6015625 0.4671875 0.553125 0.4671875
3 0.55 0.21875 0.5984375 0.21875 0.5984375 0.2890625 0.55 0.2890625
3 0.621875 0.1125 0.6703125 0.1125 0.6703125 0.1890625 0.621875 0.1890625
3 0.484375 0.21875 0.5296875 0.21875 0.5296875 0.29375 0.484375 0.29375
3 0.4078125 0.5171875 0.4609375 0.5171875 0.4609375 0.578125 0.4078125 0.578125
3 0.4046875 0.60625 0.45625 0.60625 0.45625 0.66875 0.4046875 0.66875
3 0.2515625 0.8234375 0.30625 0.8234375 0.30625 0.8984375 0.2515625 0.8984375
1 0.621875 0.603125 0.7046875 0.603125 0.7046875 0.678125 0.621875 0.678125
1 0.4765625 0.5953125 0.54375 0.5953125 0.54375 0.6796875 0.4765625 0.6796875
1 0.321875 0.5140625 0.3921875 0.5140625 0.3921875 0.59375 0.321875 0.59375
1 0.1375 0.60625 0.23125 0.60625 0.23125 0.690625 0.1375 0.690625
2 0.6984375 0.409375 0.775 0.409375 0.775 0.484375 0.6984375 0.484375
2 0.33125 0.4078125 0.3921875 0.4078125 0.3921875 0.4921875 0.33125 0.4921875
2 0.15 0.30625 0.2328125 0.30625 0.2328125 0.390625 0.15 0.390625
2 0.171875 0.4203125 0.24375 0.4203125 0.24375 0.5 0.171875 0.5
6 0.4046875 0.7109375 0.45625 0.7109375 0.45625 0.79375 0.4046875 0.79375
6 0.40625 0.8109375 0.4640625 0.8109375 0.4640625 0.9046875 0.40625 0.9046875
6 0.33125 0.6078125 0.3859375 0.6078125 0.3859375 0.6796875 0.33125 0.6796875
6 0.2453125 0.509375 0.30625 0.509375 0.30625 0.5890625 0.2453125 0.5890625
9 0.4796875 0.3265625 0.53125 0.3265625 0.53125 0.3890625 0.4796875 0.3890625
9 0.4140625 0.4265625 0.4625 0.4265625 0.4625 0.4890625 0.4140625 0.4890625
9 0.253125 0.7171875 0.3046875 0.7171875 0.3046875 0.784375 0.253125 0.784375
9 0.4 0.11875 0.4484375 0.11875 0.4484375 0.1953125 0.4 0.1953125
11 0.55625 0.6 0.6125 0.6 0.6125 0.675 0.55625 0.675
11 0.24375 0.29375 0.309375 0.29375 0.309375 0.3859375 0.24375 0.3859375
11 0.4125 0.2984375 0.465625 0.2984375 0.465625 0.3828125 0.4125 0.3828125
0 0.475 0.415625 0.5265625 0.415625 0.5265625 0.4828125 0.475 0.4828125
0 0.625 0.803125 0.6921875 0.803125 0.6921875 0.8875 0.625 0.8875
5 0.48125 0.503125 0.5359375 0.503125 0.5359375 0.5734375 0.48125 0.5734375
5 0.546875 0.2953125 0.6046875 0.2953125 0.6046875 0.384375 0.546875 0.384375
8 0.7015625 0.7890625 0.771875 0.7890625 0.771875 0.890625 0.7015625 0.890625
8 0.2484375 0.6140625 0.315625 0.6140625 0.315625 0.7015625 0.2484375 0.7015625
4 0.23125 0.16875 0.3140625 0.16875 0.3140625 0.284375 0.23125 0.284375
10 0.484375 0.7984375 0.55 0.7984375 0.55 0.91875 0.484375 0.91875