10 0.5796875 0.1484375 0.640625 0.1484375 0.640625 0.2546875 0.5796875 0.2546875
10 0.521875 0.34375 0.578125 0.34375 0.578125 0.4140625 0.521875 0.4140625
10 0.525 0.5046875 0.5765625 0.5046875 0.5765625 0.5734375 0.525 0.5734375
10 0.525 0.6703125 0.578125 0.6703125 0.578125 0.7625 0.525 0.7625
10 0.459375 0.6734375 0.5125 0.6734375 0.5125 0.7625 0.459375 0.7625
10 0.3875 0.675 0.4421875 0.675 0.4421875 0.7671875 0.3875 0.7671875
10 0.459375 0.153125 0.5109375 0.153125 0.5109375 0.2515625 0.459375 0.2515625
9 0.65625 0.35 0.696875 0.35 0.696875 0.4125 0.65625 0.4125
9 0.7078125 0.4359375 0.75625 0.4359375 0.75625 0.496875 0.7078125 0.496875
9 0.640625 0.5140625 0.6875 0.5140625 0.6875 0.578125 0.640625 0.578125
9 0.5859375 0.6 0.6296875 0.6 0.6296875 0.653125 0.5859375 0.653125
9 0.7125 0.26875 0.7578125 0.26875 0.7578125 0.3390625 0.7125 0.3390625
9 0.70625 0.1875 0.7578125 0.1875 0.7578125 0.2515625 0.70625 0.2515625
9 0.7765625 0.278125 0.8296875 0.278125 0.8296875 0.3390625 0.7765625 0.3390625
9 0.3375 0.190625 0.38125 0.190625 0.38125 0.2515625 0.3375 0.2515625
9 0.4 0.5984375 0.4390625 0.5984375 0.4390625 0.6546875 0.4 0.6546875
9 0.3375 0.684375 0.38125 0.684375 0.38125 0.74375 0.3375 0.74375
9 0.4625 0.359375 0.5078125 0.359375 0.5078125 0.4125 0.4625 0.4125
7 0.325 0.4125 0.3875 0.4125 0.3875 0.4828125 0.325 0.4828125
7 0.325 0.50625 0.3875 0.50625 0.3875 0.58125 0.325 0.58125
7 0.6421875 0.675 0.70625 0.675 0.70625 0.759375 0.6421875 0.759375
7 0.7078125 0.590625 0.7859375 0.590625 0.7859375 0.6703125 0.7078125 0.6703125
7 0.45625 0.5078125 0.5078125 0.5078125 0.5078125 0.5734375 0.45625 0.5734375
6 0.653125 0.5984375 0.7078125 0.5984375 0.7078125 0.6546875 0.653125 0.6546875
6 0.3375 0.590625 0.3859375 0.590625 0.3859375 0.6515625 0.3375 0.6515625
6 0.5234375 0.0765625 0.5671875 0.0765625 0.5671875 0.1671875 0.5234375 0.1671875
6 0.3375 0.271875 0.384375 0.271875 0.384375 0.3375 0.3375 0.3375
4 0.7703125 0.6796875 0.8546875 0.6796875 0.8546875 0.759375 0.7703125 0.759375
4 0.5859375 0.428125 0.6453125 0.428125 0.6453125 0.49375 0.5859375 0.49375
4 0.5234375 0.590625 0.571875 0.590625 0.571875 0.6578125 0.5234375 0.6578125
4 0.4578125 0.584375 0.5109375 0.584375 0.5109375 0.6578125 0.4578125 0.6578125
1 0.771875 0.3515625 0.85625 0.3515625 0.85625 0.4234375 0.771875 0.4234375