0 0.2265625 0.19375 0.30625 0.19375 0.30625 0.275 0.2265625 0.275
0 0.24375 0.31875 0.321875 0.31875 0.321875 0.3875 0.24375 0.3875
0 0.6015625 0.4109375 0.6671875 0.4109375 0.6671875 0.4796875 0.6015625 0.4796875
0 0.54375 0.675 0.6125 0.675 0.6125 0.753125 0.54375 0.753125
1 0.5234375 0.5859375 0.5984375 0.5859375 0.5984375 0.66875 0.5234375 0.66875
1 0.096875 0.4 0.21875 0.4 0.21875 0.4765625 0.096875 0.4765625
1 0.328125 0.4890625 0.4125 0.4890625 0.4125 0.5515625 0.328125 0.5515625
2 0.3421875 0.6 0.415625 0.6 0.415625 0.6671875 0.3421875 0.6671875
2 0.340625 0.396875 0.4171875 0.396875 0.4171875 0.465625 0.340625 0.465625
2 0.4390625 0.2109375 0.5078125 0.2109375 0.5078125 0.2953125 0.4390625 0.2953125
2 0.1296875 0.48125 0.2171875 0.48125 0.2171875 0.5515625 0.1296875 0.5515625
3 0.6171875 0.20625 0.6734375 0.20625 0.6734375 0.275 0.6171875 0.275
3 0.609375 0.11875 0.66875 0.11875 0.66875 0.1953125 0.609375 0.1953125
3 0.2421875 0.6875 0.3125 0.6875 0.3125 0.7515625 0.2421875 0.7515625
0 0.6078125 0.4984375 0.68125 0.4984375 0.68125 0.5671875 0.6078125 0.5671875
4 0.51875 0.4046875 0.59375 0.4046875 0.59375 0.4796875 0.51875 0.4796875
4 0.521875 0.4875 0.596875 0.4875 0.596875 0.56875 0.521875 0.56875
4 0.50625 0.084375 0.575 0.084375 0.575 0.203125 0.50625 0.203125
5 0.6140625 0.778125 0.684375 0.778125 0.684375 0.8703125 0.6140625 0.8703125
5 0.515625 0.765625 0.5859375 0.765625 0.5859375 0.8625 0.515625 0.8625
5 0.153125 0.5875 0.2375 0.5875 0.2375 0.665625 0.153125 0.665625
5 0.128125 0.3125 0.2203125 0.3125 0.2203125 0.39375 0.128125 0.39375
5 0.4171875 0.48125 0.4828125 0.48125 0.4828125 0.5453125 0.4171875 0.5453125
11 0.4328125 0.39375 0.503125 0.39375 0.503125 0.471875 0.4328125 0.471875
11 0.4171875 0.5734375 0.496875 0.5734375 0.496875 0.65 0.4171875 0.65
11 0.6046875 0.309375 0.6828125 0.309375 0.6828125 0.3890625 0.6046875 0.3890625
11 0.6078125 0.584375 0.6859375 0.584375 0.6859375 0.6625 0.6078125 0.6625
10 0.2234375 0.4859375 0.3234375 0.4859375 0.3234375 0.565625 0.2234375 0.565625
10 0.2 0.59375 0.3125 0.59375 0.3125 0.678125 0.2 0.678125
10 0.215625 0.78125 0.3171875 0.78125 0.3171875 0.8921875 0.215625 0.8921875
9 0.6859375 0.2265625 0.7578125 0.2265625 0.7578125 0.290625 0.6859375 0.290625
9 0.70625 0.3125 0.7796875 0.3125 0.7796875 0.375 0.70625 0.375
9 0.24375 0.4125 0.31875 0.4125 0.31875 0.475 0.24375 0.475
8 0.50625 0.303125 0.5890625 0.303125 0.5890625 0.378125 0.50625 0.378125
8 0.3203125 0.10625 0.3953125 0.10625 0.3953125 0.196875 0.3203125 0.196875
8 0.33125 0.3 0.4125 0.3 0.4125 0.3890625 0.33125 0.3890625
8 0.4265625 0.665625 0.5078125 0.665625 0.5078125 0.746875 0.4265625 0.746875
8 0.1421875 0.675 0.2296875 0.675 0.2296875 0.7578125 0.1421875 0.7578125
8 0.4171875 0.7703125 0.5015625 0.7703125 0.5015625 0.8546875 0.4171875 0.8546875
7 0.31875 0.7609375 0.4078125 0.7609375 0.4078125 0.871875 0.31875 0.871875
7 0.3203125 0.6734375 0.4078125 0.6734375 0.4078125 0.7625 0.3203125 0.7625
7 0.1046875 0.1859375 0.2234375 0.1859375 0.2234375 0.290625 0.1046875 0.290625
6 0.41875 0.09375 0.49375 0.09375 0.49375 0.196875 0.41875 0.196875
6 0.2171875 0.096875 0.3015625 0.096875 0.3015625 0.190625 0.2171875 0.190625
6 0.1296875 0.1 0.21875 0.1 0.21875 0.1953125 0.1296875 0.1953125
6 0.4171875 0.3 0.490625 0.3 0.490625 0.371875 0.4171875 0.371875
6 0.128125 0.7734375 0.2140625 0.7734375 0.2140625 0.8703125 0.128125 0.8703125
6 0.3171875 0.2015625 0.3984375 0.2015625 0.3984375 0.284375 0.3171875 0.284375
5 0.5125 0.209375 0.5734375 0.209375 0.5734375 0.296875 0.5125 0.296875