7 0.809375 0.0859375 0.9046875 0.0859375 0.9046875 0.1859375 0.809375 0.1859375
9 0.809375 0.21875 0.884375 0.21875 0.884375 0.2921875 0.809375 0.2921875
3 0.8140625 0.3203125 0.8890625 0.3203125 0.8890625 0.38125 0.8140625 0.38125
3 0.7984375 0.4109375 0.928125 0.4109375 0.928125 0.4921875 0.7984375 0.4921875
1 0.79375 0.515625 0.928125 0.515625 0.928125 0.5875 0.79375 0.5875
1 0.796875 0.615625 0.9078125 0.615625 0.9078125 0.6875 0.796875 0.6875
4 0.7875 0.709375 0.9296875 0.709375 0.9296875 0.81875 0.7875 0.81875
4 0.7875 0.81875 0.9265625 0.81875 0.9265625 0.91875 0.7875 0.91875
9 0.7171875 0.1140625 0.7921875 0.1140625 0.7921875 0.1859375 0.7171875 0.1859375
10 0.7109375 0.1875 0.8203125 0.1875 0.8203125 0.29375 0.7109375 0.29375
3 0.7046875 0.3125 0.7765625 0.3125 0.7765625 0.384375 0.7046875 0.384375
3 0.6984375 0.403125 0.8125 0.403125 0.8125 0.4828125 0.6984375 0.4828125
10 0.690625 0.4953125 0.796875 0.4953125 0.796875 0.5859375 0.690625 0.5859375
3 0.696875 0.61875 0.778125 0.61875 0.778125 0.684375 0.696875 0.684375
3 0.6875 0.7109375 0.778125 0.7109375 0.778125 0.796875 0.6875 0.796875
7 0.684375 0.8171875 0.8 0.8171875 0.8 0.940625 0.684375 0.940625
7 0.615625 0.0828125 0.696875 0.0828125 0.696875 0.1796875 0.615625 0.1796875
11 0.621875 0.2 0.7015625 0.2 0.7015625 0.29375 0.621875 0.29375
6 0.6015625 0.30625 0.6796875 0.30625 0.6796875 0.375 0.6015625 0.375
2 0.5984375 0.4109375 0.6890625 0.4109375 0.6890625 0.4921875 0.5984375 0.4921875
3 0.6234375 0.5234375 0.690625 0.5234375 0.690625 0.5828125 0.6234375 0.5828125
3 0.6015625 0.6359375 0.6703125 0.6359375 0.6703125 0.6921875 0.6015625 0.6921875
3 0.621875 0.703125 0.68125 0.703125 0.68125 0.76875 0.621875 0.76875
3 0.503125 0.521875 0.5703125 0.521875 0.5703125 0.5796875 0.503125 0.5796875
3 0.41875 0.1984375 0.4796875 0.1984375 0.4796875 0.2703125 0.41875 0.2703125
3 0.421875 0.5171875 0.48125 0.5171875 0.48125 0.578125 0.421875 0.578125
3 0.4140625 0.70625 0.478125 0.70625 0.478125 0.775 0.4140625 0.775
8 0.5984375 0.7921875 0.675 0.7921875 0.675 0.8921875 0.5984375 0.8921875
8 0.521875 0.19375 0.609375 0.19375 0.609375 0.278125 0.521875 0.278125
8 0.5125 0.3015625 0.5890625 0.3015625 0.5890625 0.3859375 0.5125 0.3859375
8 0.5125 0.4015625 0.5890625 0.4015625 0.5890625 0.478125 0.5125 0.478125
8 0.54375 0.10625 0.603125 0.10625 0.603125 0.190625 0.54375 0.190625
9 0.5015625 0.609375 0.5703125 0.609375 0.5703125 0.6875 0.5015625 0.6875
7 0.4921875 0.6984375 0.571875 0.6984375 0.571875 0.8125 0.4921875 0.8125
0 0.49375 0.8140625 0.5578125 0.8140625 0.5578125 0.8984375 0.49375 0.8984375
0 0.4359375 0.0828125 0.5046875 0.0828125 0.5046875 0.1734375 0.4359375 0.1734375
6 0.4109375 0.3015625 0.4828125 0.3015625 0.4828125 0.38125 0.4109375 0.38125
6 0.4359375 0.41875 0.5015625 0.41875 0.5015625 0.484375 0.4359375 0.484375
0 0.4171875 0.6140625 0.4875 0.6140625 0.4875 0.6953125 0.4171875 0.6953125
11 0.403125 0.8 0.471875 0.8 0.471875 0.884375 0.403125 0.884375
9 0.3359375 0.109375 0.4015625 0.109375 0.4015625 0.184375 0.3359375 0.184375
9 0.3296875 0.3125 0.39375 0.3125 0.39375 0.378125 0.3296875 0.378125
9 0.1265625 0.096875 0.2015625 0.096875 0.2015625 0.171875 0.1265625 0.171875
9 0.1015625 0.2015625 0.1796875 0.2015625 0.1796875 0.2703125 0.1015625 0.2703125
9 0.2171875 0.1828125 0.3015625 0.1828125 0.3015625 0.2671875 0.2171875 0.2671875
6 0.2328125 0.2921875 0.3125 0.2921875 0.3125 0.3703125 0.2328125 0.3703125
6 0.19375 0.41875 0.284375 0.41875 0.284375 0.478125 0.19375 0.478125
6 0.0828125 0.3984375 0.1859375 0.3984375 0.1859375 0.4703125 0.0828125 0.4703125
5 0.3234375 0.2046875 0.403125 0.2046875 0.403125 0.2875 0.3234375 0.2875
5 0.321875 0.5046875 0.3921875 0.5046875 0.3921875 0.5734375 0.321875 0.5734375
5 0.096875 0.4875 0.1921875 0.4875 0.1921875 0.55625 0.096875 0.55625
5 0.3125 0.4265625 0.375 0.4265625 0.375 0.4859375 0.3125 0.4859375
3 0.2203125 0.0921875 0.2921875 0.0921875 0.2921875 0.1671875 0.2203125 0.1671875
3 0.1015625 0.615625 0.1859375 0.615625 0.1859375 0.68125 0.1015625 0.68125
3 0.3046875 0.590625 0.3890625 0.590625 0.3890625 0.659375 0.3046875 0.659375
11 0.30625 0.6953125 0.3953125 0.6953125 0.3953125 0.765625 0.30625 0.765625
2 0.2921875 0.80625 0.38125 0.80625 0.38125 0.90625 0.2921875 0.90625
2 0.203125 0.709375 0.290625 0.709375 0.290625 0.796875 0.203125 0.796875
8 0.20625 0.49375 0.2953125 0.49375 0.2953125 0.56875 0.20625 0.56875
0 0.2046875 0.59375 0.29375 0.59375 0.29375 0.66875 0.2046875 0.66875
1 0.175 0.8015625 0.2828125 0.8015625 0.2828125 0.9265625 0.175 0.9265625
8 0.09375 0.29375 0.1921875 0.29375 0.1921875 0.375 0.09375 0.375
4 0.059375 0.7015625 0.190625 0.7015625 0.190625 0.809375 0.059375 0.809375
4 0.0625 0.7890625 0.184375 0.7890625 0.184375 0.9125 0.0625 0.9125