9 0.2078125 0.678125 0.284375 0.678125 0.284375 0.73125 0.2078125 0.73125
9 0.0984375 0.684375 0.1828125 0.684375 0.1828125 0.7390625 0.0984375 0.7390625
9 0.209375 0.6125 0.278125 0.6125 0.278125 0.659375 0.209375 0.659375
9 0.2109375 0.55 0.28125 0.55 0.28125 0.596875 0.2109375 0.596875
9 0.5796875 0.475 0.646875 0.475 0.646875 0.528125 0.5796875 0.528125
9 0.2109375 0.46875 0.28125 0.46875 0.28125 0.525 0.2109375 0.525
9 0.68125 0.39375 0.753125 0.39375 0.753125 0.4453125 0.68125 0.4453125
9 0.296875 0.4 0.3765625 0.4 0.3765625 0.45625 0.296875 0.45625
9 0.76875 0.3171875 0.840625 0.3171875 0.840625 0.375 0.76875 0.375
9 0.678125 0.325 0.75 0.325 0.75 0.384375 0.678125 0.384375
9 0.3984375 0.328125 0.4609375 0.328125 0.4609375 0.384375 0.3984375 0.384375
10 0.2734375 0.615625 0.3765625 0.615625 0.3765625 0.68125 0.2734375 0.68125
10 0.371875 0.53125 0.46875 0.53125 0.46875 0.603125 0.371875 0.603125
10 0.575 0.309375 0.65625 0.309375 0.65625 0.384375 0.575 0.384375
10 0.4734375 0.2296875 0.5625 0.2296875 0.5625 0.315625 0.4734375 0.315625
10 0.771875 0.221875 0.88125 0.221875 0.88125 0.3125 0.771875 0.3125
10 0.659375 0.146875 0.759375 0.146875 0.759375 0.24375 0.659375 0.24375
10 0.778125 0.159375 0.878125 0.159375 0.878125 0.2390625 0.778125 0.2390625
6 0.5828125 0.3984375 0.6546875 0.3984375 0.6546875 0.4578125 0.5828125 0.4578125
6 0.6765625 0.246875 0.7640625 0.246875 0.7640625 0.3125 0.6765625 0.3125
6 0.5953125 0.240625 0.6625 0.240625 0.6625 0.309375 0.5953125 0.309375
7 0.2796875 0.6859375 0.3859375 0.6859375 0.3859375 0.775 0.2796875 0.775
7 0.3859375 0.60625 0.4796875 0.60625 0.4796875 0.6875 0.3859375 0.6875
7 0.0734375 0.6078125 0.1984375 0.6078125 0.1984375 0.6796875 0.0734375 0.6796875
7 0.38125 0.3875 0.478125 0.3875 0.478125 0.459375 0.38125 0.459375
7 0.478125 0.3171875 0.565625 0.3171875 0.565625 0.39375 0.478125 0.39375
6 0.496875 0.5375 0.5625 0.5375 0.5625 0.596875 0.496875 0.596875
4 0.475 0.46875 0.559375 0.46875 0.559375 0.534375 0.475 0.534375
4 0.2828125 0.46875 0.3765625 0.46875 0.3765625 0.534375 0.2828125 0.534375
4 0.271875 0.540625 0.36875 0.540625 0.36875 0.60625 0.271875 0.60625
4 0.4828125 0.4 0.5703125 0.4 0.5703125 0.459375 0.4828125 0.459375
1 0.375 0.465625 0.46875 0.465625 0.46875 0.53125 0.375 0.53125