9 0.559375 0.1171875 0.5953125 0.1171875 0.5953125 0.1921875 0.559375 0.1921875
9 0.428125 0.203125 0.45625 0.203125 0.45625 0.2609375 0.428125 0.2609375
9 0.421875 0.3 0.45 0.3 0.45 0.3625 0.421875 0.3625
9 0.609375 0.21875 0.6421875 0.21875 0.6421875 0.2859375 0.609375 0.2859375
9 0.5578125 0.321875 0.5890625 0.321875 0.5890625 0.3875 0.5578125 0.3875
9 0.553125 0.425 0.5875 0.425 0.5875 0.490625 0.553125 0.490625
9 0.43125 0.4140625 0.4609375 0.4140625 0.4609375 0.4734375 0.43125 0.4734375
9 0.3796875 0.49375 0.4125 0.49375 0.4125 0.565625 0.3796875 0.565625
6 0.6890625 0.1171875 0.73125 0.1171875 0.73125 0.196875 0.6890625 0.196875
6 0.3703125 0.11875 0.40625 0.11875 0.40625 0.2 0.3703125 0.2
6 0.3796875 0.3 0.4140625 0.3 0.4140625 0.3828125 0.3796875 0.3828125
6 0.646875 0.2265625 0.6859375 0.2265625 0.6859375 0.3078125 0.646875 0.3078125
6 0.55 0.2203125 0.5875 0.2203125 0.5875 0.2984375 0.55 0.2984375
6 0.5015625 0.665625 0.5328125 0.665625 0.5328125 0.7453125 0.5015625 0.7453125
8 0.5125 0.109375 0.55 0.109375 0.55 0.196875 0.5125 0.196875
8 0.5046875 0.315625 0.5421875 0.315625 0.5421875 0.39375 0.5046875 0.39375
8 0.471875 0.3953125 0.50625 0.3953125 0.50625 0.4734375 0.471875 0.4734375
8 0.459375 0.59375 0.49375 0.59375 0.49375 0.6828125 0.459375 0.6828125
8 0.496875 0.75625 0.534375 0.75625 0.534375 0.8484375 0.496875 0.8484375
8 0.4625 0.753125 0.496875 0.753125 0.496875 0.84375 0.4625 0.84375
11 0.36875 0.7625 0.4078125 0.7625 0.4078125 0.853125 0.36875 0.853125
11 0.55625 0.5015625 0.5953125 0.5015625 0.5953125 0.5859375 0.55625 0.5859375
11 0.50625 0.503125 0.5375 0.503125 0.5375 0.5828125 0.50625 0.5828125
11 0.5109375 0.2265625 0.54375 0.2265625 0.54375 0.303125 0.5109375 0.303125
11 0.415625 0.109375 0.446875 0.109375 0.446875 0.18125 0.415625 0.18125
11 0.55 0.753125 0.584375 0.753125 0.584375 0.846875 0.55 0.846875
10 0.5890625 0.3109375 0.6328125 0.3109375 0.6328125 0.4 0.5890625 0.4
10 0.5890625 0.409375 0.6296875 0.409375 0.6296875 0.4984375 0.5890625 0.4984375
10 0.4625 0.2125 0.5015625 0.2125 0.5015625 0.3 0.4625 0.3
7 0.6375 0.315625 0.684375 0.315625 0.684375 0.409375 0.6375 0.409375
7 0.6765625 0.4078125 0.7234375 0.4078125 0.7234375 0.5078125 0.6765625 0.5078125
7 0.621875 0.5859375 0.6625 0.5859375 0.6625 0.6921875 0.621875 0.6921875
3 0.678125 0.503125 0.709375 0.503125 0.709375 0.56875 0.678125 0.56875
3 0.375 0.3984375 0.4078125 0.3984375 0.4078125 0.459375 0.375 0.459375
3 0.4296875 0.4953125 0.459375 0.4953125 0.459375 0.5671875 0.4296875 0.5671875
3 0.375 0.578125 0.403125 0.578125 0.403125 0.64375 0.375 0.64375
3 0.4296875 0.5890625 0.4578125 0.5890625 0.4578125 0.653125 0.4296875 0.653125
3 0.4125 0.753125 0.4421875 0.753125 0.4421875 0.83125 0.4125 0.83125
3 0.5125 0.6125 0.540625 0.6125 0.540625 0.671875 0.5125 0.671875
0 0.4640625 0.10625 0.496875 0.10625 0.496875 0.175 0.4640625 0.175
0 0.4671875 0.309375 0.4984375 0.309375 0.4984375 0.38125 0.4671875 0.38125
0 0.546875 0.65625 0.5796875 0.65625 0.5796875 0.73125 0.546875 0.73125
0 0.4703125 0.4921875 0.5 0.4921875 0.5 0.571875 0.4703125 0.571875
0 0.384375 0.6703125 0.4140625 0.6703125 0.4140625 0.75625 0.384375 0.75625
0 0.5921875 0.678125 0.6265625 0.678125 0.6265625 0.759375 0.5921875 0.759375
2 0.5890625 0.7515625 0.6265625 0.7515625 0.6265625 0.8453125 0.5890625 0.8453125
2 0.625 0.675 0.6625 0.675 0.6625 0.765625 0.625 0.765625
2 0.6359375 0.409375 0.6734375 0.409375 0.6734375 0.4875 0.6359375 0.4875
2 0.6734375 0.596875 0.7125 0.596875 0.7125 0.678125 0.6734375 0.678125
5 0.6265625 0.7640625 0.6640625 0.7640625 0.6640625 0.846875 0.6265625 0.846875
5 0.6875 0.2171875 0.73125 0.2171875 0.73125 0.2984375 0.6875 0.2984375
5 0.64375 0.1125 0.68125 0.1125 0.68125 0.1859375 0.64375 0.1859375
5 0.375 0.20625 0.4125 0.20625 0.4125 0.2828125 0.375 0.2828125
5 0.50625 0.39375 0.54375 0.39375 0.54375 0.4703125 0.50625 0.4703125
5 0.55 0.6 0.5875 0.6 0.5875 0.675 0.55 0.675
5 0.4234375 0.6765625 0.45625 0.6765625 0.45625 0.7609375 0.4234375 0.7609375
5 0.465625 0.675 0.496875 0.675 0.496875 0.7578125 0.465625 0.7578125
4 0.5984375 0.1046875 0.64375 0.1046875 0.64375 0.1828125 0.5984375 0.1828125
4 0.684375 0.321875 0.7328125 0.321875 0.7328125 0.4109375 0.684375 0.4109375
1 0.6734375 0.7625 0.71875 0.7625 0.71875 0.875 0.6734375 0.875
1 0.6671875 0.671875 0.7109375 0.671875 0.7109375 0.7796875 0.6671875 0.7796875
1 0.640625 0.4984375 0.68125 0.4984375 0.68125 0.6015625 0.640625 0.6015625
4 0.59375 0.590625 0.6296875 0.590625 0.6296875 0.696875 0.59375 0.696875