3 0.69375 0.2078125 0.746875 0.2078125 0.746875 0.2875 0.69375 0.2875
3 0.465625 0.1078125 0.5109375 0.1078125 0.5109375 0.1828125 0.465625 0.1828125
3 0.446875 0.740625 0.5 0.740625 0.5 0.815625 0.446875 0.815625
3 0.5359375 0.7453125 0.5921875 0.7453125 0.5921875 0.825 0.5359375 0.825
3 0.61875 0.75 0.671875 0.75 0.671875 0.8203125 0.61875 0.8203125
3 0.378125 0.7484375 0.4265625 0.7484375 0.4265625 0.8234375 0.378125 0.8234375
3 0.2 0.740625 0.2609375 0.740625 0.2609375 0.825 0.2 0.825
1 0.60625 0.3015625 0.6828125 0.3015625 0.6828125 0.4046875 0.60625 0.4046875
1 0.275 0.2859375 0.359375 0.2859375 0.359375 0.39375 0.275 0.39375
1 0.1765625 0.6296875 0.2703125 0.6296875 0.2703125 0.7234375 0.1765625 0.7234375
1 0.453125 0.525 0.51875 0.525 0.51875 0.603125 0.453125 0.603125
2 0.2828125 0.196875 0.359375 0.196875 0.359375 0.28125 0.2828125 0.28125
2 0.684375 0.5234375 0.75625 0.5234375 0.75625 0.6078125 0.684375 0.6078125
2 0.1921875 0.85 0.26875 0.85 0.26875 0.9703125 0.1921875 0.9703125
2 0.759375 0.184375 0.8421875 0.184375 0.8421875 0.2921875 0.759375 0.2921875
6 0.528125 0.2015625 0.584375 0.2015625 0.584375 0.2953125 0.528125 0.2953125
6 0.371875 0.06875 0.428125 0.06875 0.428125 0.171875 0.371875 0.171875
6 0.203125 0.4125 0.275 0.4125 0.275 0.490625 0.203125 0.490625
6 0.6109375 0.553125 0.678125 0.553125 0.678125 0.621875 0.6109375 0.621875
9 0.615625 0.2125 0.665625 0.2125 0.665625 0.2921875 0.615625 0.2921875
9 0.6890625 0.75 0.7546875 0.75 0.7546875 0.825 0.6890625 0.825
9 0.765625 0.746875 0.8359375 0.746875 0.8359375 0.828125 0.765625 0.828125
9 0.2875 0.753125 0.340625 0.753125 0.340625 0.828125 0.2875 0.828125
11 0.609375 0.63125 0.68125 0.63125 0.68125 0.709375 0.609375 0.709375
11 0.765625 0.859375 0.8546875 0.859375 0.8546875 0.965625 0.765625 0.965625
11 0.1984375 0.534375 0.275 0.534375 0.275 0.603125 0.1984375 0.603125
0 0.7609375 0.303125 0.840625 0.303125 0.840625 0.3875 0.7609375 0.3875
0 0.2796875 0.5359375 0.3421875 0.5359375 0.3421875 0.60625 0.2796875 0.60625
5 0.6171875 0.4375 0.6828125 0.4375 0.6828125 0.509375 0.6171875 0.509375
5 0.6125 0.85625 0.68125 0.85625 0.68125 0.96875 0.6125 0.96875
8 0.365625 0.621875 0.434375 0.621875 0.434375 0.7125 0.365625 0.7125
8 0.371875 0.2140625 0.440625 0.2140625 0.440625 0.303125 0.371875 0.303125
4 0.53125 0.0625 0.596875 0.0625 0.596875 0.2 0.53125 0.2
10 0.18125 0.165625 0.278125 0.165625 0.278125 0.290625 0.18125 0.290625