3 0.790625 0.315625 0.8609375 0.315625 0.8609375 0.3859375 0.790625 0.3859375
3 0.709375 0.1046875 0.765625 0.1046875 0.765625 0.1890625 0.709375 0.1890625
3 0.6375 0.315625 0.69375 0.315625 0.69375 0.384375 0.6375 0.384375
3 0.4828125 0.1078125 0.534375 0.1078125 0.534375 0.190625 0.4828125 0.190625
3 0.478125 0.2203125 0.53125 0.2203125 0.53125 0.2859375 0.478125 0.2859375
3 0.3375 0.215625 0.390625 0.215625 0.390625 0.284375 0.3375 0.284375
3 0.4875 0.4046875 0.5359375 0.4046875 0.5359375 0.4890625 0.4875 0.4890625
3 0.6484375 0.6015625 0.7015625 0.6015625 0.7015625 0.678125 0.6484375 0.678125
3 0.8015625 0.8109375 0.8671875 0.8109375 0.8671875 0.8953125 0.8015625 0.8953125
3 0.4953125 0.596875 0.5421875 0.596875 0.5421875 0.665625 0.4953125 0.665625
3 0.4359375 0.7 0.4859375 0.7 0.4859375 0.7828125 0.4359375 0.7828125
3 0.35625 0.709375 0.4125 0.709375 0.4125 0.76875 0.35625 0.76875
3 0.275 0.615625 0.340625 0.615625 0.340625 0.68125 0.275 0.68125
3 0.3625 0.8078125 0.409375 0.8078125 0.409375 0.9109375 0.3625 0.9109375
3 0.503125 0.80625 0.5546875 0.80625 0.5546875 0.890625 0.503125 0.890625
4 0.40625 0.309375 0.478125 0.309375 0.478125 0.409375 0.40625 0.409375
2 0.2546875 0.0953125 0.328125 0.0953125 0.328125 0.20625 0.2546875 0.20625
2 0.5625 0.1890625 0.625 0.1890625 0.625 0.2984375 0.5625 0.2984375
2 0.55625 0.490625 0.61875 0.490625 0.61875 0.571875 0.55625 0.571875
2 0.7046875 0.7015625 0.7890625 0.7015625 0.7890625 0.7984375 0.7046875 0.7984375
8 0.5625 0.609375 0.63125 0.609375 0.63125 0.703125 0.5625 0.703125
8 0.5609375 0.3921875 0.6234375 0.3921875 0.6234375 0.4828125 0.5609375 0.4828125
5 0.4140625 0.5046875 0.4765625 0.5046875 0.4765625 0.578125 0.4140625 0.578125
5 0.7140625 0.521875 0.7921875 0.521875 0.7921875 0.590625 0.7140625 0.590625