5 0.3109375 0.009375 0.38125 0.009375 0.38125 0.165625 0.3109375 0.165625
5 0.2046875 0.015625 0.2890625 0.015625 0.2890625 0.1484375 0.2046875 0.1484375
3 0.7640625 0.84375 0.865625 0.84375 0.865625 0.9328125 0.7640625 0.9328125
3 0.7796875 0.75 0.8515625 0.75 0.8515625 0.8375 0.7796875 0.8375
3 0.775 0.625 0.8546875 0.625 0.8546875 0.709375 0.775 0.709375
3 0.7734375 0.515625 0.8484375 0.515625 0.8484375 0.6125 0.7734375 0.6125
3 0.2125 0.1453125 0.284375 0.1453125 0.284375 0.2484375 0.2125 0.2484375
3 0.2046875 0.2859375 0.2875 0.2859375 0.2875 0.378125 0.2046875 0.378125
3 0.2015625 0.3734375 0.2671875 0.3734375 0.2671875 0.475 0.2015625 0.475
2 0.628125 0.8515625 0.7078125 0.8515625 0.7078125 0.984375 0.628125 0.984375
2 0.540625 0.8375 0.615625 0.8375 0.615625 0.9609375 0.540625 0.9609375
2 0.4578125 0.85 0.525 0.85 0.525 0.971875 0.4578125 0.971875
0 0.703125 0.1734375 0.79375 0.1734375 0.79375 0.2890625 0.703125 0.2890625
0 0.628125 0.3015625 0.703125 0.3015625 0.703125 0.3953125 0.628125 0.3953125
0 0.559375 0.41875 0.634375 0.41875 0.634375 0.50625 0.559375 0.50625
0 0.46875 0.496875 0.528125 0.496875 0.528125 0.58125 0.46875 0.58125
0 0.3953125 0.61875 0.4515625 0.61875 0.4515625 0.703125 0.3953125 0.703125
0 0.2796875 0.721875 0.35 0.721875 0.35 0.821875 0.2796875 0.821875
0 0.1796875 0.85 0.2703125 0.85 0.2703125 0.99375 0.1796875 0.99375