0 0.6515625 0.4953125 0.7265625 0.4953125 0.7265625 0.596875 0.6515625 0.596875
0 0.4984375 0.396875 0.5703125 0.396875 0.5703125 0.49375 0.4984375 0.49375
1 0.41875 0.1609375 0.4953125 0.1609375 0.4953125 0.2859375 0.41875 0.2859375
1 0.3359375 0.490625 0.41875 0.490625 0.41875 0.5890625 0.3359375 0.5890625
1 0.5734375 0.7 0.6484375 0.7 0.6484375 0.81875 0.5734375 0.81875
1 0.5765625 0.1703125 0.6515625 0.1703125 0.6515625 0.2859375 0.5765625 0.2859375
2 0.6484375 0.603125 0.73125 0.603125 0.73125 0.7 0.6484375 0.7
2 0.271875 0.3921875 0.346875 0.3921875 0.346875 0.484375 0.271875 0.484375
2 0.4265625 0.5 0.49375 0.5 0.49375 0.590625 0.4265625 0.590625
2 0.575 0.2953125 0.65 0.2953125 0.65 0.3890625 0.575 0.3890625
3 0.571875 0.503125 0.6484375 0.503125 0.6484375 0.5921875 0.571875 0.5921875
3 0.3484375 0.5953125 0.41875 0.5953125 0.41875 0.69375 0.3484375 0.69375
3 0.275 0.80625 0.3421875 0.80625 0.3421875 0.890625 0.275 0.890625
3 0.346875 0.703125 0.421875 0.703125 0.421875 0.79375 0.346875 0.79375
3 0.428125 0.703125 0.49375 0.703125 0.49375 0.7921875 0.428125 0.7921875
3 0.4984375 0.6921875 0.56875 0.6921875 0.56875 0.7984375 0.4984375 0.7984375
3 0.2734375 0.496875 0.3296875 0.496875 0.3296875 0.5890625 0.2734375 0.5890625
4 0.425 0.3984375 0.4953125 0.3984375 0.4953125 0.4875 0.425 0.4875
5 0.6546875 0.396875 0.725 0.396875 0.725 0.490625 0.6546875 0.490625
5 0.2578125 0.184375 0.346875 0.184375 0.346875 0.290625 0.2578125 0.290625
6 0.41875 0.059375 0.4984375 0.059375 0.4984375 0.1515625 0.41875 0.1515625
6 0.7375 0.390625 0.821875 0.390625 0.821875 0.4609375 0.7375 0.4609375
6 0.2703125 0.69375 0.3421875 0.69375 0.3421875 0.8 0.2703125 0.8
6 0.578125 0.403125 0.6484375 0.403125 0.6484375 0.490625 0.578125 0.490625
8 0.26875 0.6015625 0.3390625 0.6015625 0.3390625 0.6859375 0.26875 0.6859375
8 0.6609375 0.1890625 0.7328125 0.1890625 0.7328125 0.2875 0.6609375 0.2875
9 0.346875 0.0828125 0.409375 0.0828125 0.409375 0.1796875 0.346875 0.1796875
9 0.503125 0.1875 0.5734375 0.1875 0.5734375 0.2890625 0.503125 0.2890625
9 0.734375 0.2859375 0.8109375 0.2859375 0.8109375 0.384375 0.734375 0.384375
9 0.4984375 0.8046875 0.56875 0.8046875 0.56875 0.8921875 0.4984375 0.8921875
10 0.1609375 0.046875 0.2640625 0.046875 0.2640625 0.1765625 0.1609375 0.1765625
11 0.575 0.0671875 0.6515625 0.0671875 0.6515625 0.1609375 0.575 0.1609375
11 0.56875 0.6 0.64375 0.6 0.64375 0.690625 0.56875 0.690625
11 0.346875 0.8046875 0.4125 0.8046875 0.4125 0.925 0.346875 0.925