10 0.4 0.4125 0.4625 0.4125 0.4625 0.50625 0.4 0.50625
10 0.4 0.621875 0.465625 0.621875 0.465625 0.70625 0.4 0.70625
10 0.253125 0.521875 0.334375 0.521875 0.334375 0.61875 0.253125 0.61875
10 0.328125 0.68125 0.3984375 0.68125 0.3984375 0.790625 0.328125 0.790625
10 0.475 0.7703125 0.534375 0.7703125 0.534375 0.8953125 0.475 0.8953125
10 0.5421875 0.60625 0.603125 0.60625 0.603125 0.7015625 0.5421875 0.7015625
10 0.534375 0.4109375 0.603125 0.4109375 0.603125 0.5109375 0.534375 0.5109375
7 0.3171875 0.1046875 0.3921875 0.1046875 0.3921875 0.2171875 0.3171875 0.2171875
7 0.25 0.3265625 0.3359375 0.3265625 0.3359375 0.4140625 0.25 0.4140625
7 0.1796875 0.778125 0.2671875 0.778125 0.2671875 0.9078125 0.1796875 0.9078125
7 0.46875 0.515625 0.53125 0.515625 0.53125 0.603125 0.46875 0.603125
7 0.66875 0.6 0.7671875 0.6 0.7671875 0.7 0.66875 0.7
6 0.471875 0.225 0.534375 0.225 0.534375 0.3078125 0.471875 0.3078125
6 0.1859375 0.515625 0.2609375 0.515625 0.2609375 0.59375 0.1859375 0.59375
6 0.3328125 0.521875 0.3953125 0.521875 0.3953125 0.596875 0.3328125 0.596875
6 0.609375 0.69375 0.66875 0.69375 0.66875 0.778125 0.609375 0.778125
4 0.39375 0.3140625 0.471875 0.3140625 0.471875 0.4171875 0.39375 0.4171875
4 0.153125 0.221875 0.25625 0.221875 0.25625 0.3125 0.153125 0.3125
4 0.678125 0.409375 0.76875 0.409375 0.76875 0.50625 0.678125 0.50625
4 0.684375 0.1171875 0.775 0.1171875 0.775 0.221875 0.684375 0.221875
1 0.4 0.509375 0.465625 0.509375 0.465625 0.6 0.4 0.6