0 0.496875 0.6921875 0.521875 0.6921875 0.521875 0.7859375 0.496875 0.7859375
0 0.6640625 0.6046875 0.69375 0.6046875 0.69375 0.696875 0.6640625 0.696875
0 0.571875 0.2328125 0.60625 0.2328125 0.60625 0.315625 0.571875 0.315625
0 0.5859375 0.1015625 0.6203125 0.1015625 0.6203125 0.1828125 0.5859375 0.1828125
0 0.3921875 0.4328125 0.428125 0.4328125 0.428125 0.5203125 0.3921875 0.5203125
0 0.4953125 0.615625 0.525 0.615625 0.525 0.7 0.4953125 0.7
1 0.5484375 0.76875 0.5796875 0.76875 0.5796875 0.896875 0.5484375 0.896875
1 0.5828125 0.7578125 0.6171875 0.7578125 0.6171875 0.88125 0.5828125 0.88125
2 0.6234375 0.609375 0.65625 0.609375 0.65625 0.703125 0.6234375 0.703125
2 0.6359375 0.5109375 0.66875 0.5109375 0.66875 0.609375 0.6359375 0.609375
2 0.534375 0.2484375 0.571875 0.2484375 0.571875 0.3390625 0.534375 0.3390625
2 0.5359375 0.703125 0.56875 0.703125 0.56875 0.790625 0.5359375 0.790625
1 0.578125 0.69375 0.6078125 0.69375 0.6078125 0.815625 0.578125 0.815625
4 0.4515625 0.615625 0.484375 0.615625 0.484375 0.7265625 0.4515625 0.7265625
4 0.5890625 0.34375 0.628125 0.34375 0.628125 0.4484375 0.5890625 0.4484375
4 0.446875 0.428125 0.4828125 0.428125 0.4828125 0.5375 0.446875 0.5375
5 0.5796875 0.434375 0.6109375 0.434375 0.6109375 0.521875 0.5796875 0.521875
5 0.4796875 0.24375 0.5125 0.24375 0.5125 0.3265625 0.4796875 0.3265625
5 0.3484375 0.2421875 0.3890625 0.2421875 0.3890625 0.3203125 0.3484375 0.3203125
5 0.4859375 0.51875 0.5171875 0.51875 0.5171875 0.6125 0.4859375 0.6125
5 0.3796875 0.7875 0.4078125 0.7875 0.4078125 0.8875 0.3796875 0.8875
11 0.4296875 0.1359375 0.465625 0.1359375 0.465625 0.2203125 0.4296875 0.2203125
11 0.3609375 0.5328125 0.39375 0.5328125 0.39375 0.6265625 0.3609375 0.6265625
11 0.6171875 0.775 0.65 0.775 0.65 0.8625 0.6171875 0.8625
11 0.5046875 0.7703125 0.5328125 0.7703125 0.5328125 0.8671875 0.5046875 0.8671875
11 0.49375 0.41875 0.525 0.41875 0.525 0.50625 0.49375 0.50625
10 0.625 0.321875 0.6609375 0.321875 0.6609375 0.428125 0.625 0.428125
10 0.5765625 0.521875 0.615625 0.521875 0.615625 0.6328125 0.5765625 0.6328125
10 0.3796875 0.1484375 0.4171875 0.1484375 0.4171875 0.2546875 0.3796875 0.2546875
9 0.4015625 0.35 0.4359375 0.35 0.4359375 0.425 0.4015625 0.425
9 0.5296875 0.415625 0.565625 0.415625 0.565625 0.4984375 0.5296875 0.4984375
9 0.6234375 0.4359375 0.6515625 0.4359375 0.6515625 0.5046875 0.6234375 0.5046875
9 0.6234375 0.684375 0.653125 0.684375 0.653125 0.75625 0.6234375 0.75625
9 0.453125 0.7 0.48125 0.7 0.48125 0.7734375 0.453125 0.7734375
9 0.409375 0.5515625 0.4390625 0.5515625 0.4390625 0.6234375 0.409375 0.6234375
9 0.4203125 0.7796875 0.45 0.7796875 0.45 0.8609375 0.4203125 0.8609375
8 0.61875 0.2265625 0.6625 0.2265625 0.6625 0.3140625 0.61875 0.3140625
8 0.521875 0.1359375 0.565625 0.1359375 0.565625 0.2234375 0.521875 0.2234375
8 0.33125 0.1453125 0.375 0.1453125 0.375 0.234375 0.33125 0.234375
8 0.4109375 0.6171875 0.446875 0.6171875 0.446875 0.7015625 0.4109375 0.7015625
8 0.5765625 0.6125 0.6140625 0.6125 0.6140625 0.715625 0.5765625 0.715625
8 0.4125 0.7 0.446875 0.7 0.446875 0.803125 0.4125 0.803125
11 0.3515625 0.440625 0.3859375 0.440625 0.3859375 0.5296875 0.3515625 0.5296875
7 0.6640625 0.403125 0.709375 0.403125 0.709375 0.5171875 0.6640625 0.5171875
7 0.453125 0.5234375 0.4859375 0.5234375 0.4859375 0.64375 0.453125 0.64375
7 0.3609375 0.68125 0.4015625 0.68125 0.4015625 0.796875 0.3609375 0.796875
6 0.6625 0.75 0.696875 0.75 0.696875 0.8578125 0.6625 0.8578125
6 0.4578125 0.7859375 0.490625 0.7859375 0.490625 0.8921875 0.4578125 0.8921875
6 0.5359375 0.596875 0.5703125 0.596875 0.5703125 0.690625 0.5359375 0.690625
6 0.365625 0.6234375 0.3953125 0.6234375 0.3953125 0.7234375 0.365625 0.7234375
6 0.5375 0.5140625 0.56875 0.5140625 0.56875 0.6125 0.5375 0.6125
6 0.4453125 0.3265625 0.48125 0.3265625 0.48125 0.4234375 0.4453125 0.4234375