10 0.48125 0.296875 0.571875 0.296875 0.571875 0.38125 0.48125 0.38125
10 0.1796875 0.20625 0.2953125 0.20625 0.2953125 0.29375 0.1796875 0.29375
10 0.04375 0.084375 0.184375 0.084375 0.184375 0.2015625 0.04375 0.2015625
10 0.084375 0.4109375 0.1890625 0.4109375 0.1890625 0.4828125 0.084375 0.4828125
10 0.1796875 0.4 0.3015625 0.4 0.3015625 0.4828125 0.1796875 0.4828125
10 0.4828125 0.5015625 0.584375 0.5015625 0.584375 0.575 0.4828125 0.575
10 0.5 0.66875 0.5890625 0.66875 0.5890625 0.7875 0.5 0.7875
10 0.675 0.2875 0.790625 0.2875 0.790625 0.378125 0.675 0.378125
7 0.759375 0.575 0.884375 0.575 0.884375 0.678125 0.759375 0.678125
7 0.4015625 0.56875 0.4859375 0.56875 0.4859375 0.678125 0.4015625 0.678125
7 0.08125 0.5078125 0.2 0.5078125 0.2 0.6 0.08125 0.6
7 0.3 0.3046875 0.3953125 0.3046875 0.3953125 0.3953125 0.3 0.3953125
7 0.6703125 0.0671875 0.7859375 0.0671875 0.7859375 0.1875 0.6703125 0.1875
7 0.575 0.3984375 0.6796875 0.3984375 0.6796875 0.48125 0.575 0.48125
7 0.3140625 0.753125 0.409375 0.753125 0.409375 0.89375 0.3140625 0.89375
7 0.109375 0.7703125 0.2296875 0.7703125 0.2296875 0.8984375 0.109375 0.8984375
10 0.575 0.18125 0.671875 0.18125 0.671875 0.290625 0.575 0.290625
4 0.7765625 0.0625 0.8984375 0.0625 0.8984375 0.1796875 0.7765625 0.1796875
4 0.48125 0.0765625 0.5640625 0.0765625 0.5640625 0.1921875 0.48125 0.1921875
4 0.2640625 0.084375 0.378125 0.084375 0.378125 0.19375 0.2640625 0.19375
4 0.0828125 0.3125 0.2078125 0.3125 0.2078125 0.39375 0.0828125 0.39375
4 0.4140625 0.7578125 0.5109375 0.7578125 0.5109375 0.890625 0.4140625 0.890625
4 0.765625 0.7546875 0.8828125 0.7546875 0.8828125 0.884375 0.765625 0.884375
1 0.5859375 0.7578125 0.68125 0.7578125 0.68125 0.875 0.5859375 0.875
1 0.3078125 0.5890625 0.3890625 0.5890625 0.3890625 0.6828125 0.3078125 0.6828125
1 0.3078125 0.5015625 0.3984375 0.5015625 0.3984375 0.596875 0.3078125 0.596875
1 0.7625 0.3890625 0.8859375 0.3890625 0.8859375 0.471875 0.7625 0.471875
1 0.2078125 0.675 0.3109375 0.675 0.3109375 0.7859375 0.2078125 0.7859375
1 0.390625 0.3 0.4796875 0.3 0.4796875 0.396875 0.390625 0.396875
1 0.7671875 0.1921875 0.89375 0.1921875 0.89375 0.2890625 0.7671875 0.2890625
1 0.1 0.5953125 0.2125 0.5953125 0.2125 0.703125 0.1 0.703125