3 0.178125 0.6125 0.2453125 0.6125 0.2453125 0.68125 0.178125 0.68125
3 0.171875 0.8265625 0.234375 0.8265625 0.234375 0.90625 0.171875 0.90625
3 0.1859375 0.521875 0.2484375 0.521875 0.2484375 0.590625 0.1859375 0.590625
3 0.19375 0.3078125 0.25625 0.3078125 0.25625 0.375 0.19375 0.375
3 0.184375 0.1875 0.25 0.1875 0.25 0.2625 0.184375 0.2625
3 0.440625 0.071875 0.49375 0.071875 0.49375 0.159375 0.440625 0.159375
3 0.446875 0.2859375 0.490625 0.2859375 0.490625 0.3609375 0.446875 0.3609375
1 0.434375 0.4015625 0.5 0.4015625 0.5 0.48125 0.434375 0.48125
1 0.5078125 0.8265625 0.5734375 0.8265625 0.5734375 0.971875 0.5078125 0.971875
1 0.51875 0.01875 0.5890625 0.01875 0.5890625 0.159375 0.51875 0.159375
1 0.1609375 0.3828125 0.2625 0.3828125 0.2625 0.4765625 0.1609375 0.4765625
2 0.425 0.5921875 0.490625 0.5921875 0.490625 0.6765625 0.425 0.6765625
2 0.3328125 0.834375 0.403125 0.834375 0.403125 0.940625 0.3328125 0.940625
2 0.346875 0.03125 0.4125 0.03125 0.4125 0.159375 0.346875 0.159375
2 0.190625 0.05 0.259375 0.05 0.259375 0.16875 0.190625 0.16875
6 0.7515625 0.2953125 0.834375 0.2953125 0.834375 0.3796875 0.7515625 0.3796875
6 0.6765625 0.28125 0.7390625 0.28125 0.7390625 0.36875 0.6765625 0.36875
6 0.75 0.6234375 0.834375 0.6234375 0.834375 0.70625 0.75 0.70625
6 0.75625 0.828125 0.8375 0.828125 0.8375 0.940625 0.75625 0.940625
9 0.5953125 0.3 0.6484375 0.3 0.6484375 0.36875 0.5953125 0.36875
9 0.759375 0.1890625 0.83125 0.1890625 0.83125 0.271875 0.759375 0.271875
9 0.7609375 0.0765625 0.8265625 0.0765625 0.8265625 0.1640625 0.7609375 0.1640625
9 0.759375 0.5125 0.825 0.5125 0.825 0.584375 0.759375 0.584375
11 0.596875 0.721875 0.6671875 0.721875 0.6671875 0.81875 0.596875 0.81875
11 0.746875 0.71875 0.8390625 0.71875 0.8390625 0.8171875 0.746875 0.8171875
11 0.5875 0.403125 0.659375 0.403125 0.659375 0.484375 0.5875 0.484375
0 0.2484375 0.6140625 0.3234375 0.6140625 0.3234375 0.6859375 0.2484375 0.6859375
0 0.3625 0.1609375 0.421875 0.1609375 0.421875 0.2640625 0.3625 0.2640625
5 0.2546875 0.50625 0.3265625 0.50625 0.3265625 0.5828125 0.2546875 0.5828125
5 0.26875 0.0390625 0.3375 0.0390625 0.3375 0.1546875 0.26875 0.1546875
8 0.509375 0.496875 0.58125 0.496875 0.58125 0.584375 0.509375 0.584375
8 0.596875 0.509375 0.6765625 0.509375 0.6765625 0.584375 0.596875 0.584375
4 0.140625 0.7078125 0.246875 0.7078125 0.246875 0.815625 0.140625 0.815625
10 0.746875 0.3875 0.8609375 0.3875 0.8609375 0.484375 0.746875 0.484375