11 0.490625 0.246875 0.5609375 0.246875 0.5609375 0.328125 0.490625 0.328125
10 0.696875 0.7265625 0.8078125 0.7265625 0.8078125 0.84375 0.696875 0.84375
10 0.5 0.728125 0.590625 0.728125 0.590625 0.8390625 0.5 0.8390625
10 0.2859375 0.534375 0.3875 0.534375 0.3875 0.621875 0.2859375 0.621875
9 0.81875 0.825 0.890625 0.825 0.890625 0.9140625 0.81875 0.9140625
9 0.496875 0.834375 0.5671875 0.834375 0.5671875 0.9140625 0.496875 0.9140625
9 0.4125 0.81875 0.4765625 0.81875 0.4765625 0.89375 0.4125 0.89375
9 0.2140625 0.834375 0.29375 0.834375 0.29375 0.915625 0.2140625 0.915625
9 0.1296875 0.84375 0.20625 0.84375 0.20625 0.928125 0.1296875 0.928125
9 0.81875 0.721875 0.8984375 0.721875 0.8984375 0.8046875 0.81875 0.8046875
9 0.3359375 0.634375 0.4046875 0.634375 0.4046875 0.7046875 0.3359375 0.7046875
9 0.084375 0.4703125 0.1625 0.4703125 0.1625 0.5421875 0.084375 0.5421875
9 0.7015625 0.3515625 0.7703125 0.3515625 0.7703125 0.4171875 0.7015625 0.4171875
9 0.5953125 0.353125 0.665625 0.353125 0.665625 0.4140625 0.5953125 0.4140625
9 0.7953125 0.1328125 0.8796875 0.1328125 0.8796875 0.215625 0.7953125 0.215625
9 0.4921875 0.1453125 0.5515625 0.1453125 0.5515625 0.23125 0.4921875 0.23125
9 0.309375 0.15 0.3734375 0.15 0.3734375 0.234375 0.309375 0.234375
9 0.2 0.1265625 0.2765625 0.1265625 0.2765625 0.215625 0.2 0.215625
9 0.0875 0.1546875 0.165625 0.1546875 0.165625 0.234375 0.0875 0.234375
7 0.603125 0.6125 0.7 0.6125 0.7 0.715625 0.603125 0.715625
7 0.5 0.446875 0.5828125 0.446875 0.5828125 0.5265625 0.5 0.5265625
7 0.4828125 0.3328125 0.5671875 0.3328125 0.5671875 0.415625 0.4828125 0.415625
6 0.8109375 0.6234375 0.9171875 0.6234375 0.9171875 0.703125 0.8109375 0.703125
6 0.3046875 0.7234375 0.3796875 0.7234375 0.3796875 0.815625 0.3046875 0.815625
6 0.41875 0.521875 0.4828125 0.521875 0.4828125 0.603125 0.41875 0.603125
6 0.19375 0.459375 0.2796875 0.459375 0.2796875 0.5328125 0.19375 0.5328125
6 0.3078125 0.3515625 0.3734375 0.3515625 0.3734375 0.434375 0.3078125 0.434375
6 0.684375 0.128125 0.771875 0.128125 0.771875 0.2203125 0.684375 0.2203125
11 0.4046875 0.359375 0.478125 0.359375 0.478125 0.4375 0.4046875 0.4375
5 0.603125 0.7203125 0.6875 0.7203125 0.6875 0.80625 0.603125 0.80625
5 0.50625 0.65 0.575 0.65 0.575 0.728125 0.50625 0.728125
5 0.2265625 0.64375 0.3171875 0.64375 0.3171875 0.7296875 0.2265625 0.7296875
5 0.08125 0.5609375 0.1828125 0.5609375 0.1828125 0.6515625 0.08125 0.6515625
5 0.1765625 0.359375 0.2671875 0.359375 0.2671875 0.4375 0.1765625 0.4375
5 0.6234375 0.24375 0.709375 0.24375 0.709375 0.325 0.6234375 0.325
4 0.6875 0.51875 0.79375 0.51875 0.79375 0.609375 0.6875 0.609375
4 0.60625 0.43125 0.703125 0.43125 0.703125 0.50625 0.60625 0.50625
4 0.0703125 0.7375 0.2 0.7375 0.2 0.8515625 0.0703125 0.8515625
3 0.3453125 0.83125 0.4109375 0.83125 0.4109375 0.915625 0.3453125 0.915625
3 0.4109375 0.7265625 0.4765625 0.7265625 0.4765625 0.80625 0.4109375 0.80625
3 0.2140625 0.725 0.2890625 0.725 0.2890625 0.803125 0.2140625 0.803125
3 0.1203125 0.6515625 0.1984375 0.6515625 0.1984375 0.7234375 0.1203125 0.7234375
3 0.2125 0.5421875 0.278125 0.5421875 0.278125 0.6046875 0.2125 0.6046875
3 0.7953125 0.525 0.875 0.525 0.875 0.6078125 0.7953125 0.6078125
3 0.8046875 0.428125 0.8890625 0.428125 0.8890625 0.5078125 0.8046875 0.5078125
3 0.78125 0.33125 0.8703125 0.33125 0.8703125 0.4125 0.78125 0.4125
3 0.796875 0.240625 0.88125 0.240625 0.88125 0.315625 0.796875 0.315625
3 0.4 0.275 0.4625 0.275 0.4625 0.346875 0.4 0.346875
3 0.0953125 0.35625 0.1703125 0.35625 0.1703125 0.4375 0.0953125 0.4375
3 0.1046875 0.246875 0.175 0.246875 0.175 0.321875 0.1046875 0.321875
3 0.621875 0.1265625 0.6875 0.1265625 0.6875 0.20625 0.621875 0.20625
1 0.7125 0.634375 0.815625 0.634375 0.815625 0.7296875 0.7125 0.7296875
1 0.5890625 0.534375 0.6953125 0.534375 0.6953125 0.6171875 0.5890625 0.6171875
1 0.384375 0.1109375 0.465625 0.1109375 0.465625 0.2421875 0.384375 0.2421875
0 0.4140625 0.6234375 0.4828125 0.6234375 0.4828125 0.703125 0.4140625 0.703125
0 0.5125 0.5578125 0.584375 0.5578125 0.584375 0.6234375 0.5125 0.6234375
0 0.175 0.225 0.259375 0.225 0.259375 0.3 0.175 0.3
0 0.29375 0.4515625 0.365625 0.4515625 0.365625 0.5296875 0.29375 0.5296875
0 0.409375 0.45 0.484375 0.45 0.484375 0.525 0.409375 0.525
3 0.7 0.43125 0.7671875 0.43125 0.7671875 0.490625 0.7 0.490625