0 0.6359375 0.7609375 0.7296875 0.7609375 0.7296875 0.878125 0.6359375 0.878125
0 0.3453125 0.784375 0.421875 0.784375 0.421875 0.8796875 0.3453125 0.8796875
0 0.2234375 0.2609375 0.3125 0.2609375 0.3125 0.3515625 0.2234375 0.3515625
0 0.121875 0.165625 0.221875 0.165625 0.221875 0.265625 0.121875 0.265625
0 0.5359375 0.159375 0.6078125 0.159375 0.6078125 0.25625 0.5359375 0.25625
1 0.625 0.6515625 0.73125 0.6515625 0.73125 0.7578125 0.625 0.7578125
1 0.4140625 0.6703125 0.5140625 0.6703125 0.5140625 0.784375 0.4140625 0.784375
1 0.1859375 0.3578125 0.315625 0.3578125 0.315625 0.4640625 0.1859375 0.4640625
2 0.4390625 0.13125 0.5171875 0.13125 0.5171875 0.25 0.4390625 0.25
2 0.525 0.478125 0.6078125 0.478125 0.6078125 0.55625 0.525 0.55625
2 0.34375 0.4578125 0.4265625 0.4578125 0.4265625 0.5578125 0.34375 0.5578125
2 0.734375 0.5578125 0.8515625 0.5578125 0.8515625 0.64375 0.734375 0.64375
3 0.334375 0.2671875 0.409375 0.2671875 0.409375 0.3515625 0.334375 0.3515625
3 0.2484375 0.6734375 0.340625 0.6734375 0.340625 0.746875 0.2484375 0.746875
4 0.528125 0.7671875 0.61875 0.7671875 0.61875 0.8828125 0.528125 0.8828125
4 0.4375 0.359375 0.528125 0.359375 0.528125 0.4640625 0.4375 0.4640625
4 0.6296875 0.5765625 0.7390625 0.5765625 0.7390625 0.6671875 0.6296875 0.6671875
5 0.7 0.159375 0.809375 0.159375 0.809375 0.2640625 0.7 0.2640625
5 0.728125 0.334375 0.8390625 0.334375 0.8390625 0.4234375 0.728125 0.4234375
5 0.828125 0.7734375 0.94375 0.7734375 0.94375 0.875 0.828125 0.875
5 0.3453125 0.6578125 0.425 0.6578125 0.425 0.75625 0.3453125 0.75625
5 0.453125 0.571875 0.525 0.571875 0.525 0.6671875 0.453125 0.6671875
5 0.4375 0.4921875 0.5125 0.4921875 0.5125 0.5703125 0.4375 0.5703125
6 0.6078125 0.36875 0.696875 0.36875 0.696875 0.44375 0.6078125 0.44375
6 0.609375 0.0546875 0.7046875 0.0546875 0.7046875 0.165625 0.609375 0.165625
6 0.70625 0.253125 0.8046875 0.253125 0.8046875 0.340625 0.70625 0.340625
6 0.321875 0.5734375 0.4109375 0.5734375 0.4109375 0.6640625 0.321875 0.6640625
6 0.121875 0.5734375 0.2296875 0.5734375 0.2296875 0.6640625 0.121875 0.6640625
6 0.221875 0.4703125 0.309375 0.4703125 0.309375 0.5421875 0.221875 0.5421875
7 0.6078125 0.2515625 0.7046875 0.2515625 0.7046875 0.371875 0.6078125 0.371875
7 0.5328125 0.3484375 0.6140625 0.3484375 0.6140625 0.44375 0.5328125 0.44375
7 0.83125 0.665625 0.9734375 0.665625 0.9734375 0.790625 0.83125 0.790625
8 0.3265625 0.140625 0.4234375 0.140625 0.4234375 0.240625 0.3265625 0.240625
8 0.728125 0.4828125 0.8171875 0.4828125 0.8171875 0.5734375 0.728125 0.5734375
8 0.540625 0.6671875 0.6265625 0.6671875 0.6265625 0.7609375 0.540625 0.7609375
8 0.1046875 0.76875 0.2296875 0.76875 0.2296875 0.875 0.1046875 0.875
8 0.1109375 0.6609375 0.23125 0.6609375 0.23125 0.7625 0.1109375 0.7625
8 0.3140625 0.3609375 0.409375 0.3609375 0.409375 0.459375 0.3140625 0.459375
9 0.24375 0.5828125 0.3125 0.5828125 0.3125 0.659375 0.24375 0.659375
10 0.6109375 0.125 0.725 0.125 0.725 0.2484375 0.6109375 0.2484375
10 0.5265625 0.25625 0.6203125 0.25625 0.6203125 0.365625 0.5265625 0.365625
10 0.090625 0.4609375 0.2390625 0.4609375 0.2390625 0.55625 0.090625 0.55625
11 0.2375 0.1484375 0.3375 0.1484375 0.3375 0.2546875 0.2375 0.2546875
11 0.421875 0.253125 0.5125 0.253125 0.5125 0.3484375 0.421875 0.3484375
11 0.6359375 0.4640625 0.7203125 0.4640625 0.7203125 0.5515625 0.6359375 0.5515625
11 0.5203125 0.5515625 0.6171875 0.5515625 0.6171875 0.63125 0.5203125 0.63125