5 0.1875 0.66875 0.2890625 0.66875 0.2890625 0.784375 0.1875 0.784375
5 0.2890625 0.7890625 0.3640625 0.7890625 0.3640625 0.9046875 0.2890625 0.9046875
3 0.2296875 0.0296875 0.3046875 0.0296875 0.3046875 0.1375 0.2296875 0.1375
3 0.240625 0.1390625 0.3125 0.1390625 0.3125 0.253125 0.240625 0.253125
3 0.209375 0.246875 0.3015625 0.246875 0.3015625 0.3609375 0.209375 0.3609375
3 0.20625 0.35625 0.2875 0.35625 0.2875 0.4578125 0.20625 0.4578125
3 0.3140625 0.0296875 0.3703125 0.0296875 0.3703125 0.1515625 0.3140625 0.1515625
3 0.3765625 0.05 0.446875 0.05 0.446875 0.159375 0.3765625 0.159375
3 0.4765625 0.0609375 0.5296875 0.0609375 0.5296875 0.175 0.4765625 0.175
2 0.7375 0.6796875 0.853125 0.6796875 0.853125 0.778125 0.7375 0.778125
2 0.75 0.7828125 0.828125 0.7828125 0.828125 0.903125 0.75 0.903125
2 0.6703125 0.8 0.759375 0.8 0.759375 0.9140625 0.6703125 0.9140625
0 0.765625 0.4078125 0.8609375 0.4078125 0.8609375 0.4890625 0.765625 0.4890625
0 0.759375 0.2875 0.85 0.2875 0.85 0.3875 0.759375 0.3875
0 0.746875 0.1734375 0.846875 0.1734375 0.846875 0.290625 0.746875 0.290625
0 0.75 0.0890625 0.859375 0.0890625 0.859375 0.1984375 0.75 0.1984375
0 0.6875 0.0734375 0.775 0.0734375 0.775 0.1796875 0.6875 0.1796875
0 0.6109375 0.05 0.703125 0.05 0.703125 0.171875 0.6109375 0.171875
0 0.54375 0.05 0.609375 0.05 0.609375 0.178125 0.54375 0.178125