4 0.146875 0.38125 0.28125 0.38125 0.28125 0.484375 0.146875 0.484375
3 0.825 0.2046875 0.9203125 0.2046875 0.9203125 0.2859375 0.825 0.2859375
3 0.828125 0.4109375 0.9234375 0.4109375 0.9234375 0.4921875 0.828125 0.4921875
3 0.8390625 0.6296875 0.9390625 0.6296875 0.9390625 0.7015625 0.8390625 0.7015625
3 0.8328125 0.73125 0.9265625 0.73125 0.9265625 0.80625 0.8328125 0.80625
3 0.825 0.825 0.9171875 0.825 0.9171875 0.903125 0.825 0.903125
3 0.721875 0.109375 0.796875 0.109375 0.796875 0.2015625 0.721875 0.2015625
3 0.7234375 0.3109375 0.80625 0.3109375 0.80625 0.3921875 0.7234375 0.3921875
3 0.71875 0.63125 0.8125 0.63125 0.8125 0.703125 0.71875 0.703125
3 0.6078125 0.4078125 0.6953125 0.4078125 0.6953125 0.4875 0.6078125 0.4875
3 0.6078125 0.515625 0.6921875 0.515625 0.6921875 0.584375 0.6078125 0.584375
3 0.615625 0.6171875 0.7015625 0.6171875 0.7015625 0.6890625 0.615625 0.6890625
3 0.6125 0.7203125 0.7 0.7203125 0.7 0.8109375 0.6125 0.8109375
3 0.5234375 0.09375 0.590625 0.09375 0.590625 0.190625 0.5234375 0.190625
3 0.5203125 0.4203125 0.590625 0.4203125 0.590625 0.4921875 0.5203125 0.4921875
3 0.4140625 0.509375 0.4890625 0.509375 0.4890625 0.58125 0.4140625 0.58125
3 0.40625 0.7140625 0.4875 0.7140625 0.4875 0.7890625 0.40625 0.7890625
3 0.3046875 0.2 0.378125 0.2 0.378125 0.2875 0.3046875 0.2875
3 0.29375 0.821875 0.3734375 0.821875 0.3734375 0.921875 0.29375 0.921875
3 0.184375 0.609375 0.278125 0.609375 0.278125 0.68125 0.184375 0.68125
3 0.184375 0.7328125 0.2625 0.7328125 0.2625 0.8109375 0.184375 0.8109375
3 0.09375 0.0859375 0.190625 0.0859375 0.190625 0.1765625 0.09375 0.1765625
3 0.090625 0.2015625 0.1875 0.2015625 0.1875 0.2875 0.090625 0.2875
3 0.08125 0.3046875 0.178125 0.3046875 0.178125 0.378125 0.08125 0.378125
11 0.7234375 0.725 0.83125 0.725 0.83125 0.815625 0.7234375 0.815625
5 0.403125 0.60625 0.4875 0.60625 0.4875 0.6875 0.403125 0.6875
5 0.18125 0.5 0.284375 0.5 0.284375 0.58125 0.18125 0.58125
8 0.603125 0.16875 0.6875 0.16875 0.6875 0.29375 0.603125 0.29375
8 0.4015625 0.4125 0.4921875 0.4125 0.4921875 0.4984375 0.4015625 0.4984375
8 0.2796875 0.7171875 0.3796875 0.7171875 0.3796875 0.821875 0.2796875 0.821875
9 0.5265625 0.2984375 0.6015625 0.2984375 0.6015625 0.384375 0.5265625 0.384375
9 0.3109375 0.090625 0.390625 0.090625 0.390625 0.18125 0.3109375 0.18125
9 0.0765625 0.496875 0.16875 0.496875 0.16875 0.56875 0.0765625 0.56875
9 0.3015625 0.5078125 0.384375 0.5078125 0.384375 0.5859375 0.3015625 0.5859375
9 0.509375 0.715625 0.590625 0.715625 0.590625 0.79375 0.509375 0.79375
2 0.403125 0.1984375 0.4953125 0.1984375 0.4953125 0.3015625 0.403125 0.3015625
2 0.5015625 0.60625 0.590625 0.60625 0.590625 0.69375 0.5015625 0.69375
2 0.3015625 0.603125 0.3890625 0.603125 0.3890625 0.690625 0.3015625 0.690625
2 0.3140625 0.384375 0.396875 0.384375 0.396875 0.4890625 0.3140625 0.4890625