11 0.48125 0.3515625 0.55 0.3515625 0.55 0.4125 0.48125 0.4125
11 0.471875 0.51875 0.534375 0.51875 0.534375 0.5875 0.471875 0.5875
11 0.3015625 0.59375 0.3734375 0.59375 0.3734375 0.66875 0.3015625 0.66875
11 0.2875 0.334375 0.36875 0.334375 0.36875 0.403125 0.2875 0.403125
10 0.665625 0.3171875 0.759375 0.3171875 0.759375 0.396875 0.665625 0.396875
10 0.65 0.428125 0.74375 0.428125 0.74375 0.50625 0.65 0.50625
10 0.6625 0.096875 0.7625 0.096875 0.7625 0.2125 0.6625 0.2125
9 0.203125 0.60625 0.26875 0.60625 0.26875 0.665625 0.203125 0.665625
9 0.23125 0.684375 0.296875 0.684375 0.296875 0.7453125 0.23125 0.7453125
9 0.659375 0.5125 0.721875 0.5125 0.721875 0.571875 0.659375 0.571875
8 0.7453125 0.228125 0.834375 0.228125 0.834375 0.3125 0.7453125 0.3125
8 0.4765625 0.25 0.546875 0.25 0.546875 0.321875 0.4765625 0.321875
8 0.478125 0.13125 0.55625 0.13125 0.55625 0.2125 0.478125 0.2125
8 0.3953125 0.60625 0.465625 0.60625 0.465625 0.671875 0.3953125 0.671875
8 0.55625 0.596875 0.628125 0.596875 0.628125 0.68125 0.55625 0.68125
8 0.578125 0.7765625 0.6484375 0.7765625 0.6484375 0.8703125 0.578125 0.8703125
7 0.565625 0.228125 0.653125 0.228125 0.653125 0.3125 0.565625 0.3125
7 0.565625 0.115625 0.653125 0.115625 0.653125 0.225 0.565625 0.225
7 0.740625 0.69375 0.853125 0.69375 0.853125 0.8046875 0.740625 0.8046875
6 0.575 0.7015625 0.640625 0.7015625 0.640625 0.7765625 0.575 0.7765625
6 0.4828125 0.7875 0.5546875 0.7875 0.5546875 0.878125 0.4828125 0.878125
6 0.6671875 0.7921875 0.7390625 0.7921875 0.7390625 0.8828125 0.6671875 0.8828125
6 0.7453125 0.7921875 0.825 0.7921875 0.825 0.8765625 0.7453125 0.8765625
6 0.765625 0.121875 0.8453125 0.121875 0.8453125 0.2125 0.765625 0.2125
6 0.48125 0.609375 0.546875 0.609375 0.546875 0.6890625 0.48125 0.6890625
5 0.7375 0.334375 0.825 0.334375 0.825 0.396875 0.7375 0.396875
5 0.39375 0.1375 0.4640625 0.1375 0.4640625 0.21875 0.39375 0.21875
5 0.2953125 0.128125 0.365625 0.128125 0.365625 0.215625 0.2953125 0.215625
5 0.496875 0.4453125 0.553125 0.4453125 0.553125 0.5046875 0.496875 0.5046875
5 0.3984375 0.6859375 0.4640625 0.6859375 0.4640625 0.7703125 0.3984375 0.7703125
5 0.75 0.596875 0.8390625 0.596875 0.8390625 0.6765625 0.75 0.6765625
4 0.3984375 0.771875 0.4734375 0.771875 0.4734375 0.884375 0.3984375 0.884375
4 0.38125 0.421875 0.459375 0.421875 0.459375 0.49375 0.38125 0.49375
4 0.3859375 0.5078125 0.4609375 0.5078125 0.4609375 0.5828125 0.3859375 0.5828125
3 0.66875 0.2453125 0.7296875 0.2453125 0.7296875 0.303125 0.66875 0.303125
3 0.3015625 0.70625 0.3640625 0.70625 0.3640625 0.771875 0.3015625 0.771875
3 0.3046875 0.7796875 0.375 0.7796875 0.375 0.8546875 0.3046875 0.8546875
2 0.565625 0.321875 0.63125 0.321875 0.63125 0.4 0.565625 0.4
2 0.759375 0.4390625 0.8484375 0.4390625 0.8484375 0.50625 0.759375 0.50625
2 0.4734375 0.690625 0.5359375 0.690625 0.5359375 0.76875 0.4734375 0.76875
2 0.55625 0.51875 0.628125 0.51875 0.628125 0.5890625 0.55625 0.5890625
1 0.75 0.5140625 0.86875 0.5140625 0.86875 0.59375 0.75 0.59375
1 0.375 0.325 0.459375 0.325 0.459375 0.403125 0.375 0.403125
1 0.559375 0.434375 0.6421875 0.434375 0.6421875 0.5109375 0.559375 0.5109375
0 0.6484375 0.5984375 0.7234375 0.5984375 0.7234375 0.66875 0.6484375 0.66875
0 0.659375 0.703125 0.7375 0.703125 0.7375 0.7921875 0.659375 0.7921875
0 0.2953125 0.41875 0.3671875 0.41875 0.3671875 0.490625 0.2953125 0.490625
0 0.309375 0.509375 0.38125 0.509375 0.38125 0.575 0.309375 0.575
0 0.3671875 0.2375 0.4421875 0.2375 0.4421875 0.315625 0.3671875 0.315625