11 0.425 0.28125 0.4875 0.28125 0.4875 0.365625 0.425 0.365625
11 0.846875 0.296875 0.9375 0.296875 0.9375 0.3953125 0.846875 0.3953125
10 0.6296875 0.01875 0.7359375 0.01875 0.7359375 0.140625 0.6296875 0.140625
6 0.5 0.515625 0.575 0.515625 0.575 0.596875 0.5 0.596875
6 0.625 0.15625 0.709375 0.15625 0.709375 0.246875 0.625 0.246875
7 0.8421875 0.14375 0.975 0.14375 0.975 0.265625 0.8421875 0.265625
8 0.4078125 0.1328125 0.4796875 0.1328125 0.4796875 0.246875 0.4078125 0.246875
8 0.5109375 0.16875 0.5953125 0.16875 0.5953125 0.265625 0.5109375 0.265625
8 0.2875 0.365625 0.365625 0.365625 0.365625 0.44375 0.2875 0.44375
8 0.759375 0.0375 0.84375 0.0375 0.84375 0.1578125 0.759375 0.1578125
9 0.634375 0.4265625 0.6953125 0.4265625 0.6953125 0.496875 0.634375 0.496875
9 0.428125 0.0484375 0.4875 0.0484375 0.4875 0.1359375 0.428125 0.1359375
3 0.83125 0.43125 0.89375 0.43125 0.89375 0.5109375 0.83125 0.5109375
3 0.853125 0.0609375 0.928125 0.0609375 0.928125 0.1453125 0.853125 0.1453125
2 0.540625 0.009375 0.596875 0.009375 0.596875 0.134375 0.540625 0.134375
2 0.3171875 0.00625 0.384375 0.00625 0.384375 0.1265625 0.3171875 0.1265625
0 0.709375 0.403125 0.8 0.403125 0.8 0.475 0.709375 0.475
1 0.6171875 0.2828125 0.71875 0.2828125 0.71875 0.3765625 0.6171875 0.3765625
4 0.73125 0.30625 0.84375 0.30625 0.84375 0.396875 0.73125 0.396875
4 0.715625 0.1390625 0.825 0.1390625 0.825 0.2546875 0.715625 0.2546875
5 0.328125 0.2734375 0.3984375 0.2734375 0.3984375 0.3578125 0.328125 0.3578125
5 0.33125 0.153125 0.390625 0.153125 0.390625 0.25 0.33125 0.25
7 0.509375 0.2703125 0.59375 0.2703125 0.59375 0.36875 0.509375 0.36875
10 0.503125 0.396875 0.58125 0.396875 0.58125 0.48125 0.503125 0.48125
1 0.4140625 0.3828125 0.484375 0.3828125 0.484375 0.4671875 0.4140625 0.4671875