4 0.1375 0.4203125 0.246875 0.4203125 0.246875 0.509375 0.1375 0.509375
3 0.8515625 0.1203125 0.9421875 0.1203125 0.9421875 0.209375 0.8515625 0.209375
3 0.765625 0.115625 0.846875 0.115625 0.846875 0.190625 0.765625 0.190625
3 0.5703125 0.096875 0.640625 0.096875 0.640625 0.18125 0.5703125 0.18125
3 0.5625 0.23125 0.6359375 0.23125 0.6359375 0.3125 0.5625 0.3125
3 0.46875 0.3234375 0.534375 0.3234375 0.534375 0.3921875 0.46875 0.3921875
3 0.45625 0.515625 0.51875 0.515625 0.51875 0.58125 0.45625 0.58125
3 0.46875 0.71875 0.5375 0.71875 0.5375 0.784375 0.46875 0.784375
3 0.571875 0.628125 0.640625 0.628125 0.640625 0.690625 0.571875 0.690625
3 0.6625 0.81875 0.740625 0.81875 0.740625 0.9 0.6625 0.9
3 0.753125 0.6359375 0.8421875 0.6359375 0.8421875 0.6953125 0.753125 0.6953125
3 0.85625 0.6359375 0.95 0.6359375 0.95 0.6984375 0.85625 0.6984375
3 0.840625 0.5375 0.9375 0.5375 0.9375 0.6109375 0.840625 0.6109375
3 0.8625 0.43125 0.953125 0.43125 0.953125 0.5 0.8625 0.5
3 0.7484375 0.2328125 0.846875 0.2328125 0.846875 0.3046875 0.7484375 0.3046875
3 0.2625 0.5265625 0.33125 0.5265625 0.33125 0.5890625 0.2625 0.5890625
3 0.26875 0.625 0.334375 0.625 0.334375 0.7015625 0.26875 0.7015625
3 0.2765625 0.71875 0.3453125 0.71875 0.3453125 0.7984375 0.2765625 0.7984375
3 0.259375 0.425 0.3171875 0.425 0.3171875 0.5 0.259375 0.5
3 0.3609375 0.428125 0.4203125 0.428125 0.4203125 0.50625 0.3609375 0.50625
3 0.7453125 0.5234375 0.8234375 0.5234375 0.8234375 0.590625 0.7453125 0.590625
3 0.83125 0.815625 0.94375 0.815625 0.94375 0.8875 0.83125 0.8875
3 0.1640625 0.321875 0.2328125 0.321875 0.2328125 0.396875 0.1640625 0.396875
3 0.278125 0.228125 0.34375 0.228125 0.34375 0.303125 0.278125 0.303125
9 0.6734375 0.3421875 0.7515625 0.3421875 0.7515625 0.4109375 0.6734375 0.4109375
9 0.5609375 0.4265625 0.6328125 0.4265625 0.6328125 0.4890625 0.5609375 0.4890625
9 0.4703125 0.23125 0.5390625 0.23125 0.5390625 0.296875 0.4703125 0.296875
9 0.46875 0.8296875 0.5453125 0.8296875 0.5453125 0.91875 0.46875 0.91875
9 0.2515625 0.84375 0.3265625 0.84375 0.3265625 0.91875 0.2515625 0.91875
11 0.7484375 0.4265625 0.8578125 0.4265625 0.8578125 0.5015625 0.7484375 0.5015625
8 0.846875 0.3125 0.959375 0.3125 0.959375 0.39375 0.846875 0.39375
8 0.74375 0.7078125 0.853125 0.7078125 0.853125 0.7953125 0.74375 0.7953125
8 0.1578125 0.7359375 0.2359375 0.7359375 0.2359375 0.8484375 0.1578125 0.8484375
2 0.13125 0.19375 0.23125 0.19375 0.23125 0.284375 0.13125 0.284375
2 0.26875 0.31875 0.34375 0.31875 0.34375 0.390625 0.26875 0.390625
2 0.153125 0.5359375 0.2359375 0.5359375 0.2359375 0.6203125 0.153125 0.6203125
2 0.1390625 0.6359375 0.2390625 0.6359375 0.2390625 0.721875 0.1390625 0.721875
5 0.8578125 0.70625 0.9765625 0.70625 0.9765625 0.796875 0.8578125 0.796875
5 0.115625 0.828125 0.234375 0.828125 0.234375 0.9375 0.115625 0.9375