0 0.228125 0.65 0.3484375 0.65 0.3484375 0.696875 0.228125 0.696875
0 0.13125 0.6 0.234375 0.6 0.234375 0.6375 0.13125 0.6375
1 0.3078125 0.471875 0.46875 0.471875 0.46875 0.5234375 0.3078125 0.5234375
3 0.040625 0.69375 0.1421875 0.69375 0.1421875 0.73125 0.040625 0.73125
3 0.15 0.65625 0.225 0.65625 0.225 0.696875 0.15 0.696875
3 0.0515625 0.4390625 0.1421875 0.4390625 0.1421875 0.4734375 0.0515625 0.4734375
3 0.08125 0.375 0.16875 0.375 0.16875 0.415625 0.08125 0.415625
3 0.3703125 0.378125 0.459375 0.378125 0.459375 0.4125 0.3703125 0.4125
5 0.7203125 0.725 0.8390625 0.725 0.8390625 0.771875 0.7203125 0.771875
5 0.4625 0.415625 0.5859375 0.415625 0.5859375 0.46875 0.4625 0.46875
11 0.0203125 0.59375 0.1234375 0.59375 0.1234375 0.634375 0.0203125 0.634375
10 0.5703125 0.534375 0.7203125 0.534375 0.7203125 0.5828125 0.5703125 0.5828125
9 0.046875 0.746875 0.14375 0.746875 0.14375 0.7859375 0.046875 0.7859375
9 0.025 0.640625 0.1265625 0.640625 0.1265625 0.671875 0.025 0.671875
9 0.065625 0.49375 0.1625 0.49375 0.1625 0.528125 0.065625 0.528125
9 0.5015625 0.5875 0.5984375 0.5875 0.5984375 0.61875 0.5015625 0.61875
9 0.365625 0.703125 0.46875 0.703125 0.46875 0.7484375 0.365625 0.7484375
8 0.1234375 0.5375 0.2515625 0.5375 0.2515625 0.58125 0.1234375 0.58125
8 0.1453125 0.4234375 0.25625 0.4234375 0.25625 0.4796875 0.1453125 0.4796875
7 0.3125 0.534375 0.4734375 0.534375 0.4734375 0.5859375 0.3125 0.5859375
6 0.2328125 0.590625 0.3484375 0.590625 0.3484375 0.628125 0.2328125 0.628125
6 0.740625 0.35 0.85 0.35 0.85 0.403125 0.740625 0.403125