7 0.1578125 0.2546875 0.2296875 0.2546875 0.2296875 0.4984375 0.1578125 0.4984375
6 0.271875 0.1921875 0.315625 0.1921875 0.315625 0.3609375 0.271875 0.3609375
0 0.325 0.209375 0.36875 0.209375 0.36875 0.3828125 0.325 0.3828125
1 0.309375 0.4109375 0.3703125 0.4109375 0.3703125 0.6234375 0.309375 0.6234375
8 0.20625 0.7234375 0.2671875 0.7234375 0.2671875 0.89375 0.20625 0.89375
8 0.3640625 0.7578125 0.4171875 0.7578125 0.4171875 0.915625 0.3640625 0.915625
5 0.5359375 0.915625 0.5890625 0.915625 0.5890625 0.996875 0.5359375 0.996875
6 0.5390625 0.59375 0.5859375 0.59375 0.5859375 0.7703125 0.5390625 0.7703125
5 0.45 0.5921875 0.4984375 0.5921875 0.4984375 0.7484375 0.45 0.7484375
11 0.465625 0.4328125 0.5109375 0.4328125 0.5109375 0.584375 0.465625 0.584375
5 0.39375 0.31875 0.4390625 0.31875 0.4390625 0.471875 0.39375 0.471875
4 0.528125 0.2890625 0.578125 0.2890625 0.578125 0.4953125 0.528125 0.4953125
10 0.453125 0.1796875 0.503125 0.1796875 0.503125 0.39375 0.453125 0.39375
0 0.6453125 0.2171875 0.690625 0.2171875 0.690625 0.3921875 0.6453125 0.3921875
11 0.465625 0.125 0.503125 0.125 0.503125 0.271875 0.465625 0.271875
5 0.5109375 0.1125 0.5609375 0.1125 0.5609375 0.171875 0.5109375 0.171875