0 0.509375 0.603125 0.584375 0.603125 0.584375 0.6734375 0.509375 0.6734375
0 0.4140625 0.6921875 0.490625 0.6921875 0.490625 0.771875 0.4140625 0.771875
0 0.496875 0.4140625 0.571875 0.4140625 0.571875 0.4734375 0.496875 0.4734375
0 0.4 0.3078125 0.475 0.3078125 0.475 0.3765625 0.4 0.3765625
0 0.6390625 0.7 0.7015625 0.7 0.7015625 0.78125 0.6390625 0.78125
3 0.096875 0.421875 0.1796875 0.421875 0.1796875 0.4859375 0.096875 0.4859375
3 0.0875 0.5265625 0.16875 0.5265625 0.16875 0.58125 0.0875 0.58125
3 0.109375 0.6296875 0.19375 0.6296875 0.19375 0.69375 0.109375 0.69375
3 0.2078125 0.5359375 0.2859375 0.5359375 0.2859375 0.5890625 0.2078125 0.5890625
3 0.81875 0.30625 0.8921875 0.30625 0.8921875 0.3671875 0.81875 0.3671875
3 0.7171875 0.2015625 0.7796875 0.2015625 0.7796875 0.2671875 0.7171875 0.2671875
3 0.7109375 0.3203125 0.7734375 0.3203125 0.7734375 0.38125 0.7109375 0.38125
3 0.71875 0.4203125 0.7890625 0.4203125 0.7890625 0.4765625 0.71875 0.4765625
3 0.5953125 0.1015625 0.6609375 0.1015625 0.6609375 0.1765625 0.5953125 0.1765625
3 0.525 0.2125 0.5765625 0.2125 0.5765625 0.28125 0.525 0.28125
3 0.834375 0.60625 0.9046875 0.60625 0.9046875 0.6625 0.834375 0.6625
3 0.496875 0.8203125 0.5625 0.8203125 0.5625 0.8921875 0.496875 0.8921875
3 0.821875 0.7265625 0.8984375 0.7265625 0.8984375 0.79375 0.821875 0.79375
3 0.1 0.7109375 0.1796875 0.7109375 0.1796875 0.7765625 0.1 0.7765625
9 0.10625 0.81875 0.1828125 0.81875 0.1828125 0.9046875 0.10625 0.9046875
9 0.540625 0.7125 0.6015625 0.7125 0.6015625 0.7765625 0.540625 0.7765625
9 0.440625 0.8078125 0.4953125 0.8078125 0.4953125 0.8875 0.440625 0.8875
9 0.615625 0.815625 0.6765625 0.815625 0.6765625 0.8953125 0.615625 0.8953125
9 0.721875 0.8421875 0.7921875 0.8421875 0.7921875 0.9125 0.721875 0.9125
9 0.8375 0.8125 0.921875 0.8125 0.921875 0.8953125 0.8375 0.8953125
9 0.8375 0.4953125 0.9171875 0.4953125 0.9171875 0.559375 0.8375 0.559375
9 0.2046875 0.609375 0.2734375 0.609375 0.2734375 0.6796875 0.2046875 0.6796875
9 0.078125 0.1046875 0.1625 0.1046875 0.1625 0.1734375 0.078125 0.1734375
9 0.084375 0.2109375 0.1578125 0.2109375 0.1578125 0.28125 0.084375 0.28125
9 0.415625 0.096875 0.490625 0.096875 0.490625 0.1796875 0.415625 0.1796875
9 0.5296875 0.1125 0.584375 0.1125 0.584375 0.190625 0.5296875 0.190625
9 0.7171875 0.096875 0.7859375 0.096875 0.7859375 0.1765625 0.7171875 0.1765625
9 0.6125 0.2125 0.671875 0.2125 0.671875 0.2875 0.6125 0.2875
9 0.8046875 0.0828125 0.8796875 0.0828125 0.8796875 0.159375 0.8046875 0.159375
10 0.1578125 0.16875 0.2859375 0.16875 0.2859375 0.278125 0.1578125 0.278125
4 0.16875 0.06875 0.2859375 0.06875 0.2859375 0.184375 0.16875 0.184375
10 0.2859375 0.409375 0.3859375 0.409375 0.3859375 0.490625 0.2859375 0.490625
4 0.2921875 0.0734375 0.4 0.0734375 0.4 0.1984375 0.2921875 0.1984375
6 0.1890625 0.309375 0.2796875 0.309375 0.2796875 0.384375 0.1890625 0.384375
4 0.190625 0.709375 0.3015625 0.709375 0.3015625 0.81875 0.190625 0.81875
6 0.1875 0.4140625 0.2796875 0.4140625 0.2796875 0.475 0.1875 0.475
5 0.7359375 0.6015625 0.8265625 0.6015625 0.8265625 0.6796875 0.7359375 0.6796875
6 0.421875 0.49375 0.4921875 0.49375 0.4921875 0.559375 0.421875 0.559375
5 0.71875 0.690625 0.815625 0.690625 0.815625 0.7734375 0.71875 0.7734375
6 0.3046875 0.19375 0.390625 0.19375 0.390625 0.2796875 0.3046875 0.2796875
5 0.825 0.3796875 0.921875 0.3796875 0.921875 0.4484375 0.825 0.4484375
6 0.625 0.3 0.6890625 0.3 0.6890625 0.375 0.625 0.375
5 0.3078125 0.309375 0.39375 0.309375 0.39375 0.384375 0.3078125 0.384375
6 0.2140625 0.8203125 0.2953125 0.8203125 0.2953125 0.9109375 0.2140625 0.9109375
5 0.065625 0.3234375 0.1625 0.3234375 0.1625 0.39375 0.065625 0.39375
9 0.0828125 0.103125 0.1609375 0.103125 0.1609375 0.1765625 0.0828125 0.1765625
7 0.3921875 0.190625 0.4828125 0.190625 0.4828125 0.2921875 0.3921875 0.2921875
9 0.078125 0.2125 0.1609375 0.2125 0.1609375 0.2796875 0.078125 0.2796875
7 0.290625 0.5984375 0.390625 0.5984375 0.390625 0.69375 0.290625 0.69375
7 0.59375 0.3765625 0.6828125 0.3765625 0.6828125 0.4609375 0.59375 0.4609375
9 0.615625 0.2125 0.671875 0.2125 0.671875 0.28125 0.615625 0.28125
10 0.7015625 0.4921875 0.8109375 0.4921875 0.8109375 0.58125 0.7015625 0.58125
1 0.6046875 0.49375 0.69375 0.49375 0.69375 0.5609375 0.6046875 0.5609375
1 0.6109375 0.6171875 0.70625 0.6171875 0.70625 0.703125 0.6109375 0.703125
1 0.5078125 0.2921875 0.5875 0.2921875 0.5875 0.3890625 0.5078125 0.3890625
10 0.7046875 0.4953125 0.809375 0.4953125 0.809375 0.5796875 0.7046875 0.5796875
11 0.5234375 0.5015625 0.590625 0.5015625 0.590625 0.5734375 0.5234375 0.5734375
11 0.3109375 0.6953125 0.390625 0.6953125 0.390625 0.78125 0.3109375 0.78125