11 0.709375 0.39375 0.8 0.39375 0.8 0.48125 0.709375 0.48125
5 0.053125 0.809375 0.1671875 0.809375 0.1671875 0.909375 0.053125 0.909375
5 0.625 0.721875 0.721875 0.721875 0.721875 0.821875 0.625 0.821875
4 0.3921875 0.3890625 0.4859375 0.3890625 0.4859375 0.4828125 0.3921875 0.4828125
3 0.2109375 0.709375 0.2859375 0.709375 0.2859375 0.778125 0.2109375 0.778125
3 0.196875 0.609375 0.271875 0.609375 0.271875 0.675 0.196875 0.675
3 0.184375 0.4015625 0.265625 0.4015625 0.265625 0.4765625 0.184375 0.4765625
3 0.096875 0.30625 0.18125 0.30625 0.18125 0.375 0.096875 0.375
3 0.303125 0.0890625 0.375 0.0890625 0.375 0.1796875 0.303125 0.1796875
3 0.5109375 0.075 0.5765625 0.075 0.5765625 0.1609375 0.5109375 0.1609375
3 0.509375 0.2015625 0.58125 0.2015625 0.58125 0.2796875 0.509375 0.2796875
3 0.515625 0.6125 0.5765625 0.6125 0.5765625 0.671875 0.515625 0.671875
3 0.4234375 0.61875 0.484375 0.61875 0.484375 0.675 0.4234375 0.675
3 0.4109375 0.5046875 0.4796875 0.5046875 0.4796875 0.5734375 0.4109375 0.5734375
3 0.4125 0.7 0.475 0.7 0.475 0.76875 0.4125 0.76875
3 0.71875 0.609375 0.79375 0.609375 0.79375 0.684375 0.71875 0.684375
3 0.6953125 0.5015625 0.778125 0.5015625 0.778125 0.5796875 0.6953125 0.5796875
3 0.815625 0.515625 0.896875 0.515625 0.896875 0.5796875 0.815625 0.5796875
3 0.821875 0.628125 0.9125 0.628125 0.9125 0.6875 0.821875 0.6875
3 0.83125 0.821875 0.9203125 0.821875 0.9203125 0.903125 0.83125 0.903125
3 0.60625 0.8234375 0.69375 0.8234375 0.69375 0.9015625 0.60625 0.9015625
3 0.290625 0.4 0.3640625 0.4 0.3640625 0.4765625 0.290625 0.4765625
3 0.4125 0.303125 0.4734375 0.303125 0.4734375 0.371875 0.4125 0.371875
3 0.6 0.2140625 0.678125 0.2140625 0.678125 0.271875 0.6 0.271875
3 0.7140625 0.078125 0.7828125 0.078125 0.7828125 0.165625 0.7140625 0.165625
3 0.7171875 0.2046875 0.784375 0.2046875 0.784375 0.2890625 0.7171875 0.2890625
3 0.8109375 0.0921875 0.89375 0.0921875 0.89375 0.1765625 0.8109375 0.1765625
2 0.0484375 0.61875 0.1796875 0.61875 0.1796875 0.696875 0.0484375 0.696875
2 0.3046875 0.828125 0.3984375 0.828125 0.3984375 0.928125 0.3046875 0.928125
2 0.1859375 0.290625 0.2859375 0.290625 0.2859375 0.38125 0.1859375 0.38125
2 0.6140625 0.503125 0.6859375 0.503125 0.6859375 0.59375 0.6140625 0.59375
9 0.421875 0.828125 0.4953125 0.828125 0.4953125 0.9125 0.421875 0.9125
9 0.1765625 0.828125 0.2515625 0.828125 0.2515625 0.9140625 0.1765625 0.9140625
9 0.4140625 0.2046875 0.4796875 0.2046875 0.4796875 0.2828125 0.4140625 0.2828125
9 0.6203125 0.3171875 0.69375 0.3171875 0.69375 0.3890625 0.6203125 0.3890625
9 0.50625 0.409375 0.5734375 0.409375 0.5734375 0.46875 0.50625 0.46875
8 0.278125 0.5140625 0.3859375 0.5140625 0.3859375 0.5890625 0.278125 0.5890625
8 0.8125 0.2734375 0.9125 0.2734375 0.9125 0.3859375 0.8125 0.3859375
8 0.7125 0.6953125 0.80625 0.6953125 0.80625 0.8015625 0.7125 0.8015625