5 0.190625 0.109375 0.28125 0.109375 0.28125 0.2109375 0.190625 0.2109375
5 0.296875 0.1125 0.36875 0.1125 0.36875 0.20625 0.296875 0.20625
6 0.38125 0.1046875 0.45625 0.1046875 0.45625 0.2078125 0.38125 0.2078125
1 0.4734375 0.1015625 0.56875 0.1015625 0.56875 0.2265625 0.4734375 0.2265625
4 0.5890625 0.0828125 0.6734375 0.0828125 0.6734375 0.2140625 0.5890625 0.2140625
6 0.6890625 0.1265625 0.7609375 0.1265625 0.7609375 0.2171875 0.6890625 0.2171875
10 0.765625 0.10625 0.871875 0.10625 0.871875 0.2203125 0.765625 0.2203125
2 0.05625 0.215625 0.178125 0.215625 0.178125 0.303125 0.05625 0.303125
1 0.2984375 0.2046875 0.384375 0.2046875 0.384375 0.3078125 0.2984375 0.3078125
2 0.39375 0.196875 0.475 0.196875 0.475 0.3 0.39375 0.3
5 0.5640625 0.2328125 0.6375 0.2328125 0.6375 0.3125 0.5640625 0.3125
3 0.66875 0.25 0.7375 0.25 0.7375 0.321875 0.66875 0.321875
4 0.7828125 0.209375 0.9046875 0.209375 0.9046875 0.3140625 0.7828125 0.3140625
10 0.065625 0.325 0.1921875 0.325 0.1921875 0.41875 0.065625 0.41875
0 0.2171875 0.3234375 0.296875 0.3234375 0.296875 0.396875 0.2171875 0.396875
6 0.5109375 0.3375 0.5703125 0.3375 0.5703125 0.409375 0.5109375 0.409375
7 0.58125 0.309375 0.671875 0.309375 0.671875 0.3953125 0.58125 0.3953125
0 0.7 0.33125 0.778125 0.33125 0.778125 0.396875 0.7 0.396875
9 0.23125 0.4453125 0.2921875 0.4453125 0.2921875 0.50625 0.23125 0.50625
3 0.3 0.4359375 0.3625 0.4359375 0.3625 0.4984375 0.3 0.4984375
6 0.4828125 0.421875 0.5484375 0.421875 0.5484375 0.484375 0.4828125 0.484375
11 0.58125 0.434375 0.65625 0.434375 0.65625 0.509375 0.58125 0.509375
9 0.6671875 0.446875 0.746875 0.446875 0.746875 0.50625 0.6671875 0.50625
5 0.7703125 0.421875 0.871875 0.421875 0.871875 0.49375 0.7703125 0.49375
2 0.1984375 0.525 0.2734375 0.525 0.2734375 0.6 0.1984375 0.6
1 0.290625 0.51875 0.3875 0.51875 0.3875 0.596875 0.290625 0.596875
8 0.409375 0.5171875 0.4828125 0.5171875 0.4828125 0.6046875 0.409375 0.6046875
8 0.49375 0.5359375 0.5640625 0.5359375 0.5640625 0.621875 0.49375 0.621875
11 0.5671875 0.5265625 0.6421875 0.5265625 0.6421875 0.5921875 0.5671875 0.5921875
3 0.6890625 0.540625 0.7578125 0.540625 0.7578125 0.6 0.6890625 0.6
8 0.775 0.5296875 0.871875 0.5296875 0.871875 0.609375 0.775 0.609375
6 0.09375 0.628125 0.19375 0.628125 0.19375 0.709375 0.09375 0.709375
9 0.221875 0.628125 0.2828125 0.628125 0.2828125 0.690625 0.221875 0.690625
11 0.2859375 0.6296875 0.3609375 0.6296875 0.3609375 0.70625 0.2859375 0.70625
8 0.3921875 0.6375 0.4609375 0.6375 0.4609375 0.7125 0.3921875 0.7125
4 0.49375 0.63125 0.5765625 0.63125 0.5765625 0.725 0.49375 0.725
6 0.59375 0.6203125 0.6625 0.6203125 0.6625 0.690625 0.59375 0.690625
5 0.7671875 0.61875 0.86875 0.61875 0.86875 0.6953125 0.7671875 0.6953125
2 0.4109375 0.725 0.48125 0.725 0.48125 0.8109375 0.4109375 0.8109375
8 0.496875 0.7171875 0.565625 0.7171875 0.565625 0.80625 0.496875 0.80625
0 0.6640625 0.7 0.753125 0.7 0.753125 0.790625 0.6640625 0.790625
0 0.7703125 0.7125 0.865625 0.7125 0.865625 0.796875 0.7703125 0.796875
5 0.1875 0.821875 0.275 0.821875 0.275 0.928125 0.1875 0.928125
11 0.3 0.8125 0.3828125 0.8125 0.3828125 0.9109375 0.3 0.9109375
8 0.3859375 0.8203125 0.4515625 0.8203125 0.4515625 0.91875 0.3859375 0.91875
7 0.4859375 0.809375 0.5609375 0.809375 0.5609375 0.9265625 0.4859375 0.9265625
7 0.575 0.803125 0.68125 0.803125 0.68125 0.934375 0.575 0.934375
0 0.6875 0.821875 0.771875 0.821875 0.771875 0.9265625 0.6875 0.9265625
10 0.7765625 0.809375 0.90625 0.809375 0.90625 0.9421875 0.7765625 0.9421875