3 0.534375 0.371875 0.6125 0.371875 0.6125 0.425 0.534375 0.425
3 0.5390625 0.2140625 0.6109375 0.2140625 0.6109375 0.2734375 0.5390625 0.2734375
3 0.184375 0.28125 0.2703125 0.28125 0.2703125 0.340625 0.184375 0.340625
3 0.1875 0.378125 0.2796875 0.378125 0.2796875 0.4265625 0.1875 0.4265625
3 0.3125 0.38125 0.3890625 0.38125 0.3890625 0.434375 0.3125 0.434375
3 0.2 0.4578125 0.2890625 0.4578125 0.2890625 0.5078125 0.2 0.5078125
3 0.3125 0.4625 0.3921875 0.4625 0.3921875 0.5171875 0.3125 0.5171875
3 0.196875 0.540625 0.2859375 0.540625 0.2859375 0.5984375 0.196875 0.5984375
3 0.1859375 0.621875 0.271875 0.621875 0.271875 0.684375 0.1859375 0.684375
3 0.1984375 0.715625 0.284375 0.715625 0.284375 0.7828125 0.1984375 0.7828125
3 0.1890625 0.784375 0.2671875 0.784375 0.2671875 0.8515625 0.1890625 0.8515625
3 0.3109375 0.7859375 0.3828125 0.7859375 0.3828125 0.8625 0.3109375 0.8625
3 0.428125 0.778125 0.5125 0.778125 0.5125 0.859375 0.428125 0.859375
3 0.4234375 0.6296875 0.5 0.6296875 0.5 0.6859375 0.4234375 0.6859375
3 0.18125 0.2 0.2796875 0.2 0.2796875 0.2609375 0.18125 0.2609375
2 0.50625 0.534375 0.590625 0.534375 0.590625 0.6046875 0.50625 0.6046875
2 0.6203125 0.6953125 0.7125 0.6953125 0.7125 0.7828125 0.6203125 0.7828125
2 0.303125 0.534375 0.384375 0.534375 0.384375 0.6 0.303125 0.6
2 0.0515625 0.453125 0.175 0.453125 0.175 0.5171875 0.0515625 0.5171875
5 0.83125 0.621875 0.9546875 0.621875 0.9546875 0.7 0.83125 0.7
5 0.746875 0.290625 0.85625 0.290625 0.85625 0.3640625 0.746875 0.3640625
8 0.621875 0.453125 0.7234375 0.453125 0.7234375 0.525 0.621875 0.525
8 0.2984375 0.615625 0.3875 0.615625 0.3875 0.6828125 0.2984375 0.6828125
4 0.4109375 0.4578125 0.5 0.4578125 0.5 0.5171875 0.4109375 0.5171875