11 0.3546875 0.078125 0.409375 0.078125 0.409375 0.18125 0.3546875 0.18125
11 0.434375 0.0921875 0.4921875 0.0921875 0.4921875 0.1953125 0.434375 0.1953125
11 0.65 0.090625 0.721875 0.090625 0.721875 0.1953125 0.65 0.1953125
11 0.71875 0.11875 0.79375 0.11875 0.79375 0.2109375 0.71875 0.2109375
11 0.34375 0.196875 0.4109375 0.196875 0.4109375 0.29375 0.34375 0.29375
11 0.1578125 0.4078125 0.2515625 0.4078125 0.2515625 0.4984375 0.1578125 0.4984375
11 0.34375 0.6265625 0.4140625 0.6265625 0.4140625 0.725 0.34375 0.725
11 0.646875 0.428125 0.7203125 0.428125 0.7203125 0.5125 0.646875 0.5125
11 0.496875 0.8171875 0.5609375 0.8171875 0.5609375 0.9375 0.496875 0.9375
11 0.571875 0.8265625 0.6375 0.8265625 0.6375 0.93125 0.571875 0.93125
11 0.16875 0.8265625 0.2453125 0.8265625 0.2453125 0.9421875 0.16875 0.9421875
5 0.159375 0.071875 0.2421875 0.071875 0.2421875 0.1875 0.159375 0.1875
5 0.2609375 0.0734375 0.3328125 0.0734375 0.3328125 0.1890625 0.2609375 0.1890625
5 0.575 0.096875 0.640625 0.096875 0.640625 0.2015625 0.575 0.2015625
5 0.7171875 0.2203125 0.8 0.2203125 0.8 0.303125 0.7171875 0.303125
5 0.578125 0.4296875 0.6484375 0.4296875 0.6484375 0.5140625 0.578125 0.5140625
5 0.5625 0.534375 0.6375 0.534375 0.6375 0.61875 0.5625 0.61875
5 0.25625 0.83125 0.3296875 0.83125 0.3296875 0.9421875 0.25625 0.9421875
5 0.34375 0.8375 0.403125 0.8375 0.403125 0.9484375 0.34375 0.9484375
5 0.4265625 0.821875 0.4875 0.821875 0.4875 0.9359375 0.4265625 0.9359375
5 0.64375 0.828125 0.71875 0.828125 0.71875 0.934375 0.64375 0.934375
5 0.715625 0.715625 0.796875 0.715625 0.796875 0.815625 0.715625 0.815625