5 0.0953125 0.515625 0.1890625 0.515625 0.1890625 0.553125 0.0953125 0.553125
5 0.1 0.4609375 0.1859375 0.4609375 0.1859375 0.5 0.1 0.5
5 0.603125 0.45 0.709375 0.45 0.709375 0.484375 0.603125 0.484375
5 0.6171875 0.5015625 0.7234375 0.5015625 0.7234375 0.5328125 0.6171875 0.5328125
4 0.334375 0.6 0.453125 0.6 0.453125 0.6515625 0.334375 0.6515625
1 0.4046875 0.2984375 0.540625 0.2984375 0.540625 0.3421875 0.4046875 0.3421875
0 0.41875 0.409375 0.515625 0.409375 0.515625 0.4421875 0.41875 0.4421875
0 0.3078125 0.4078125 0.4046875 0.4078125 0.4046875 0.434375 0.3078125 0.434375
3 0.409375 0.35625 0.48125 0.35625 0.48125 0.3859375 0.409375 0.3859375
3 0.496875 0.3578125 0.5875 0.3578125 0.5875 0.3890625 0.496875 0.3890625
3 0.509375 0.409375 0.590625 0.409375 0.590625 0.4375 0.509375 0.4375
3 0.5125 0.4546875 0.5859375 0.4546875 0.5859375 0.4859375 0.5125 0.4859375
3 0.55 0.4984375 0.625 0.4984375 0.625 0.5265625 0.55 0.5265625
3 0.54375 0.553125 0.628125 0.553125 0.628125 0.58125 0.54375 0.58125
3 0.43125 0.5109375 0.5078125 0.5109375 0.5078125 0.54375 0.43125 0.54375
3 0.3140625 0.4578125 0.3890625 0.4578125 0.3890625 0.4921875 0.3140625 0.4921875
8 0.6953125 0.3125 0.8109375 0.3125 0.8109375 0.346875 0.6953125 0.346875
8 0.715625 0.5 0.821875 0.5 0.821875 0.5328125 0.715625 0.5328125
10 0.2984375 0.3 0.421875 0.3 0.421875 0.346875 0.2984375 0.346875
7 0.434375 0.596875 0.5625 0.596875 0.5625 0.65 0.434375 0.65
11 0.625 0.5828125 0.728125 0.5828125 0.728125 0.6203125 0.625 0.6203125
11 0.690625 0.4078125 0.790625 0.4078125 0.790625 0.4390625 0.690625 0.4390625
6 0.60625 0.403125 0.709375 0.403125 0.709375 0.43125 0.60625 0.43125
6 0.421875 0.4578125 0.5203125 0.4578125 0.5203125 0.4921875 0.421875 0.4921875
9 0.096875 0.35 0.171875 0.35 0.171875 0.384375 0.096875 0.384375
9 0.3140625 0.3625 0.3921875 0.3625 0.3921875 0.39375 0.3140625 0.39375
9 0.1890625 0.4046875 0.265625 0.4046875 0.265625 0.4390625 0.1890625 0.4390625
9 0.203125 0.459375 0.28125 0.459375 0.28125 0.490625 0.203125 0.490625
9 0.215625 0.5125 0.296875 0.5125 0.296875 0.546875 0.215625 0.546875
9 0.2265625 0.5578125 0.3078125 0.5578125 0.3078125 0.5921875 0.2265625 0.5921875
9 0.3328125 0.5546875 0.4171875 0.5546875 0.4171875 0.5828125 0.3328125 0.5828125
9 0.3265625 0.509375 0.409375 0.509375 0.409375 0.5375 0.3265625 0.5375