1 0.190625 0.1765625 0.296875 0.1765625 0.296875 0.2828125 0.190625 0.2828125
4 0.6796875 0.8296875 0.778125 0.8296875 0.778125 0.9484375 0.6796875 0.9484375
4 0.6875 0.715625 0.778125 0.715625 0.778125 0.81875 0.6875 0.81875
4 0.684375 0.603125 0.784375 0.603125 0.784375 0.7078125 0.684375 0.7078125
4 0.678125 0.49375 0.775 0.49375 0.775 0.59375 0.678125 0.59375
6 0.2953125 0.80625 0.3671875 0.80625 0.3671875 0.9125 0.2953125 0.9125
6 0.2171875 0.7015625 0.290625 0.7015625 0.290625 0.7953125 0.2171875 0.7953125
6 0.2125 0.5015625 0.284375 0.5015625 0.284375 0.5875 0.2125 0.5875
6 0.2125 0.2921875 0.290625 0.2921875 0.290625 0.378125 0.2125 0.378125
7 0.1109375 0.81875 0.221875 0.81875 0.221875 0.959375 0.1109375 0.959375
7 0.103125 0.7046875 0.2171875 0.7046875 0.2171875 0.83125 0.103125 0.83125
7 0.109375 0.603125 0.2203125 0.603125 0.2203125 0.7125 0.109375 0.7125
7 0.10625 0.4875 0.20625 0.4875 0.20625 0.590625 0.10625 0.590625
7 0.1109375 0.39375 0.225 0.39375 0.225 0.4859375 0.1109375 0.4859375
10 0.1140625 0.0546875 0.2015625 0.0546875 0.2015625 0.16875 0.1140625 0.16875
10 0.203125 0.0390625 0.2765625 0.0390625 0.2765625 0.175 0.203125 0.175
10 0.284375 0.053125 0.371875 0.053125 0.371875 0.1875 0.284375 0.1875
10 0.3671875 0.059375 0.4453125 0.059375 0.4453125 0.1890625 0.3671875 0.1890625
10 0.68125 0.1625 0.78125 0.1625 0.78125 0.2828125 0.68125 0.2828125
10 0.6828125 0.28125 0.784375 0.28125 0.784375 0.390625 0.6828125 0.390625
10 0.68125 0.4 0.784375 0.4 0.784375 0.4921875 0.68125 0.4921875