3 0.6671875 0.1046875 0.746875 0.1046875 0.746875 0.2015625 0.6671875 0.2015625
3 0.778125 0.209375 0.8609375 0.209375 0.8609375 0.290625 0.778125 0.290625
3 0.7703125 0.3375 0.8578125 0.3375 0.8578125 0.4109375 0.7703125 0.4109375
3 0.5625 0.2359375 0.64375 0.2359375 0.64375 0.3125 0.5625 0.3125
3 0.4609375 0.334375 0.5375 0.334375 0.5375 0.4078125 0.4609375 0.4078125
3 0.3515625 0.2265625 0.4375 0.2265625 0.4375 0.3046875 0.3515625 0.3046875
3 0.3453125 0.334375 0.4328125 0.334375 0.4328125 0.4078125 0.3453125 0.4078125
3 0.240625 0.31875 0.328125 0.31875 0.328125 0.403125 0.240625 0.403125
3 0.1234375 0.325 0.2140625 0.325 0.2140625 0.403125 0.1234375 0.403125
3 0.3625 0.434375 0.440625 0.434375 0.440625 0.5109375 0.3625 0.5109375
3 0.5625 0.4390625 0.64375 0.4390625 0.64375 0.5171875 0.5625 0.5171875
3 0.45625 0.5296875 0.5359375 0.5296875 0.5359375 0.603125 0.45625 0.603125
3 0.1375 0.5390625 0.225 0.5390625 0.225 0.6140625 0.1375 0.6140625
3 0.2578125 0.6453125 0.328125 0.6453125 0.328125 0.7171875 0.2578125 0.7171875
3 0.1390625 0.75625 0.2234375 0.75625 0.2234375 0.83125 0.1390625 0.83125
3 0.246875 0.7515625 0.31875 0.7515625 0.31875 0.828125 0.246875 0.828125
3 0.2578125 0.8390625 0.3390625 0.8390625 0.3390625 0.9234375 0.2578125 0.9234375
3 0.4625 0.840625 0.546875 0.840625 0.546875 0.93125 0.4625 0.93125
3 0.6703125 0.734375 0.7609375 0.734375 0.7609375 0.8140625 0.6703125 0.8140625
3 0.865625 0.63125 0.9640625 0.63125 0.9640625 0.703125 0.865625 0.703125
3 0.8609375 0.7234375 0.9578125 0.7234375 0.9578125 0.8015625 0.8609375 0.8015625
3 0.865625 0.8296875 0.9609375 0.8296875 0.9609375 0.9234375 0.865625 0.9234375
2 0.55625 0.334375 0.6546875 0.334375 0.6546875 0.4171875 0.55625 0.4171875
2 0.65 0.5421875 0.74375 0.5421875 0.74375 0.6296875 0.65 0.6296875
2 0.5578125 0.73125 0.6625 0.73125 0.6625 0.821875 0.5578125 0.821875
2 0.4546875 0.4375 0.5421875 0.4375 0.5421875 0.521875 0.4546875 0.521875
9 0.8703125 0.4390625 0.959375 0.4390625 0.959375 0.53125 0.8703125 0.53125
9 0.6625 0.4421875 0.7515625 0.4421875 0.7515625 0.515625 0.6625 0.515625
9 0.4546875 0.240625 0.528125 0.240625 0.528125 0.3140625 0.4546875 0.3140625
9 0.453125 0.6453125 0.534375 0.6453125 0.534375 0.728125 0.453125 0.728125
9 0.6625 0.828125 0.7484375 0.828125 0.7484375 0.9296875 0.6625 0.9296875
8 0.65 0.2265625 0.74375 0.2265625 0.74375 0.3234375 0.65 0.3234375
8 0.3625 0.7421875 0.459375 0.7421875 0.459375 0.8609375 0.3625 0.8609375
8 0.1234375 0.8578125 0.2296875 0.8578125 0.2296875 0.9890625 0.1234375 0.9890625
4 0.771875 0.5328125 0.909375 0.5328125 0.909375 0.6265625 0.771875 0.6265625
11 0.225 0.0671875 0.334375 0.0671875 0.334375 0.2 0.225 0.2
5 0.2453125 0.4484375 0.3390625 0.4484375 0.3390625 0.5265625 0.2453125 0.5265625
5 0.7546875 0.434375 0.8703125 0.434375 0.8703125 0.5203125 0.7546875 0.5203125
3 0.1296875 0.1140625 0.21875 0.1140625 0.21875 0.20625 0.1296875 0.20625