11 0.234375 0.3234375 0.315625 0.3234375 0.315625 0.3953125 0.234375 0.3953125
11 0.4421875 0.5390625 0.5109375 0.5390625 0.5109375 0.6078125 0.4421875 0.6078125
6 0.640625 0.634375 0.7203125 0.634375 0.7203125 0.7078125 0.640625 0.7078125
6 0.4546875 0.4296875 0.5203125 0.4296875 0.5203125 0.5015625 0.4546875 0.5015625
6 0.6390625 0.196875 0.71875 0.196875 0.71875 0.2875 0.6390625 0.2875
6 0.5453125 0.196875 0.615625 0.196875 0.615625 0.290625 0.5453125 0.290625
6 0.0984375 0.2109375 0.1875 0.2109375 0.1875 0.2921875 0.0984375 0.2921875
6 0.7390625 0.315625 0.8296875 0.315625 0.8296875 0.390625 0.7390625 0.390625
3 0.2328125 0.10625 0.303125 0.10625 0.303125 0.175 0.2328125 0.175
3 0.3265625 0.1140625 0.390625 0.1140625 0.390625 0.190625 0.3265625 0.190625
3 0.434375 0.096875 0.4953125 0.096875 0.4953125 0.175 0.434375 0.175
3 0.540625 0.1046875 0.596875 0.1046875 0.596875 0.1875 0.540625 0.1875
3 0.7390625 0.5390625 0.8109375 0.5390625 0.8109375 0.6 0.7390625 0.6
3 0.840625 0.6109375 0.921875 0.6109375 0.921875 0.6671875 0.840625 0.6671875
3 0.115625 0.503125 0.1828125 0.503125 0.1828125 0.571875 0.115625 0.571875
3 0.425 0.225 0.48125 0.225 0.48125 0.290625 0.425 0.290625
9 0.1140625 0.1 0.1890625 0.1 0.1890625 0.1734375 0.1140625 0.1734375
9 0.7375 0.090625 0.8171875 0.090625 0.8171875 0.16875 0.7375 0.16875
9 0.8453125 0.0953125 0.9265625 0.0953125 0.9265625 0.1671875 0.8453125 0.1671875
9 0.846875 0.4453125 0.9234375 0.4453125 0.9234375 0.496875 0.846875 0.496875
9 0.8203125 0.540625 0.9046875 0.540625 0.9046875 0.596875 0.8203125 0.596875
9 0.23125 0.55625 0.3046875 0.55625 0.3046875 0.6125 0.23125 0.6125
9 0.115625 0.6296875 0.1921875 0.6296875 0.1921875 0.6984375 0.115625 0.6984375
9 0.340625 0.2125 0.403125 0.2125 0.403125 0.28125 0.340625 0.28125
9 0.4625 0.8546875 0.521875 0.8546875 0.521875 0.940625 0.4625 0.940625
9 0.1125 0.8546875 0.2015625 0.8546875 0.2015625 0.94375 0.1125 0.94375
9 0.0921875 0.73125 0.165625 0.73125 0.165625 0.815625 0.0921875 0.815625
9 0.8390625 0.725 0.9203125 0.725 0.9203125 0.8015625 0.8390625 0.8015625
9 0.8546875 0.821875 0.9296875 0.821875 0.9296875 0.9015625 0.8546875 0.9015625
9 0.73125 0.6265625 0.809375 0.6265625 0.809375 0.696875 0.73125 0.696875
9 0.1203125 0.4421875 0.20625 0.4421875 0.20625 0.5046875 0.1203125 0.5046875
3 0.5359375 0.740625 0.5953125 0.740625 0.5953125 0.815625 0.5359375 0.815625
3 0.63125 0.7296875 0.6953125 0.7296875 0.6953125 0.796875 0.63125 0.796875
3 0.7453125 0.7265625 0.815625 0.7265625 0.815625 0.80625 0.7453125 0.80625
3 0.2171875 0.840625 0.290625 0.840625 0.290625 0.9203125 0.2171875 0.9203125
3 0.340625 0.8484375 0.4015625 0.8484375 0.4015625 0.9328125 0.340625 0.9328125
3 0.6453125 0.825 0.7109375 0.825 0.7109375 0.9140625 0.6453125 0.9140625
0 0.240625 0.421875 0.315625 0.421875 0.315625 0.490625 0.240625 0.490625
0 0.3421875 0.5203125 0.4109375 0.5203125 0.4109375 0.5921875 0.3421875 0.5921875
0 0.6359375 0.4171875 0.715625 0.4171875 0.715625 0.48125 0.6359375 0.48125
0 0.5328125 0.5125 0.6109375 0.5125 0.6109375 0.5734375 0.5328125 0.5734375
0 0.225 0.6453125 0.3109375 0.6453125 0.3109375 0.721875 0.225 0.721875
5 0.234375 0.7375 0.3265625 0.7375 0.3265625 0.8296875 0.234375 0.8296875
5 0.325 0.753125 0.409375 0.753125 0.409375 0.840625 0.325 0.840625
5 0.5609375 0.840625 0.6421875 0.840625 0.6421875 0.940625 0.5609375 0.940625
5 0.6328125 0.325 0.715625 0.325 0.715625 0.40625 0.6328125 0.40625
5 0.43125 0.30625 0.4953125 0.30625 0.4953125 0.384375 0.43125 0.384375
5 0.61875 0.0765625 0.7015625 0.0765625 0.7015625 0.1765625 0.61875 0.1765625
1 0.621875 0.525 0.725 0.525 0.725 0.6109375 0.621875 0.6109375
1 0.4484375 0.61875 0.525 0.61875 0.525 0.7125 0.4484375 0.7125
1 0.3140625 0.6265625 0.403125 0.6265625 0.403125 0.728125 0.3140625 0.728125
4 0.83125 0.1859375 0.9640625 0.1859375 0.9640625 0.3015625 0.83125 0.3015625
4 0.825 0.3140625 0.9515625 0.3140625 0.9515625 0.40625 0.825 0.40625
4 0.1921875 0.1921875 0.3015625 0.1921875 0.3015625 0.2984375 0.1921875 0.2984375
10 0.734375 0.18125 0.85625 0.18125 0.85625 0.2875 0.734375 0.2875
10 0.5296875 0.296875 0.6171875 0.296875 0.6171875 0.3921875 0.5296875 0.3921875
10 0.4328125 0.721875 0.51875 0.721875 0.51875 0.8359375 0.4328125 0.8359375
7 0.715625 0.4125 0.8421875 0.4125 0.8421875 0.5 0.715625 0.5
7 0.328125 0.2921875 0.4140625 0.2921875 0.4140625 0.3921875 0.328125 0.3921875
7 0.553125 0.6046875 0.65 0.6046875 0.65 0.7 0.553125 0.7