2 0.14375 0.684375 0.2484375 0.684375 0.2484375 0.7890625 0.14375 0.7890625
2 0.1515625 0.56875 0.25 0.56875 0.25 0.6671875 0.1515625 0.6671875
2 0.146875 0.45625 0.24375 0.45625 0.24375 0.546875 0.146875 0.546875
0 0.68125 0.7640625 0.759375 0.7640625 0.759375 0.8953125 0.68125 0.8953125
0 0.59375 0.659375 0.65625 0.659375 0.65625 0.784375 0.59375 0.784375
0 0.5078125 0.5796875 0.5609375 0.5796875 0.5609375 0.6859375 0.5078125 0.6859375
0 0.434375 0.4625 0.5 0.4625 0.5 0.546875 0.434375 0.546875
0 0.3515625 0.353125 0.4109375 0.353125 0.4109375 0.440625 0.3515625 0.440625
0 0.2515625 0.2015625 0.3296875 0.2015625 0.3296875 0.3203125 0.2515625 0.3203125
0 0.1234375 0.0796875 0.2328125 0.0796875 0.2328125 0.21875 0.1234375 0.21875
3 0.4390625 0.878125 0.49375 0.878125 0.49375 0.971875 0.4390625 0.971875
3 0.3625 0.8859375 0.4203125 0.8859375 0.4203125 0.98125 0.3625 0.98125
3 0.2640625 0.875 0.325 0.875 0.325 0.990625 0.2640625 0.990625
3 0.1921875 0.8796875 0.2578125 0.8796875 0.2578125 0.9890625 0.1921875 0.9890625
3 0.70625 0.090625 0.771875 0.090625 0.771875 0.190625 0.70625 0.190625
3 0.5953125 0.109375 0.6640625 0.109375 0.6640625 0.196875 0.5953125 0.196875
3 0.5078125 0.0796875 0.5859375 0.0796875 0.5859375 0.1890625 0.5078125 0.1890625
5 0.775 0.225 0.884375 0.225 0.884375 0.3390625 0.775 0.3390625
5 0.7828125 0.0546875 0.8765625 0.0546875 0.8765625 0.1890625 0.7828125 0.1890625