11 0.384375 0.4078125 0.4546875 0.4078125 0.4546875 0.4765625 0.384375 0.4765625
11 0.48125 0.4015625 0.5625 0.4015625 0.5625 0.4765625 0.48125 0.4765625
11 0.771875 0.334375 0.8578125 0.334375 0.8578125 0.396875 0.771875 0.396875
11 0.2828125 0.575 0.3640625 0.575 0.3640625 0.6265625 0.2828125 0.6265625
9 0.571875 0.2046875 0.6546875 0.2046875 0.6546875 0.2671875 0.571875 0.2671875
9 0.578125 0.2765625 0.6484375 0.2765625 0.6484375 0.3390625 0.578125 0.3390625
9 0.5953125 0.3390625 0.659375 0.3390625 0.659375 0.3890625 0.5953125 0.3890625
9 0.390625 0.2703125 0.45625 0.2703125 0.45625 0.3265625 0.390625 0.3265625
9 0.390625 0.209375 0.453125 0.209375 0.453125 0.26875 0.390625 0.26875
9 0.20625 0.209375 0.275 0.209375 0.275 0.271875 0.20625 0.271875
9 0.203125 0.2765625 0.2890625 0.2765625 0.2890625 0.3296875 0.203125 0.3296875
9 0.1953125 0.4921875 0.2578125 0.4921875 0.2578125 0.5515625 0.1953125 0.5515625
9 0.39375 0.559375 0.4734375 0.559375 0.4734375 0.615625 0.39375 0.615625
9 0.59375 0.5546875 0.659375 0.5546875 0.659375 0.615625 0.59375 0.615625
9 0.671875 0.4796875 0.75625 0.4796875 0.75625 0.546875 0.671875 0.546875
8 0.66875 0.3328125 0.746875 0.3328125 0.746875 0.4140625 0.66875 0.4140625
8 0.6671875 0.40625 0.75625 0.40625 0.75625 0.48125 0.6671875 0.48125
8 0.7640625 0.5671875 0.8578125 0.5671875 0.8578125 0.6234375 0.7640625 0.6234375
8 0.390625 0.478125 0.471875 0.478125 0.471875 0.55 0.390625 0.55
7 0.7640625 0.2390625 0.878125 0.2390625 0.878125 0.3359375 0.7640625 0.3359375
6 0.3 0.253125 0.3703125 0.253125 0.3703125 0.3375 0.3 0.3375
6 0.090625 0.328125 0.1953125 0.328125 0.1953125 0.39375 0.090625 0.39375
6 0.1859375 0.4109375 0.2703125 0.4109375 0.2703125 0.4640625 0.1859375 0.4640625
6 0.484375 0.325 0.55625 0.325 0.55625 0.4015625 0.484375 0.4015625
6 0.4828125 0.5640625 0.5671875 0.5640625 0.5671875 0.6203125 0.4828125 0.6203125
5 0.078125 0.409375 0.1765625 0.409375 0.1765625 0.4734375 0.078125 0.4734375
5 0.290625 0.4765625 0.375 0.4765625 0.375 0.53125 0.290625 0.53125
3 0.6671875 0.20625 0.7359375 0.20625 0.7359375 0.265625 0.6671875 0.265625
3 0.665625 0.265625 0.740625 0.265625 0.740625 0.33125 0.665625 0.33125
3 0.578125 0.49375 0.6546875 0.49375 0.6546875 0.540625 0.578125 0.540625
3 0.6671875 0.5625 0.75625 0.5625 0.75625 0.6171875 0.6671875 0.6171875
3 0.4875 0.4921875 0.55625 0.4921875 0.55625 0.534375 0.4875 0.534375
3 0.4015625 0.34375 0.46875 0.34375 0.46875 0.403125 0.4015625 0.403125
3 0.109375 0.1984375 0.190625 0.1984375 0.190625 0.2625 0.109375 0.2625
2 0.7640625 0.196875 0.8578125 0.196875 0.8578125 0.271875 0.7640625 0.271875
2 0.565625 0.6359375 0.6625 0.6359375 0.6625 0.6953125 0.565625 0.6953125
2 0.29375 0.3484375 0.375 0.3484375 0.375 0.4109375 0.29375 0.4109375
0 0.75625 0.40625 0.86875 0.40625 0.86875 0.471875 0.75625 0.471875
0 0.5765625 0.4 0.6640625 0.4 0.6640625 0.4703125 0.5765625 0.4703125
0 0.078125 0.559375 0.18125 0.559375 0.18125 0.621875 0.078125 0.621875
0 0.071875 0.4828125 0.178125 0.4828125 0.178125 0.5453125 0.071875 0.5453125
0 0.0734375 0.2609375 0.184375 0.2609375 0.184375 0.3296875 0.0734375 0.3296875
0 0.1890625 0.33125 0.2703125 0.33125 0.2703125 0.4 0.1890625 0.4
0 0.28125 0.1828125 0.378125 0.1828125 0.378125 0.2671875 0.28125 0.2671875