6 0.375 0.3828125 0.428125 0.3828125 0.428125 0.4421875 0.375 0.4421875
6 0.2828125 0.3671875 0.3453125 0.3671875 0.3453125 0.421875 0.2828125 0.421875
6 0.534375 0.4578125 0.5875 0.4578125 0.5875 0.5046875 0.534375 0.5046875
6 0.5359375 0.3765625 0.5859375 0.3765625 0.5859375 0.43125 0.5359375 0.43125
10 0.1671875 0.4375 0.2640625 0.4375 0.2640625 0.5015625 0.1671875 0.5015625
10 0.7796875 0.5484375 0.875 0.5484375 0.875 0.625 0.7796875 0.625
8 0.2828125 0.271875 0.3546875 0.271875 0.3546875 0.3453125 0.2828125 0.3453125
8 0.54375 0.2890625 0.6 0.2890625 0.6 0.353125 0.54375 0.353125
8 0.2015625 0.6015625 0.271875 0.6015625 0.271875 0.671875 0.2015625 0.671875
8 0.2 0.5125 0.26875 0.5125 0.26875 0.5765625 0.2 0.5765625
8 0.1765625 0.678125 0.253125 0.678125 0.253125 0.7640625 0.1765625 0.7640625
8 0.2890625 0.778125 0.3484375 0.778125 0.3484375 0.8640625 0.2890625 0.8640625
6 0.371875 0.6953125 0.43125 0.6953125 0.43125 0.7625 0.371875 0.7625
6 0.446875 0.78125 0.5015625 0.78125 0.5015625 0.853125 0.446875 0.853125
7 0.3578125 0.5296875 0.43125 0.5296875 0.43125 0.603125 0.3578125 0.603125
11 0.3796875 0.6078125 0.4390625 0.6078125 0.4390625 0.6734375 0.3796875 0.6734375
10 0.1734375 0.778125 0.2671875 0.778125 0.2671875 0.875 0.1734375 0.875
4 0.45625 0.609375 0.5203125 0.609375 0.5203125 0.6859375 0.45625 0.6859375
5 0.45625 0.696875 0.5109375 0.696875 0.5109375 0.7703125 0.45625 0.7703125
11 0.8015625 0.7453125 0.8765625 0.7453125 0.8765625 0.825 0.8015625 0.825
2 0.771875 0.6375 0.853125 0.6375 0.853125 0.6984375 0.771875 0.6984375
0 0.703125 0.63125 0.7671875 0.63125 0.7671875 0.6953125 0.703125 0.6953125
5 0.6046875 0.70625 0.6640625 0.70625 0.6640625 0.7796875 0.6046875 0.7796875
2 0.6140625 0.5296875 0.6734375 0.5296875 0.6734375 0.5859375 0.6140625 0.5859375
0 0.70625 0.7265625 0.7703125 0.7265625 0.7703125 0.7953125 0.70625 0.7953125
5 0.6828125 0.7953125 0.7484375 0.7953125 0.7484375 0.875 0.6828125 0.875
3 0.4578125 0.5484375 0.5078125 0.5484375 0.5078125 0.6 0.4578125 0.6
11 0.4765625 0.45 0.5328125 0.45 0.5328125 0.503125 0.4765625 0.503125
5 0.8015625 0.3765625 0.8734375 0.3765625 0.8734375 0.434375 0.8015625 0.434375
1 0.6125 0.36875 0.6828125 0.36875 0.6828125 0.434375 0.6125 0.434375
2 0.465625 0.2828125 0.521875 0.2828125 0.521875 0.3484375 0.465625 0.3484375
9 0.453125 0.36875 0.4984375 0.36875 0.4984375 0.41875 0.453125 0.41875
1 0.7125 0.3734375 0.8015625 0.3734375 0.8015625 0.44375 0.7125 0.44375
2 0.6296875 0.4546875 0.6859375 0.4546875 0.6859375 0.5109375 0.6296875 0.5109375
5 0.55 0.1953125 0.603125 0.1953125 0.603125 0.26875 0.55 0.26875
4 0.70625 0.290625 0.7921875 0.290625 0.7921875 0.3609375 0.70625 0.3609375
4 0.784375 0.4578125 0.878125 0.4578125 0.878125 0.525 0.784375 0.525
0 0.6375 0.190625 0.696875 0.190625 0.696875 0.2609375 0.6375 0.2609375
0 0.403125 0.1828125 0.459375 0.1828125 0.459375 0.25625 0.403125 0.25625
0 0.1984375 0.353125 0.26875 0.353125 0.26875 0.4046875 0.1984375 0.4046875
5 0.3578125 0.459375 0.415625 0.459375 0.415625 0.5109375 0.3578125 0.5109375
3 0.296875 0.2078125 0.3515625 0.2078125 0.3515625 0.265625 0.296875 0.265625
7 0.184375 0.1828125 0.278125 0.1828125 0.278125 0.275 0.184375 0.275
1 0.7078125 0.1796875 0.7921875 0.1796875 0.7921875 0.2703125 0.7078125 0.2703125
7 0.7984375 0.178125 0.8984375 0.178125 0.8984375 0.26875 0.7984375 0.26875
11 0.8 0.284375 0.878125 0.284375 0.878125 0.3578125 0.8 0.3578125