6 0.353125 0.7953125 0.396875 0.7953125 0.396875 0.8890625 0.353125 0.8890625
6 0.196875 0.809375 0.2625 0.809375 0.2625 0.909375 0.196875 0.909375
6 0.546875 0.715625 0.6 0.715625 0.6 0.7890625 0.546875 0.7890625
6 0.6125 0.3328125 0.6828125 0.3328125 0.6828125 0.4046875 0.6125 0.4046875
4 0.4171875 0.53125 0.475 0.53125 0.475 0.60625 0.4171875 0.60625
4 0.1734375 0.615625 0.2640625 0.615625 0.2640625 0.69375 0.1734375 0.69375
4 0.178125 0.325 0.2671875 0.325 0.2671875 0.415625 0.178125 0.415625
4 0.184375 0.221875 0.275 0.221875 0.275 0.321875 0.184375 0.321875
7 0.40625 0.8125 0.4609375 0.8125 0.4609375 0.909375 0.40625 0.909375
7 0.409375 0.6984375 0.4609375 0.6984375 0.4609375 0.8109375 0.409375 0.8109375
7 0.346875 0.4265625 0.415625 0.4265625 0.415625 0.5078125 0.346875 0.5078125
7 0.6875 0.346875 0.7765625 0.346875 0.7765625 0.421875 0.6875 0.421875
7 0.4828125 0.6078125 0.5359375 0.6078125 0.5359375 0.7015625 0.4828125 0.7015625
1 0.16875 0.4265625 0.2640625 0.4265625 0.2640625 0.503125 0.16875 0.503125
10 0.6796875 0.615625 0.7625 0.615625 0.7625 0.715625 0.6796875 0.715625
10 0.5421875 0.515625 0.6109375 0.515625 0.6109375 0.6 0.5421875 0.6
10 0.4875 0.4328125 0.546875 0.4328125 0.546875 0.5125 0.4875 0.5125
10 0.2640625 0.3296875 0.3375 0.3296875 0.3375 0.4234375 0.2640625 0.4234375
10 0.1765625 0.5046875 0.275 0.5046875 0.275 0.59375 0.1765625 0.59375
10 0.1875 0.1125 0.278125 0.1125 0.278125 0.221875 0.1875 0.221875
9 0.54375 0.796875 0.6046875 0.796875 0.6046875 0.8765625 0.54375 0.8765625
9 0.6125 0.63125 0.665625 0.63125 0.665625 0.6859375 0.6125 0.6859375
9 0.6171875 0.4359375 0.6671875 0.4359375 0.6671875 0.5046875 0.6171875 0.5046875
9 0.4796875 0.153125 0.5515625 0.153125 0.5515625 0.234375 0.4796875 0.234375
9 0.5640625 0.1671875 0.61875 0.1671875 0.61875 0.2359375 0.5640625 0.2359375
9 0.6171875 0.1453125 0.6765625 0.1453125 0.6765625 0.2375 0.6171875 0.2375
9 0.3484375 0.1453125 0.396875 0.1453125 0.396875 0.2375 0.3484375 0.2375
9 0.275 0.146875 0.33125 0.146875 0.33125 0.225 0.275 0.225
9 0.284375 0.8 0.340625 0.8 0.340625 0.884375 0.284375 0.884375
9 0.6125 0.7125 0.675 0.7125 0.675 0.7796875 0.6125 0.7796875
9 0.6046875 0.8015625 0.6671875 0.8015625 0.6671875 0.8859375 0.6046875 0.8859375