5 0.334375 0.1328125 0.396875 0.1328125 0.396875 0.2328125 0.334375 0.2328125
5 0.4203125 0.153125 0.471875 0.153125 0.471875 0.25 0.4203125 0.25
5 0.484375 0.159375 0.5375 0.159375 0.5375 0.2515625 0.484375 0.2515625
5 0.553125 0.15625 0.6109375 0.15625 0.6109375 0.246875 0.553125 0.246875
5 0.6171875 0.1734375 0.6796875 0.1734375 0.6796875 0.259375 0.6171875 0.259375
5 0.6890625 0.1640625 0.759375 0.1640625 0.759375 0.2546875 0.6890625 0.2546875
5 0.2625 0.2375 0.3265625 0.2375 0.3265625 0.3234375 0.2625 0.3234375
5 0.340625 0.246875 0.396875 0.246875 0.396875 0.334375 0.340625 0.334375
5 0.4796875 0.2578125 0.540625 0.2578125 0.540625 0.34375 0.4796875 0.34375
5 0.5515625 0.26875 0.6140625 0.26875 0.6140625 0.3546875 0.5515625 0.3546875
5 0.621875 0.278125 0.6859375 0.278125 0.6859375 0.353125 0.621875 0.353125