1 0.0203125 0.14375 0.2390625 0.14375 0.2390625 0.271875 0.0203125 0.271875
1 0.0703125 0.428125 0.265625 0.428125 0.265625 0.50625 0.0703125 0.50625
4 0.496875 0.175 0.721875 0.175 0.721875 0.2765625 0.496875 0.2765625
4 0.734375 0.5125 0.9625 0.5125 0.9625 0.609375 0.734375 0.609375
4 0.75625 0.1640625 0.984375 0.1640625 0.984375 0.2796875 0.75625 0.2796875
1 0.50625 0.396875 0.728125 0.396875 0.728125 0.4875 0.50625 0.4875
10 0.2796875 0.15625 0.44375 0.15625 0.44375 0.284375 0.2796875 0.284375
10 0.29375 0.4046875 0.46875 0.4046875 0.46875 0.4890625 0.29375 0.4890625
10 0.715625 0.2953125 0.96875 0.2953125 0.96875 0.384375 0.715625 0.384375
7 0.0328125 0.509375 0.2234375 0.509375 0.2234375 0.603125 0.0328125 0.603125
7 0.309375 0.5078125 0.503125 0.5078125 0.503125 0.609375 0.309375 0.609375
7 0.546875 0.503125 0.759375 0.503125 0.759375 0.6 0.546875 0.6