11 0.596875 0.4359375 0.671875 0.4359375 0.671875 0.5046875 0.596875 0.5046875
11 0.4953125 0.146875 0.565625 0.146875 0.565625 0.2421875 0.4953125 0.2421875
11 0.6296875 0.821875 0.709375 0.821875 0.709375 0.9171875 0.6296875 0.9171875
11 0.521875 0.715625 0.590625 0.715625 0.590625 0.803125 0.521875 0.803125
10 0.590625 0.3046875 0.6734375 0.3046875 0.6734375 0.4046875 0.590625 0.4046875
10 0.578125 0.1 0.6609375 0.1 0.6609375 0.221875 0.578125 0.221875
10 0.2234375 0.5421875 0.328125 0.5421875 0.328125 0.621875 0.2234375 0.621875
9 0.321875 0.365625 0.390625 0.365625 0.390625 0.421875 0.321875 0.421875
8 0.7796875 0.4046875 0.8734375 0.4046875 0.8734375 0.4734375 0.7796875 0.4734375
8 0.8203125 0.778125 0.90625 0.778125 0.90625 0.878125 0.8203125 0.878125
8 0.353125 0.825 0.43125 0.825 0.43125 0.9234375 0.353125 0.9234375
8 0.228125 0.628125 0.3078125 0.628125 0.3078125 0.7125 0.228125 0.7125
8 0.1015625 0.175 0.1984375 0.175 0.1984375 0.26875 0.1015625 0.26875
8 0.4265625 0.5359375 0.4984375 0.5359375 0.4984375 0.60625 0.4265625 0.60625
7 0.778125 0.2828125 0.8953125 0.2828125 0.8953125 0.384375 0.778125 0.384375
7 0.3921875 0.1046875 0.4765625 0.1046875 0.4765625 0.2265625 0.3921875 0.2265625
7 0.24375 0.8078125 0.340625 0.8078125 0.340625 0.9234375 0.24375 0.9234375
6 0.796875 0.50625 0.884375 0.50625 0.884375 0.5671875 0.796875 0.5671875
6 0.409375 0.2375 0.475 0.2375 0.475 0.31875 0.409375 0.31875
6 0.325 0.25625 0.39375 0.25625 0.39375 0.3296875 0.325 0.3296875
6 0.2109375 0.3421875 0.2953125 0.3421875 0.2953125 0.4203125 0.2109375 0.4203125
6 0.125 0.35 0.215625 0.35 0.215625 0.428125 0.125 0.428125
6 0.1390625 0.83125 0.2296875 0.83125 0.2296875 0.921875 0.1390625 0.921875
5 0.7625 0.1 0.85625 0.1 0.85625 0.1953125 0.7625 0.1953125
5 0.721875 0.5984375 0.8 0.5984375 0.8 0.6734375 0.721875 0.6734375
5 0.6140625 0.6109375 0.6875 0.6109375 0.6875 0.68125 0.6140625 0.68125
5 0.3296875 0.5421875 0.396875 0.5421875 0.396875 0.60625 0.3296875 0.60625
5 0.66875 0.1109375 0.7421875 0.1109375 0.7421875 0.2078125 0.66875 0.2078125
5 0.728125 0.8046875 0.8140625 0.8046875 0.8140625 0.9015625 0.728125 0.9015625
4 0.775 0.203125 0.8859375 0.203125 0.8859375 0.3015625 0.775 0.3015625
4 0.284375 0.1046875 0.3875 0.1046875 0.3875 0.221875 0.284375 0.221875
4 0.2203125 0.428125 0.3296875 0.428125 0.3296875 0.503125 0.2203125 0.503125
3 0.4484375 0.6484375 0.5109375 0.6484375 0.5109375 0.709375 0.4484375 0.709375
3 0.13125 0.4609375 0.20625 0.4609375 0.20625 0.5171875 0.13125 0.5171875
2 0.6890625 0.4078125 0.778125 0.4078125 0.778125 0.475 0.6890625 0.475
2 0.625 0.7140625 0.696875 0.7140625 0.696875 0.8 0.625 0.8
2 0.809375 0.6734375 0.8890625 0.6734375 0.8890625 0.7625 0.809375 0.7625
2 0.4046875 0.3453125 0.4828125 0.3453125 0.4828125 0.4203125 0.4046875 0.4203125
1 0.2375 0.7265625 0.340625 0.7265625 0.340625 0.825 0.2375 0.825
1 0.115625 0.7359375 0.2359375 0.7359375 0.2359375 0.8359375 0.115625 0.8359375
1 0.51875 0.621875 0.596875 0.621875 0.596875 0.70625 0.51875 0.70625
0 0.625 0.515625 0.6921875 0.515625 0.6921875 0.5703125 0.625 0.5703125
0 0.465625 0.828125 0.5328125 0.828125 0.5328125 0.921875 0.465625 0.921875
0 0.209375 0.240625 0.290625 0.240625 0.290625 0.3171875 0.209375 0.3171875
0 0.5046875 0.334375 0.5734375 0.334375 0.5734375 0.4125 0.5046875 0.4125
0 0.40625 0.4375 0.4765625 0.4375 0.4765625 0.5015625 0.40625 0.5015625