10 0.1484375 0.359375 0.2546875 0.359375 0.2546875 0.4203125 0.1484375 0.4203125
10 0.34375 0.421875 0.4140625 0.421875 0.4140625 0.478125 0.34375 0.478125
10 0.5046875 0.4234375 0.5734375 0.4234375 0.5734375 0.475 0.5046875 0.475
10 0.6703125 0.421875 0.7625 0.421875 0.7625 0.475 0.6703125 0.475
10 0.6734375 0.4875 0.7625 0.4875 0.7625 0.540625 0.6734375 0.540625
10 0.675 0.5578125 0.7671875 0.5578125 0.7671875 0.6125 0.675 0.6125
10 0.153125 0.4890625 0.2515625 0.4890625 0.2515625 0.540625 0.153125 0.540625
9 0.35 0.3046875 0.4125 0.3046875 0.4125 0.3453125 0.35 0.3453125
9 0.4359375 0.24375 0.496875 0.24375 0.496875 0.2921875 0.4359375 0.2921875
9 0.5140625 0.3140625 0.578125 0.3140625 0.578125 0.3609375 0.5140625 0.3609375
9 0.6 0.3703125 0.653125 0.3703125 0.653125 0.4140625 0.6 0.4140625
9 0.26875 0.2421875 0.3390625 0.2421875 0.3390625 0.2875 0.26875 0.2875
9 0.1875 0.2421875 0.2515625 0.2421875 0.2515625 0.29375 0.1875 0.29375
9 0.278125 0.171875 0.3390625 0.171875 0.3390625 0.225 0.278125 0.225
9 0.190625 0.61875 0.2515625 0.61875 0.2515625 0.6625 0.190625 0.6625
9 0.5984375 0.5609375 0.6546875 0.5609375 0.6546875 0.6 0.5984375 0.6
9 0.684375 0.61875 0.74375 0.61875 0.74375 0.6625 0.684375 0.6625
9 0.359375 0.4921875 0.4125 0.4921875 0.4125 0.5375 0.359375 0.5375
7 0.4125 0.6125 0.4828125 0.6125 0.4828125 0.675 0.4125 0.675
7 0.50625 0.6125 0.58125 0.6125 0.58125 0.675 0.50625 0.675
7 0.675 0.29375 0.759375 0.29375 0.759375 0.3578125 0.675 0.3578125
7 0.590625 0.2140625 0.6703125 0.2140625 0.6703125 0.2921875 0.590625 0.2921875
7 0.5078125 0.4921875 0.5734375 0.4921875 0.5734375 0.54375 0.5078125 0.54375
6 0.5984375 0.2921875 0.6546875 0.2921875 0.6546875 0.346875 0.5984375 0.346875
6 0.590625 0.6140625 0.6515625 0.6140625 0.6515625 0.6625 0.590625 0.6625
6 0.0765625 0.4328125 0.1671875 0.4328125 0.1671875 0.4765625 0.0765625 0.4765625
6 0.271875 0.6171875 0.3375 0.6171875 0.3375 0.6640625 0.271875 0.6640625
4 0.6796875 0.146875 0.759375 0.146875 0.759375 0.23125 0.6796875 0.23125
4 0.428125 0.35625 0.49375 0.35625 0.49375 0.415625 0.428125 0.415625
4 0.590625 0.428125 0.6578125 0.428125 0.6578125 0.4765625 0.590625 0.4765625
4 0.584375 0.490625 0.6578125 0.490625 0.6578125 0.54375 0.584375 0.54375
1 0.3515625 0.14375 0.4234375 0.14375 0.4234375 0.228125 0.3515625 0.228125