10 0.79375 0.821875 0.90625 0.821875 0.90625 0.93125 0.79375 0.93125
10 0.696875 0.721875 0.790625 0.721875 0.790625 0.83125 0.696875 0.83125
10 0.4359375 0.634375 0.496875 0.634375 0.496875 0.728125 0.4359375 0.728125
10 0.2234375 0.6375 0.3234375 0.6375 0.3234375 0.7234375 0.2234375 0.7234375
10 0.4265625 0.4453125 0.503125 0.4453125 0.503125 0.528125 0.4265625 0.528125
10 0.8015625 0.546875 0.9 0.546875 0.9 0.628125 0.8015625 0.628125
10 0.7046875 0.55625 0.7984375 0.55625 0.7984375 0.6359375 0.7046875 0.6359375
10 0.4265625 0.25625 0.509375 0.25625 0.509375 0.35 0.4265625 0.35
10 0.33125 0.70625 0.41875 0.70625 0.41875 0.8375 0.33125 0.8375
7 0.6 0.615625 0.7 0.615625 0.7 0.7265625 0.6 0.7265625
7 0.115625 0.340625 0.2359375 0.340625 0.2359375 0.4328125 0.115625 0.4328125
7 0.6 0.14375 0.6984375 0.14375 0.6984375 0.2625 0.6 0.2625
7 0.7984375 0.1328125 0.9109375 0.1328125 0.9109375 0.2453125 0.7984375 0.2453125
7 0.778125 0.4375 0.915625 0.4375 0.915625 0.534375 0.778125 0.534375
7 0.2359375 0.8 0.3359375 0.8 0.3359375 0.9375 0.2359375 0.9375
7 0.328125 0.5375 0.415625 0.5375 0.415625 0.63125 0.328125 0.63125
7 0.5140625 0.3484375 0.5984375 0.3484375 0.5984375 0.4515625 0.5140625 0.4515625
4 0.7765625 0.6265625 0.8921875 0.6265625 0.8921875 0.73125 0.7765625 0.73125
4 0.1046875 0.146875 0.228125 0.146875 0.228125 0.253125 0.1046875 0.253125
4 0.13125 0.81875 0.2375 0.81875 0.2375 0.940625 0.13125 0.940625
4 0.4265625 0.7984375 0.5109375 0.7984375 0.5109375 0.9328125 0.4265625 0.9328125
4 0.609375 0.8 0.7 0.8 0.7 0.9375 0.609375 0.9375
4 0.515625 0.621875 0.6 0.621875 0.6 0.73125 0.515625 0.73125
1 0.121875 0.5375 0.240625 0.5375 0.240625 0.646875 0.121875 0.646875
1 0.5953125 0.440625 0.6921875 0.440625 0.6921875 0.521875 0.5953125 0.521875
1 0.5953125 0.3515625 0.69375 0.3515625 0.69375 0.428125 0.5953125 0.428125
1 0.790625 0.340625 0.909375 0.340625 0.909375 0.4328125 0.790625 0.4328125
1 0.6984375 0.25625 0.8015625 0.25625 0.8015625 0.340625 0.6984375 0.340625
1 0.503125 0.134375 0.584375 0.134375 0.584375 0.2484375 0.503125 0.2484375
1 0.31875 0.134375 0.4171875 0.134375 0.4171875 0.246875 0.31875 0.246875
1 0.128125 0.721875 0.246875 0.721875 0.246875 0.828125 0.128125 0.828125