7 0.184375 0.778125 0.3375 0.778125 0.3375 0.85625 0.184375 0.85625
0 0.0828125 0.784375 0.221875 0.784375 0.221875 0.834375 0.0828125 0.834375
8 0.175 0.36875 0.315625 0.36875 0.315625 0.425 0.175 0.425
5 0.04375 0.375 0.1625 0.375 0.1625 0.425 0.04375 0.425
0 0.0390625 0.4375 0.1828125 0.4375 0.1828125 0.471875 0.0390625 0.471875
6 0.1703125 0.4328125 0.31875 0.4328125 0.31875 0.4765625 0.1703125 0.4765625
11 0.05625 0.4890625 0.175 0.4890625 0.175 0.5265625 0.05625 0.5265625
5 0.1875 0.4921875 0.30625 0.4921875 0.30625 0.5296875 0.1875 0.5296875
5 0.0796875 0.5484375 0.215625 0.5484375 0.215625 0.5828125 0.0796875 0.5828125
11 0.190625 0.546875 0.315625 0.546875 0.315625 0.5859375 0.190625 0.5859375
4 0.03125 0.609375 0.203125 0.609375 0.203125 0.6546875 0.03125 0.6546875
8 0.2125 0.6078125 0.33125 0.6078125 0.33125 0.6609375 0.2125 0.6609375
5 0.084375 0.6703125 0.2078125 0.6703125 0.2078125 0.7171875 0.084375 0.7171875
10 0.1625 0.6640625 0.33125 0.6640625 0.33125 0.7203125 0.1625 0.7203125
1 0.04375 0.7203125 0.2078125 0.7203125 0.2078125 0.7796875 0.04375 0.7796875
6 0.2 0.7234375 0.3234375 0.7234375 0.3234375 0.7765625 0.2 0.7765625