9 0.625 0.8453125 0.6609375 0.8453125 0.6609375 0.9390625 0.625 0.9390625
9 0.6296875 0.759375 0.6640625 0.759375 0.6640625 0.8484375 0.6296875 0.8484375
9 0.6390625 0.65625 0.675 0.65625 0.675 0.7390625 0.6390625 0.7390625
9 0.6359375 0.553125 0.6734375 0.553125 0.6734375 0.64375 0.6359375 0.64375
9 0.6390625 0.4515625 0.675 0.4515625 0.675 0.5359375 0.6390625 0.5359375
9 0.646875 0.334375 0.6859375 0.334375 0.6859375 0.41875 0.646875 0.41875
9 0.6484375 0.2109375 0.6859375 0.2109375 0.6859375 0.2921875 0.6484375 0.2921875
9 0.6453125 0.096875 0.6796875 0.096875 0.6796875 0.184375 0.6453125 0.184375
5 0.3390625 0.83125 0.3765625 0.83125 0.3765625 0.9484375 0.3390625 0.9484375
5 0.3140625 0.084375 0.3609375 0.084375 0.3609375 0.1890625 0.3140625 0.1890625
11 0.7109375 0.09375 0.7609375 0.09375 0.7609375 0.196875 0.7109375 0.196875
11 0.675 0.8484375 0.7109375 0.8484375 0.7109375 0.9625 0.675 0.9625
8 0.709375 0.2078125 0.765625 0.2078125 0.765625 0.3015625 0.709375 0.3015625
8 0.6765625 0.7625 0.725 0.7625 0.725 0.8546875 0.6765625 0.8546875
4 0.3171875 0.5515625 0.36875 0.5515625 0.36875 0.675 0.3171875 0.675
1 0.315625 0.4234375 0.365625 0.4234375 0.365625 0.5640625 0.315625 0.5640625
3 0.3984375 0.65625 0.4265625 0.65625 0.4265625 0.74375 0.3984375 0.74375
3 0.396875 0.821875 0.421875 0.821875 0.421875 0.909375 0.396875 0.909375
3 0.3921875 0.746875 0.4203125 0.746875 0.4203125 0.828125 0.3921875 0.828125
3 0.3828125 0.5609375 0.4125 0.5609375 0.4125 0.6453125 0.3828125 0.6453125
3 0.396875 0.415625 0.425 0.415625 0.425 0.4953125 0.396875 0.4953125
3 0.378125 0.3296875 0.40625 0.3296875 0.40625 0.40625 0.378125 0.40625
3 0.384375 0.23125 0.415625 0.23125 0.415625 0.3109375 0.384375 0.3109375
3 0.38125 0.0890625 0.4125 0.0890625 0.4125 0.1671875 0.38125 0.1671875
0 0.325 0.325 0.3640625 0.325 0.3640625 0.41875 0.325 0.41875
2 0.315625 0.2109375 0.3625 0.2109375 0.3625 0.3 0.315625 0.3
2 0.3328125 0.74375 0.375 0.74375 0.375 0.840625 0.3328125 0.840625
0 0.334375 0.6546875 0.3734375 0.6546875 0.3734375 0.7546875 0.334375 0.7546875
6 0.7046875 0.3546875 0.7484375 0.3546875 0.7484375 0.453125 0.7046875 0.453125
6 0.68125 0.665625 0.71875 0.665625 0.71875 0.771875 0.68125 0.771875
7 0.690625 0.4375 0.74375 0.4375 0.74375 0.56875 0.690625 0.56875
10 0.690625 0.5609375 0.740625 0.5609375 0.740625 0.696875 0.690625 0.696875