5 0.515625 0.8109375 0.553125 0.8109375 0.553125 0.9046875 0.515625 0.9046875
5 0.4609375 0.8140625 0.5 0.8140625 0.5 0.9 0.4609375 0.9
5 0.45 0.290625 0.484375 0.290625 0.484375 0.396875 0.45 0.396875
5 0.5015625 0.2765625 0.5328125 0.2765625 0.5328125 0.3828125 0.5015625 0.3828125
4 0.6 0.5484375 0.6515625 0.5484375 0.6515625 0.665625 0.6 0.665625
1 0.2984375 0.459375 0.3421875 0.459375 0.3421875 0.5953125 0.2984375 0.5953125
0 0.409375 0.4859375 0.4421875 0.4859375 0.4421875 0.58125 0.409375 0.58125
0 0.4078125 0.5953125 0.434375 0.5953125 0.434375 0.6921875 0.4078125 0.6921875
3 0.35625 0.5203125 0.3859375 0.5203125 0.3859375 0.590625 0.35625 0.590625
3 0.3578125 0.4125 0.3890625 0.4125 0.3890625 0.503125 0.3578125 0.503125
3 0.409375 0.4109375 0.4375 0.4109375 0.4375 0.490625 0.409375 0.490625
3 0.4546875 0.4140625 0.4859375 0.4140625 0.4859375 0.4875 0.4546875 0.4875
3 0.4984375 0.375 0.5265625 0.375 0.5265625 0.45 0.4984375 0.45
3 0.5546875 0.3734375 0.58125 0.3734375 0.58125 0.4578125 0.5546875 0.4578125
3 0.5109375 0.4921875 0.54375 0.4921875 0.54375 0.56875 0.5109375 0.56875
3 0.4578125 0.6109375 0.4921875 0.6109375 0.4921875 0.6859375 0.4578125 0.6859375
8 0.3125 0.1890625 0.346875 0.1890625 0.346875 0.3046875 0.3125 0.3046875
8 0.5 0.178125 0.5328125 0.178125 0.5328125 0.284375 0.5 0.284375
10 0.3015625 0.578125 0.346875 0.578125 0.346875 0.7015625 0.3015625 0.7015625
7 0.596875 0.4390625 0.65 0.4390625 0.65 0.565625 0.596875 0.565625
11 0.5828125 0.271875 0.6203125 0.271875 0.6203125 0.375 0.5828125 0.375
11 0.4078125 0.209375 0.4390625 0.209375 0.4390625 0.309375 0.4078125 0.309375
6 0.403125 0.290625 0.4328125 0.290625 0.4328125 0.39375 0.403125 0.39375
6 0.4578125 0.4796875 0.4921875 0.4796875 0.4921875 0.578125 0.4578125 0.578125
9 0.35 0.828125 0.384375 0.828125 0.384375 0.903125 0.35 0.903125
9 0.3640625 0.6078125 0.39375 0.6078125 0.39375 0.6859375 0.3640625 0.6859375
9 0.4046875 0.734375 0.4390625 0.734375 0.4390625 0.8109375 0.4046875 0.8109375
9 0.459375 0.71875 0.490625 0.71875 0.490625 0.796875 0.459375 0.796875
9 0.5140625 0.7046875 0.546875 0.7046875 0.546875 0.784375 0.5140625 0.784375
9 0.5578125 0.69375 0.5921875 0.69375 0.5921875 0.775 0.5578125 0.775
9 0.5546875 0.5828125 0.5828125 0.5828125 0.5828125 0.6671875 0.5546875 0.6671875
9 0.509375 0.590625 0.5390625 0.590625 0.5390625 0.6734375 0.509375 0.6734375