0 0.425 0.4125 0.4890625 0.4125 0.4890625 0.4734375 0.425 0.4734375
11 0.6078125 0.7734375 0.7015625 0.7734375 0.7015625 0.875 0.6078125 0.875
11 0.5265625 0.5890625 0.6015625 0.5890625 0.6015625 0.675 0.5265625 0.675
11 0.4375 0.4734375 0.50625 0.4734375 0.50625 0.5390625 0.4375 0.5390625
11 0.21875 0.19375 0.309375 0.19375 0.309375 0.2984375 0.21875 0.2984375
10 0.109375 0.1734375 0.2296875 0.1734375 0.2296875 0.2875 0.109375 0.2875
10 0.79375 0.3890625 0.9296875 0.3890625 0.9296875 0.4796875 0.79375 0.4796875
10 0.1015625 0.3875 0.2265625 0.3875 0.2265625 0.478125 0.1015625 0.478125
9 0.634375 0.684375 0.7078125 0.684375 0.7078125 0.7546875 0.634375 0.7546875
8 0.3109375 0.284375 0.40625 0.284375 0.40625 0.384375 0.3109375 0.384375
8 0.1234375 0.5046875 0.2234375 0.5046875 0.2234375 0.584375 0.1234375 0.584375
8 0.43125 0.675 0.515625 0.675 0.515625 0.765625 0.43125 0.765625
8 0.5140625 0.4046875 0.5890625 0.4046875 0.5890625 0.4859375 0.5140625 0.4859375
8 0.803125 0.0734375 0.91875 0.0734375 0.91875 0.1796875 0.803125 0.1796875
7 0.30625 0.7859375 0.4109375 0.7859375 0.4109375 0.9265625 0.30625 0.9265625
7 0.328125 0.5671875 0.421875 0.5671875 0.421875 0.675 0.328125 0.675
7 0.5234375 0.4859375 0.625 0.4859375 0.625 0.5859375 0.5234375 0.5859375
6 0.8046875 0.2015625 0.91875 0.2015625 0.91875 0.2921875 0.8046875 0.2921875
6 0.7921875 0.296875 0.903125 0.296875 0.903125 0.375 0.7921875 0.375
6 0.23125 0.603125 0.321875 0.603125 0.321875 0.6859375 0.23125 0.6859375
6 0.4109375 0.2984375 0.4890625 0.2984375 0.4890625 0.3875 0.4109375 0.3875
6 0.5234375 0.78125 0.5984375 0.78125 0.5984375 0.9015625 0.5234375 0.9015625
5 0.0953125 0.0765625 0.203125 0.0765625 0.203125 0.184375 0.0953125 0.184375
5 0.2109375 0.0640625 0.309375 0.0640625 0.309375 0.1796875 0.2109375 0.1796875
5 0.61875 0.3859375 0.69375 0.3859375 0.69375 0.465625 0.61875 0.465625
5 0.121875 0.7890625 0.2328125 0.7890625 0.2328125 0.89375 0.121875 0.89375
5 0.2421875 0.7734375 0.340625 0.7734375 0.340625 0.8875 0.2421875 0.8875
5 0.3265625 0.3875 0.4125 0.3875 0.4125 0.4765625 0.3265625 0.4765625
4 0.5265625 0.2890625 0.6140625 0.2890625 0.6140625 0.3796875 0.5265625 0.3796875
4 0.2125 0.6859375 0.3328125 0.6859375 0.3328125 0.796875 0.2125 0.796875
4 0.2046875 0.503125 0.303125 0.503125 0.303125 0.6 0.2046875 0.6
3 0.625 0.6 0.6984375 0.6 0.6984375 0.6796875 0.625 0.6796875
3 0.625 0.3015625 0.696875 0.3015625 0.696875 0.371875 0.625 0.371875
2 0.4 0.0546875 0.4984375 0.0546875 0.4984375 0.1734375 0.4 0.1734375
2 0.1859375 0.30625 0.303125 0.30625 0.303125 0.3875 0.1859375 0.3875
2 0.79375 0.4765625 0.9203125 0.4765625 0.9203125 0.559375 0.79375 0.559375
2 0.4 0.5890625 0.5 0.5890625 0.5 0.671875 0.4 0.671875
1 0.6828125 0.0484375 0.803125 0.0484375 0.803125 0.171875 0.6828125 0.171875
1 0.5046875 0.1625 0.6078125 0.1625 0.6078125 0.284375 0.5046875 0.284375
1 0.703125 0.6703125 0.8265625 0.6703125 0.8265625 0.79375 0.703125 0.79375
0 0.5984375 0.059375 0.6796875 0.059375 0.6796875 0.16875 0.5984375 0.16875
0 0.7078125 0.5796875 0.79375 0.5796875 0.79375 0.6671875 0.7078125 0.6671875
0 0.434375 0.7765625 0.5109375 0.7765625 0.5109375 0.875 0.434375 0.875
0 0.328125 0.175 0.4109375 0.175 0.4109375 0.275 0.328125 0.275
6 0.3375 0.4953125 0.41875 0.4953125 0.41875 0.5734375 0.3375 0.5734375
8 0.7046875 0.778125 0.809375 0.778125 0.809375 0.8796875 0.7046875 0.8796875