10 0.446875 0.809375 0.5171875 0.809375 0.5171875 0.925 0.446875 0.925
10 0.834375 0.796875 0.959375 0.796875 0.959375 0.90625 0.834375 0.90625
10 0.453125 0.2125 0.5234375 0.2125 0.5234375 0.3109375 0.453125 0.3109375
6 0.7375 0.6109375 0.8171875 0.6109375 0.8171875 0.675 0.7375 0.675
6 0.8296875 0.53125 0.9140625 0.53125 0.9140625 0.5890625 0.8296875 0.5890625
6 0.3875 0.621875 0.4453125 0.621875 0.4453125 0.68125 0.3875 0.68125
6 0.3640625 0.71875 0.4234375 0.71875 0.4234375 0.79375 0.3640625 0.79375
6 0.36875 0.446875 0.428125 0.446875 0.428125 0.503125 0.36875 0.503125
6 0.4703125 0.4515625 0.53125 0.4515625 0.53125 0.50625 0.4703125 0.50625
8 0.2578125 0.7125 0.3390625 0.7125 0.3390625 0.7875 0.2578125 0.7875
8 0.25625 0.6125 0.3265625 0.6125 0.3265625 0.6875 0.25625 0.6875
7 0.15625 0.8015625 0.2625 0.8015625 0.2625 0.9125 0.15625 0.9125
8 0.4609375 0.7171875 0.525 0.7171875 0.525 0.7953125 0.4609375 0.7953125
8 0.5578125 0.69375 0.6265625 0.69375 0.6265625 0.7703125 0.5578125 0.7703125
8 0.8359375 0.70625 0.9390625 0.70625 0.9390625 0.7765625 0.8359375 0.7765625
7 0.6453125 0.721875 0.740625 0.721875 0.740625 0.821875 0.6453125 0.821875
11 0.6359375 0.603125 0.7109375 0.603125 0.7109375 0.66875 0.6359375 0.66875
4 0.1375 0.6140625 0.2453125 0.6140625 0.2453125 0.69375 0.1375 0.69375
0 0.3515625 0.809375 0.4109375 0.809375 0.4109375 0.8890625 0.3515625 0.8890625
0 0.45625 0.5234375 0.5140625 0.5234375 0.5140625 0.5796875 0.45625 0.5796875
0 0.6421875 0.5421875 0.7125 0.5421875 0.7125 0.6 0.6421875 0.6
3 0.1890625 0.7140625 0.2484375 0.7140625 0.2484375 0.775 0.1890625 0.775
8 0.2734375 0.4296875 0.34375 0.4296875 0.34375 0.4921875 0.2734375 0.4921875
9 0.3671875 0.540625 0.415625 0.540625 0.415625 0.5921875 0.3671875 0.5921875
2 0.265625 0.521875 0.340625 0.521875 0.340625 0.5828125 0.265625 0.5828125
2 0.4578125 0.33125 0.51875 0.33125 0.51875 0.3953125 0.4578125 0.3953125
2 0.5390625 0.3390625 0.6 0.3390625 0.6 0.4078125 0.5390625 0.4078125
1 0.146875 0.2203125 0.2515625 0.2203125 0.2515625 0.31875 0.146875 0.31875
1 0.3671875 0.196875 0.440625 0.196875 0.440625 0.303125 0.3671875 0.303125
4 0.45625 0.115625 0.5265625 0.115625 0.5265625 0.23125 0.45625 0.23125
4 0.7296875 0.3171875 0.83125 0.3171875 0.83125 0.40625 0.7296875 0.40625
1 0.359375 0.3359375 0.4328125 0.3359375 0.4328125 0.4234375 0.359375 0.4234375
0 0.55 0.246875 0.6078125 0.246875 0.6078125 0.321875 0.55 0.321875
5 0.171875 0.4265625 0.2515625 0.4265625 0.2515625 0.496875 0.171875 0.496875
5 0.4640625 0.6375 0.5234375 0.6375 0.5234375 0.7015625 0.4640625 0.7015625
5 0.5625 0.45 0.628125 0.45 0.628125 0.5140625 0.5625 0.5140625
5 0.5546875 0.146875 0.6140625 0.146875 0.6140625 0.23125 0.5546875 0.23125
5 0.734375 0.5203125 0.81875 0.5203125 0.81875 0.58125 0.734375 0.58125
5 0.840625 0.1328125 0.93125 0.1328125 0.93125 0.228125 0.840625 0.228125
0 0.7484375 0.128125 0.825 0.128125 0.825 0.215625 0.7484375 0.215625
3 0.646875 0.334375 0.7 0.334375 0.7 0.390625 0.646875 0.390625
11 0.26875 0.125 0.3453125 0.125 0.3453125 0.21875 0.26875 0.21875
11 0.725 0.24375 0.803125 0.24375 0.803125 0.321875 0.725 0.321875
2 0.8265625 0.3125 0.909375 0.3125 0.909375 0.39375 0.8265625 0.39375
7 0.65625 0.425 0.753125 0.425 0.753125 0.5 0.65625 0.5
11 0.8296875 0.41875 0.925 0.41875 0.925 0.4859375 0.8296875 0.4859375