3 0.5203125 0.55 0.5734375 0.55 0.5734375 0.6 0.5203125 0.6
1 0.3765625 0.5078125 0.45625 0.5078125 0.45625 0.5828125 0.3765625 0.5828125
5 0.490625 0.6265625 0.5515625 0.6265625 0.5515625 0.6984375 0.490625 0.6984375
5 0.38125 0.6140625 0.4453125 0.6140625 0.4453125 0.6890625 0.38125 0.6890625
5 0.165625 0.1859375 0.2578125 0.1859375 0.2578125 0.2765625 0.165625 0.2765625
5 0.5 0.190625 0.565625 0.190625 0.565625 0.2796875 0.5 0.2796875
5 0.3015625 0.0625 0.3796875 0.0625 0.3796875 0.1609375 0.3015625 0.1609375
1 0.5859375 0.2984375 0.675 0.2984375 0.675 0.390625 0.5859375 0.390625
0 0.8 0.3203125 0.890625 0.3203125 0.890625 0.390625 0.8 0.390625
5 0.053125 0.73125 0.153125 0.73125 0.153125 0.8171875 0.053125 0.8171875
2 0.0453125 0.6265625 0.1515625 0.6265625 0.1515625 0.696875 0.0453125 0.696875
1 0.1515625 0.615625 0.2609375 0.615625 0.2609375 0.7078125 0.1515625 0.7078125
3 0.2015625 0.7265625 0.265625 0.7265625 0.265625 0.79375 0.2015625 0.79375
3 0.4234375 0.7265625 0.4765625 0.7265625 0.4765625 0.7921875 0.4234375 0.7921875
3 0.5046875 0.815625 0.5609375 0.815625 0.5609375 0.890625 0.5046875 0.890625
3 0.19375 0.4140625 0.259375 0.4140625 0.259375 0.4734375 0.19375 0.4734375
3 0.6953125 0.7296875 0.7609375 0.7296875 0.7609375 0.7921875 0.6953125 0.7921875
3 0.625 0.73125 0.68125 0.73125 0.68125 0.7984375 0.625 0.7984375
3 0.409375 0.20625 0.465625 0.20625 0.465625 0.271875 0.409375 0.271875
3 0.0796875 0.3375 0.1546875 0.3375 0.1546875 0.3953125 0.0796875 0.3953125
0 0.8015625 0.196875 0.8921875 0.196875 0.8921875 0.278125 0.8015625 0.278125
4 0.6859375 0.1734375 0.7953125 0.1734375 0.7953125 0.2875 0.6859375 0.2875
4 0.4828125 0.396875 0.559375 0.396875 0.559375 0.4765625 0.4828125 0.4765625
6 0.5703125 0.215625 0.6375 0.215625 0.6375 0.2953125 0.5703125 0.2953125
9 0.6984375 0.4390625 0.765625 0.4390625 0.765625 0.4921875 0.6984375 0.4921875
9 0.8046875 0.5390625 0.8765625 0.5390625 0.8765625 0.596875 0.8046875 0.596875
8 0.4703125 0.3109375 0.5390625 0.3109375 0.5390625 0.3890625 0.4703125 0.3890625
8 0.79375 0.4 0.8953125 0.4 0.8953125 0.478125 0.79375 0.478125
7 0.60625 0.4109375 0.696875 0.4109375 0.696875 0.4875 0.60625 0.4875
11 0.7015625 0.2953125 0.7859375 0.2953125 0.7859375 0.3734375 0.7015625 0.3734375
10 0.3765625 0.296875 0.45625 0.296875 0.45625 0.390625 0.3765625 0.390625
11 0.6140625 0.5171875 0.6875 0.5171875 0.6875 0.5796875 0.6140625 0.5796875
7 0.3875 0.4046875 0.4625 0.4046875 0.4625 0.478125 0.3875 0.478125
0 0.703125 0.51875 0.7828125 0.51875 0.7828125 0.58125 0.703125 0.58125
10 0.80625 0.059375 0.9328125 0.059375 0.9328125 0.1859375 0.80625 0.1859375
11 0.60625 0.0671875 0.68125 0.0671875 0.68125 0.165625 0.60625 0.165625
9 0.4125 0.0984375 0.4703125 0.0984375 0.4703125 0.1734375 0.4125 0.1734375
6 0.3 0.3203125 0.3703125 0.3203125 0.3703125 0.39375 0.3 0.39375
6 0.309375 0.421875 0.3765625 0.421875 0.3765625 0.484375 0.309375 0.484375
9 0.6921875 0.1 0.7609375 0.1 0.7609375 0.171875 0.6921875 0.171875
8 0.4953125 0.06875 0.5734375 0.06875 0.5734375 0.1578125 0.4953125 0.1578125
11 0.0484375 0.0640625 0.1546875 0.0640625 0.1546875 0.1671875 0.0484375 0.1671875
3 0.1859375 0.0953125 0.2515625 0.0953125 0.2515625 0.165625 0.1859375 0.165625
2 0.3015625 0.1734375 0.371875 0.1734375 0.371875 0.2671875 0.3015625 0.2671875
9 0.19375 0.3421875 0.265625 0.3421875 0.265625 0.4015625 0.19375 0.4015625
9 0.0875 0.2 0.1609375 0.2 0.1609375 0.2765625 0.0875 0.2765625
9 0.63125 0.8296875 0.6875 0.8296875 0.6875 0.90625 0.63125 0.90625
9 0.8046875 0.83125 0.88125 0.83125 0.88125 0.90625 0.8046875 0.90625
9 0.1828125 0.853125 0.25 0.853125 0.25 0.928125 0.1828125 0.928125
8 0.503125 0.721875 0.571875 0.721875 0.571875 0.8046875 0.503125 0.8046875
8 0.396875 0.834375 0.465625 0.834375 0.465625 0.940625 0.396875 0.940625
6 0.2921875 0.8484375 0.3625 0.8484375 0.3625 0.9421875 0.2921875 0.9421875
4 0.2796875 0.7328125 0.371875 0.7328125 0.371875 0.85 0.2796875 0.85
8 0.6046875 0.6171875 0.6765625 0.6171875 0.6765625 0.7015625 0.6046875 0.7015625
0 0.6984375 0.6203125 0.78125 0.6203125 0.78125 0.69375 0.6984375 0.69375
6 0.8046875 0.625 0.9 0.625 0.9 0.6953125 0.8046875 0.6953125
2 0.7859375 0.74375 0.8859375 0.74375 0.8859375 0.840625 0.7859375 0.840625
10 0.271875 0.60625 0.36875 0.60625 0.36875 0.6953125 0.271875 0.6953125
7 0.6953125 0.825 0.8109375 0.825 0.8109375 0.9609375 0.6953125 0.9609375
9 0.0640625 0.8453125 0.1390625 0.8453125 0.1390625 0.921875 0.0640625 0.921875
2 0.0703125 0.5171875 0.1625 0.5171875 0.1625 0.5890625 0.0703125 0.5890625
6 0.1859375 0.5125 0.26875 0.5125 0.26875 0.578125 0.1859375 0.578125
0 0.271875 0.5265625 0.3484375 0.5265625 0.3484375 0.5875 0.271875 0.5875
9 0.09375 0.4109375 0.1734375 0.4109375 0.1734375 0.4703125 0.09375 0.4703125