3 0.5328125 0.215625 0.5765625 0.215625 0.5765625 0.2859375 0.5328125 0.2859375
3 0.3828125 0.2109375 0.434375 0.2109375 0.434375 0.2765625 0.3828125 0.2765625
3 0.309375 0.203125 0.3609375 0.203125 0.3609375 0.275 0.309375 0.275
3 0.66875 0.109375 0.721875 0.109375 0.721875 0.1859375 0.66875 0.1859375
3 0.7421875 0.09375 0.7984375 0.09375 0.7984375 0.16875 0.7421875 0.16875
3 0.746875 0.2109375 0.8125 0.2109375 0.8125 0.28125 0.746875 0.28125
3 0.3 0.8078125 0.3484375 0.8078125 0.3484375 0.878125 0.3 0.878125
1 0.5890625 0.5984375 0.665625 0.5984375 0.665625 0.6734375 0.5890625 0.6734375
1 0.371875 0.3859375 0.4328125 0.3859375 0.4328125 0.4734375 0.371875 0.4734375
1 0.51875 0.390625 0.578125 0.390625 0.578125 0.4671875 0.51875 0.4671875
1 0.6703125 0.4875 0.7640625 0.4875 0.7640625 0.5671875 0.6703125 0.5671875
2 0.5984375 0.390625 0.6546875 0.390625 0.6546875 0.465625 0.5984375 0.465625
2 0.5203125 0.784375 0.58125 0.784375 0.58125 0.8921875 0.5203125 0.8921875
2 0.371875 0.59375 0.4421875 0.59375 0.4421875 0.6734375 0.371875 0.6734375
2 0.51875 0.4984375 0.578125 0.4984375 0.578125 0.5734375 0.51875 0.5734375
6 0.5984375 0.5078125 0.65625 0.5078125 0.65625 0.5734375 0.5984375 0.5734375
6 0.45625 0.6 0.509375 0.6 0.509375 0.6625 0.45625 0.6625
6 0.203125 0.790625 0.275 0.790625 0.275 0.8890625 0.203125 0.8890625
6 0.2140625 0.0765625 0.28125 0.0765625 0.28125 0.178125 0.2140625 0.178125
9 0.303125 0.4921875 0.35625 0.4921875 0.35625 0.5578125 0.303125 0.5578125
9 0.2984375 0.69375 0.3515625 0.69375 0.3515625 0.7640625 0.2984375 0.7640625
9 0.4515625 0.1125 0.4953125 0.1125 0.4953125 0.184375 0.4515625 0.184375
9 0.5921875 0.1 0.640625 0.1 0.640625 0.1828125 0.5921875 0.1828125
11 0.3765625 0.503125 0.43125 0.503125 0.43125 0.56875 0.3765625 0.56875
11 0.3 0.0703125 0.3578125 0.0703125 0.3578125 0.16875 0.3 0.16875
11 0.3625 0.7953125 0.4234375 0.7953125 0.4234375 0.8921875 0.3625 0.8921875
0 0.4546875 0.2828125 0.50625 0.2828125 0.50625 0.3671875 0.4546875 0.3671875
0 0.7359375 0.7890625 0.81875 0.7890625 0.81875 0.8765625 0.7359375 0.8765625
5 0.6640625 0.1890625 0.734375 0.1890625 0.734375 0.2828125 0.6640625 0.2828125
5 0.20625 0.278125 0.2765625 0.278125 0.2765625 0.3640625 0.20625 0.3640625
8 0.45 0.390625 0.5109375 0.390625 0.5109375 0.4671875 0.45 0.4671875
8 0.5296875 0.6015625 0.5875 0.6015625 0.5875 0.6765625 0.5296875 0.6765625
4 0.29375 0.2796875 0.3640625 0.2796875 0.3640625 0.3828125 0.29375 0.3828125
10 0.446875 0.4859375 0.5046875 0.4859375 0.5046875 0.56875 0.446875 0.56875