0 0.590625 0.6109375 0.6875 0.6109375 0.6875 0.6390625 0.590625 0.6390625
0 0.83125 0.3890625 0.9125 0.3890625 0.9125 0.4265625 0.83125 0.4265625
0 0.2 0.359375 0.3140625 0.359375 0.3140625 0.396875 0.2 0.396875
0 0.2859375 0.4609375 0.3921875 0.4609375 0.3921875 0.4921875 0.2859375 0.4921875
0 0.496875 0.4625 0.5828125 0.4625 0.5828125 0.496875 0.496875 0.496875
0 0.6203125 0.403125 0.7140625 0.403125 0.7140625 0.4359375 0.6203125 0.4359375
1 0.71875 0.5 0.834375 0.5 0.834375 0.5390625 0.71875 0.5390625
1 0.075 0.36875 0.2 0.36875 0.2 0.4078125 0.075 0.4078125
1 0.078125 0.4640625 0.2109375 0.4640625 0.2109375 0.5015625 0.078125 0.5015625
2 0.115625 0.5125 0.2 0.5125 0.2 0.5421875 0.115625 0.5421875
2 0.10625 0.421875 0.209375 0.421875 0.209375 0.45625 0.10625 0.45625
2 0.2140625 0.396875 0.29375 0.396875 0.29375 0.434375 0.2140625 0.434375
2 0.7125 0.65625 0.8 0.65625 0.8 0.69375 0.7125 0.69375
4 0.0875 0.6875 0.2078125 0.6875 0.2078125 0.725 0.0875 0.725
4 0.378125 0.55 0.49375 0.55 0.49375 0.5875 0.378125 0.5875
4 0.83125 0.5484375 0.9359375 0.5484375 0.9359375 0.5921875 0.83125 0.5921875
5 0.5 0.70625 0.6046875 0.70625 0.6046875 0.7421875 0.5 0.7421875
5 0.2046875 0.5078125 0.2921875 0.5078125 0.2921875 0.540625 0.2046875 0.540625
5 0.3 0.609375 0.384375 0.609375 0.384375 0.6390625 0.3 0.6390625
5 0.29375 0.553125 0.3734375 0.553125 0.3734375 0.584375 0.29375 0.584375
5 0.69375 0.6125 0.7859375 0.6125 0.7859375 0.65 0.69375 0.65
5 0.296875 0.4 0.38125 0.4 0.38125 0.440625 0.296875 0.440625
5 0.396875 0.3546875 0.48125 0.3546875 0.48125 0.39375 0.396875 0.39375
5 0.70625 0.334375 0.7984375 0.334375 0.7984375 0.375 0.70625 0.375
11 0.71875 0.4 0.8140625 0.4 0.8140625 0.4421875 0.71875 0.4421875
11 0.3046875 0.696875 0.3921875 0.696875 0.3921875 0.7359375 0.3046875 0.7359375
11 0.215625 0.6953125 0.3015625 0.6953125 0.3015625 0.728125 0.215625 0.728125
11 0.1328125 0.640625 0.2109375 0.640625 0.2109375 0.6703125 0.1328125 0.6703125
11 0.390625 0.3984375 0.4859375 0.3984375 0.4859375 0.4328125 0.390625 0.4328125
11 0.3953125 0.5078125 0.4703125 0.5078125 0.4703125 0.5421875 0.3953125 0.5421875
10 0.5875 0.340625 0.696875 0.340625 0.696875 0.3875 0.5875 0.3875
10 0.08125 0.559375 0.21875 0.559375 0.21875 0.590625 0.08125 0.590625
10 0.2703125 0.6453125 0.390625 0.6453125 0.390625 0.6796875 0.2703125 0.6796875
9 0.86875 0.6109375 0.940625 0.6109375 0.940625 0.640625 0.86875 0.640625
9 0.6234375 0.6546875 0.7046875 0.6546875 0.7046875 0.684375 0.6234375 0.684375
9 0.5203125 0.6109375 0.5875 0.6109375 0.5875 0.6359375 0.5203125 0.6359375
9 0.6140625 0.446875 0.690625 0.446875 0.690625 0.4796875 0.6140625 0.4796875
9 0.5125 0.40625 0.5765625 0.40625 0.5765625 0.4375 0.5125 0.4375
9 0.2171875 0.603125 0.2953125 0.603125 0.2953125 0.625 0.2171875 0.625
9 0.23125 0.5515625 0.2890625 0.5515625 0.2890625 0.5828125 0.23125 0.5828125
8 0.50625 0.65 0.60625 0.65 0.60625 0.6875 0.50625 0.6875
8 0.4 0.6453125 0.496875 0.6453125 0.496875 0.6828125 0.4 0.6828125
8 0.203125 0.6546875 0.2734375 0.6546875 0.2734375 0.6921875 0.203125 0.6921875
8 0.215625 0.459375 0.278125 0.459375 0.278125 0.4984375 0.215625 0.4984375
8 0.11875 0.6015625 0.20625 0.6015625 0.20625 0.6328125 0.11875 0.6328125
8 0.3875 0.459375 0.4875 0.459375 0.4875 0.490625 0.3875 0.490625
7 0.5875 0.49375 0.7078125 0.49375 0.7078125 0.540625 0.5875 0.540625
7 0.471875 0.503125 0.5875 0.503125 0.5875 0.5421875 0.471875 0.5421875
7 0.3875 0.6 0.5171875 0.6 0.5171875 0.6375 0.3875 0.6375
6 0.60625 0.7078125 0.7015625 0.7078125 0.7015625 0.74375 0.60625 0.74375
6 0.8203125 0.434375 0.91875 0.434375 0.91875 0.471875 0.8203125 0.471875
6 0.6 0.559375 0.70625 0.559375 0.70625 0.5921875 0.6 0.5921875
6 0.4859375 0.3578125 0.5890625 0.3578125 0.5890625 0.3953125 0.4859375 0.3953125
6 0.396875 0.69375 0.4890625 0.69375 0.4890625 0.728125 0.396875 0.728125
6 0.2984375 0.5 0.3875 0.5 0.3875 0.53125 0.2984375 0.53125