10 0.509375 0.240625 0.596875 0.240625 0.596875 0.334375 0.509375 0.334375
10 0.3140625 0.40625 0.4125 0.40625 0.4125 0.48125 0.3140625 0.48125
10 0.3140625 0.6171875 0.415625 0.6171875 0.415625 0.7 0.3140625 0.7
10 0.7109375 0.6296875 0.834375 0.6296875 0.834375 0.7046875 0.7109375 0.7046875
10 0.7171875 0.4859375 0.8234375 0.4859375 0.8234375 0.5609375 0.7171875 0.5609375
10 0.6046875 0.4078125 0.7125 0.4078125 0.7125 0.4796875 0.6046875 0.4796875
10 0.8015625 0.159375 0.9265625 0.159375 0.9265625 0.2609375 0.8015625 0.2609375
7 0.090625 0.1390625 0.2109375 0.1390625 0.2109375 0.2421875 0.090625 0.2421875
7 0.2078125 0.240625 0.321875 0.240625 0.321875 0.3375 0.2078125 0.3375
7 0.6140625 0.7078125 0.7171875 0.7078125 0.7171875 0.7953125 0.6140625 0.7953125
7 0.4234375 0.7 0.5125 0.7 0.5125 0.796875 0.4234375 0.796875
7 0.2 0.5546875 0.3140625 0.5546875 0.3140625 0.6296875 0.2 0.6296875
4 0.5046875 0.40625 0.5984375 0.40625 0.5984375 0.4734375 0.5046875 0.4734375
4 0.815625 0.703125 0.953125 0.703125 0.953125 0.7921875 0.815625 0.7921875
4 0.075 0.7 0.225 0.7 0.225 0.7859375 0.075 0.7859375
4 0.5171875 0.5546875 0.6109375 0.5546875 0.6109375 0.6203125 0.5171875 0.6203125
6 0.4171875 0.1859375 0.4921875 0.1859375 0.4921875 0.265625 0.4171875 0.265625
6 0.1203125 0.415625 0.2234375 0.415625 0.2234375 0.4828125 0.1203125 0.4828125
6 0.1171875 0.4984375 0.225 0.4984375 0.225 0.559375 0.1171875 0.559375
6 0.334375 0.2484375 0.4109375 0.2484375 0.4109375 0.33125 0.334375 0.33125
1 0.690625 0.246875 0.809375 0.246875 0.809375 0.334375 0.690625 0.334375