6 0.4828125 0.834375 0.6734375 0.834375 0.6734375 0.928125 0.4828125 0.928125
6 0.484375 0.740625 0.659375 0.740625 0.659375 0.8203125 0.484375 0.8203125
3 0.7125 0.6609375 0.85 0.6609375 0.85 0.7265625 0.7125 0.7265625
3 0.15 0.815625 0.30625 0.815625 0.30625 0.8796875 0.15 0.8796875
3 0.14375 0.4140625 0.2921875 0.4140625 0.2921875 0.4671875 0.14375 0.4671875
3 0.1546875 0.2484375 0.3046875 0.2484375 0.3046875 0.3078125 0.1546875 0.3078125
3 0.3265625 0.4828125 0.4796875 0.4828125 0.4796875 0.5359375 0.3265625 0.5359375
3 0.315625 0.334375 0.459375 0.334375 0.459375 0.3875 0.315625 0.3875
3 0.3171875 0.234375 0.4578125 0.234375 0.4578125 0.2984375 0.3171875 0.2984375
3 0.4828125 0.48125 0.6125 0.48125 0.6125 0.5296875 0.4828125 0.5296875
9 0.496875 0.2296875 0.6484375 0.2296875 0.6484375 0.2953125 0.496875 0.2953125
9 0.678125 0.2046875 0.83125 0.2046875 0.83125 0.2828125 0.678125 0.2828125
9 0.1625 0.3234375 0.315625 0.3234375 0.315625 0.3875 0.1625 0.3875
9 0.1546875 0.7265625 0.3203125 0.7265625 0.3203125 0.7953125 0.1546875 0.7953125
9 0.16875 0.6609375 0.3234375 0.6609375 0.3234375 0.7203125 0.16875 0.7203125
9 0.325 0.821875 0.475 0.821875 0.475 0.8890625 0.325 0.8890625
9 0.325 0.740625 0.4828125 0.740625 0.4828125 0.803125 0.325 0.803125
9 0.3109375 0.5640625 0.465625 0.5640625 0.465625 0.6234375 0.3109375 0.6234375
5 0.14375 0.5625 0.340625 0.5625 0.340625 0.63125 0.14375 0.63125
5 0.45625 0.296875 0.6484375 0.296875 0.6484375 0.371875 0.45625 0.371875
10 0.053125 0.484375 0.3125 0.484375 0.3125 0.55625 0.053125 0.55625
4 0.2359375 0.640625 0.4921875 0.640625 0.4921875 0.71875 0.2359375 0.71875
1 0.2265625 0.3859375 0.4796875 0.3859375 0.4796875 0.4578125 0.2265625 0.4578125
7 0.41875 0.5640625 0.6640625 0.5640625 0.6640625 0.6375 0.41875 0.6375
0 0.490625 0.65 0.68125 0.65 0.68125 0.725 0.490625 0.725
0 0.465625 0.390625 0.640625 0.390625 0.640625 0.45625 0.465625 0.45625