9 0.7484375 0.3421875 0.859375 0.3421875 0.859375 0.39375 0.7484375 0.39375
9 0.628125 0.4 0.721875 0.4 0.721875 0.4390625 0.628125 0.4390625
9 0.7390625 0.4703125 0.8375 0.4703125 0.8375 0.5109375 0.7390625 0.5109375
9 0.490625 0.4109375 0.5890625 0.4109375 0.5890625 0.4484375 0.490625 0.4484375
9 0.375 0.4109375 0.471875 0.4109375 0.471875 0.45 0.375 0.45
9 0.259375 0.4203125 0.3625 0.4203125 0.3625 0.4578125 0.259375 0.4578125
9 0.259375 0.475 0.365625 0.475 0.365625 0.509375 0.259375 0.509375
9 0.3625 0.4734375 0.4671875 0.4734375 0.4671875 0.509375 0.3625 0.509375
7 0.071875 0.5328125 0.265625 0.5328125 0.265625 0.5703125 0.071875 0.5703125
6 0.584375 0.65625 0.709375 0.65625 0.709375 0.7 0.584375 0.7
6 0.4515625 0.5328125 0.575 0.5328125 0.575 0.5640625 0.4515625 0.5640625
10 0.8609375 0.453125 0.996875 0.453125 0.996875 0.515625 0.8609375 0.515625
5 0.4640625 0.65 0.584375 0.65 0.584375 0.6953125 0.4640625 0.6953125
5 0.3265625 0.646875 0.4640625 0.646875 0.4640625 0.690625 0.3265625 0.690625
5 0.34375 0.35 0.459375 0.35 0.459375 0.3953125 0.34375 0.3953125
5 0.465625 0.34375 0.596875 0.34375 0.596875 0.39375 0.465625 0.39375
4 0.090625 0.4703125 0.25625 0.4703125 0.25625 0.5171875 0.090625 0.5171875
3 0.2375 0.5953125 0.353125 0.5953125 0.353125 0.63125 0.2375 0.63125
3 0.371875 0.6046875 0.478125 0.6046875 0.478125 0.634375 0.371875 0.634375
3 0.4890625 0.5859375 0.5953125 0.5859375 0.5953125 0.6140625 0.4890625 0.6140625
3 0.6 0.590625 0.70625 0.590625 0.70625 0.625 0.6 0.625
3 0.75 0.590625 0.8640625 0.590625 0.8640625 0.63125 0.75 0.63125
3 0.75625 0.5265625 0.85 0.5265625 0.85 0.5625 0.75625 0.5625
3 0.4828125 0.46875 0.5796875 0.46875 0.5796875 0.5 0.4828125 0.5
3 0.3453125 0.5328125 0.4421875 0.5328125 0.4421875 0.565625 0.3453125 0.565625
1 0.8609375 0.5296875 0.996875 0.5296875 0.996875 0.578125 0.8609375 0.578125
0 0.578125 0.528125 0.70625 0.528125 0.70625 0.5671875 0.578125 0.5671875
0 0.60625 0.4671875 0.7296875 0.4671875 0.7296875 0.5015625 0.60625 0.5015625