10 0.128125 0.6046875 0.2390625 0.6046875 0.2390625 0.6953125 0.128125 0.6953125
10 0.3421875 0.596875 0.4234375 0.596875 0.4234375 0.6921875 0.3421875 0.6921875
10 0.5265625 0.4171875 0.625 0.4171875 0.625 0.5046875 0.5265625 0.5046875
10 0.7015625 0.428125 0.815625 0.428125 0.815625 0.515625 0.7015625 0.515625
10 0.6953125 0.6875 0.8203125 0.6875 0.8203125 0.790625 0.6953125 0.790625
10 0.5265625 0.21875 0.640625 0.21875 0.640625 0.31875 0.5265625 0.31875
10 0.69375 0.6890625 0.821875 0.6890625 0.821875 0.7890625 0.69375 0.7890625
10 0.13125 0.6015625 0.2359375 0.6015625 0.2359375 0.7 0.13125 0.7
10 0.70625 0.5046875 0.8296875 0.5046875 0.8296875 0.6046875 0.70625 0.6046875
10 0.6125 0.515625 0.725 0.515625 0.725 0.59375 0.6125 0.59375
10 0.609375 0.515625 0.7171875 0.515625 0.7171875 0.5953125 0.609375 0.5953125
10 0.353125 0.6046875 0.43125 0.6046875 0.43125 0.690625 0.353125 0.690625
10 0.2390625 0.7875 0.3328125 0.7875 0.3328125 0.909375 0.2390625 0.909375
10 0.2453125 0.778125 0.325 0.778125 0.325 0.90625 0.2453125 0.90625
7 0.61875 0.778125 0.7359375 0.778125 0.7359375 0.903125 0.61875 0.903125
10 0.709375 0.4265625 0.81875 0.4265625 0.81875 0.509375 0.709375 0.509375
10 0.709375 0.5125 0.815625 0.5125 0.815625 0.6015625 0.709375 0.6015625
7 0.4359375 0.4171875 0.5234375 0.4171875 0.5234375 0.5046875 0.4359375 0.5046875
7 0.1296875 0.784375 0.2390625 0.784375 0.2390625 0.925 0.1296875 0.925
7 0.34375 0.2109375 0.43125 0.2109375 0.43125 0.3265625 0.34375 0.3265625
7 0.4359375 0.103125 0.525 0.103125 0.525 0.2328125 0.4359375 0.2328125
10 0.525 0.4171875 0.628125 0.4171875 0.628125 0.5078125 0.525 0.5078125
10 0.5328125 0.2109375 0.6328125 0.2109375 0.6328125 0.3265625 0.5328125 0.3265625
7 0.63125 0.3234375 0.725 0.3234375 0.725 0.4171875 0.63125 0.4171875
7 0.2421875 0.4140625 0.3421875 0.4140625 0.3421875 0.4953125 0.2421875 0.4953125
7 0.7953125 0.590625 0.9328125 0.590625 0.9328125 0.7 0.7953125 0.7
7 0.5125 0.321875 0.6265625 0.321875 0.6265625 0.4140625 0.5125 0.4140625
7 0.6171875 0.771875 0.7328125 0.771875 0.7328125 0.9015625 0.6171875 0.9015625
4 0.34375 0.7765625 0.4359375 0.7765625 0.4359375 0.9015625 0.34375 0.9015625
7 0.796875 0.596875 0.93125 0.596875 0.93125 0.7 0.796875 0.7
4 0.7875 0.775 0.9328125 0.775 0.9328125 0.8890625 0.7875 0.8890625
7 0.621875 0.321875 0.734375 0.321875 0.734375 0.415625 0.621875 0.415625
4 0.8015625 0.4296875 0.9203125 0.4296875 0.9203125 0.5015625 0.8015625 0.5015625
7 0.3390625 0.2015625 0.4171875 0.2015625 0.4171875 0.3171875 0.3390625 0.3171875
7 0.440625 0.0921875 0.525 0.0921875 0.525 0.234375 0.440625 0.234375
4 0.796875 0.1234375 0.928125 0.1234375 0.928125 0.2265625 0.796875 0.2265625
7 0.2390625 0.409375 0.3390625 0.409375 0.3390625 0.5 0.2390625 0.5
4 0.6203125 0.11875 0.7171875 0.11875 0.7171875 0.23125 0.6203125 0.23125
4 0.4359375 0.3109375 0.5140625 0.3109375 0.5140625 0.40625 0.4359375 0.40625
7 0.4375 0.4140625 0.528125 0.4140625 0.528125 0.4984375 0.4375 0.4984375
1 0.346875 0.0984375 0.425 0.0984375 0.425 0.2171875 0.346875 0.2171875
4 0.3453125 0.784375 0.434375 0.784375 0.434375 0.90625 0.3453125 0.90625
1 0.1265625 0.4171875 0.234375 0.4171875 0.234375 0.5109375 0.1265625 0.5109375
4 0.803125 0.7796875 0.934375 0.7796875 0.934375 0.89375 0.803125 0.89375
1 0.434375 0.5109375 0.5234375 0.5109375 0.5234375 0.5859375 0.434375 0.5859375
4 0.7984375 0.4265625 0.9203125 0.4265625 0.9203125 0.5015625 0.7984375 0.5015625
1 0.7046875 0.2234375 0.834375 0.2234375 0.834375 0.3328125 0.7046875 0.3328125
4 0.615625 0.1203125 0.725 0.1203125 0.725 0.2359375 0.615625 0.2359375
1 0.6015625 0.5953125 0.7140625 0.5953125 0.7140625 0.684375 0.6015625 0.684375
4 0.79375 0.1171875 0.921875 0.1171875 0.921875 0.2390625 0.79375 0.2390625
1 0.525 0.7796875 0.63125 0.7796875 0.63125 0.9 0.525 0.9
4 0.4265625 0.315625 0.5296875 0.315625 0.5296875 0.409375 0.4265625 0.409375
1 0.121875 0.4171875 0.234375 0.4171875 0.234375 0.5125 0.121875 0.5125
1 0.45 0.7 0.528125 0.7 0.528125 0.7859375 0.45 0.7859375
1 0.34375 0.1046875 0.43125 0.1046875 0.43125 0.2265625 0.34375 0.2265625
1 0.596875 0.6 0.7125 0.6 0.7125 0.6828125 0.596875 0.6828125
1 0.43125 0.5109375 0.521875 0.5109375 0.521875 0.58125 0.43125 0.58125
1 0.70625 0.21875 0.8375 0.21875 0.8375 0.3296875 0.70625 0.3296875
1 0.525 0.775 0.621875 0.775 0.621875 0.8953125 0.525 0.8953125
1 0.434375 0.6828125 0.515625 0.6828125 0.515625 0.7875 0.434375 0.7875
1 0.121875 0.775 0.240625 0.775 0.240625 0.9234375 0.121875 0.9234375