11 0.8546875 0.303125 0.975 0.303125 0.975 0.38125 0.8546875 0.38125
11 0.8390625 0.4890625 0.959375 0.4890625 0.959375 0.55 0.8390625 0.55
11 0.7375 0.39375 0.84375 0.39375 0.84375 0.459375 0.7375 0.459375
11 0.721875 0.5703125 0.828125 0.5703125 0.828125 0.640625 0.721875 0.640625
11 0.6046875 0.478125 0.7015625 0.478125 0.7015625 0.55 0.6046875 0.55
11 0.5015625 0.4046875 0.5953125 0.4046875 0.5953125 0.4671875 0.5015625 0.4671875
11 0.5 0.565625 0.5890625 0.565625 0.5890625 0.6453125 0.5 0.6453125
11 0.3828125 0.303125 0.4734375 0.303125 0.4734375 0.378125 0.3828125 0.378125
11 0.284375 0.4078125 0.38125 0.4078125 0.38125 0.475 0.284375 0.475
11 0.271875 0.5734375 0.3703125 0.5734375 0.3703125 0.6453125 0.271875 0.6453125
11 0.025 0.56875 0.153125 0.56875 0.153125 0.646875 0.025 0.646875