10 0.73125 0.309375 0.8234375 0.309375 0.8234375 0.4125 0.73125 0.4125
10 0.55 0.3234375 0.640625 0.3234375 0.640625 0.4125 0.55 0.4125
10 0.375 0.509375 0.4609375 0.509375 0.4609375 0.584375 0.375 0.584375
10 0.2765625 0.4296875 0.3765625 0.4296875 0.3765625 0.5046875 0.2765625 0.5046875
10 0.184375 0.5109375 0.296875 0.5109375 0.296875 0.590625 0.184375 0.590625
10 0.36875 0.6828125 0.4625 0.6828125 0.4625 0.790625 0.36875 0.790625
10 0.18125 0.2484375 0.3 0.2484375 0.3 0.3421875 0.18125 0.3421875
10 0.634375 0.121875 0.7125 0.121875 0.7125 0.24375 0.634375 0.24375
10 0.18125 0.425 0.290625 0.425 0.290625 0.5125 0.18125 0.5125
7 0.4703125 0.771875 0.55625 0.771875 0.55625 0.8890625 0.4703125 0.8890625
7 0.628125 0.50625 0.728125 0.50625 0.728125 0.590625 0.628125 0.590625
7 0.4625 0.503125 0.55625 0.503125 0.55625 0.59375 0.4625 0.59375
7 0.265625 0.14375 0.36875 0.14375 0.36875 0.2484375 0.265625 0.2484375
7 0.3703125 0.6 0.4609375 0.6 0.4609375 0.6859375 0.3703125 0.6859375
7 0.55625 0.684375 0.6453125 0.684375 0.6453125 0.784375 0.55625 0.784375
7 0.078125 0.340625 0.2109375 0.340625 0.2109375 0.43125 0.078125 0.43125
7 0.2765625 0.5984375 0.375 0.5984375 0.375 0.6796875 0.2765625 0.6796875
4 0.5421875 0.128125 0.6265625 0.128125 0.6265625 0.2421875 0.5421875 0.2421875
4 0.08125 0.1578125 0.2046875 0.1578125 0.2046875 0.2515625 0.08125 0.2515625
4 0.09375 0.5125 0.209375 0.5125 0.209375 0.59375 0.09375 0.59375
4 0.09375 0.78125 0.20625 0.78125 0.20625 0.8875 0.09375 0.8875
4 0.2890625 0.7625 0.38125 0.7625 0.38125 0.8765625 0.2890625 0.8765625
4 0.4703125 0.603125 0.553125 0.603125 0.553125 0.6859375 0.4703125 0.6859375
1 0.7375 0.4875 0.840625 0.4875 0.840625 0.578125 0.7375 0.578125
1 0.721875 0.103125 0.821875 0.103125 0.821875 0.2359375 0.721875 0.2359375
1 0.459375 0.2375 0.5375 0.2375 0.5375 0.3296875 0.459375 0.3296875
1 0.2859375 0.3375 0.3796875 0.3375 0.3796875 0.425 0.2859375 0.425
1 0.46875 0.41875 0.5578125 0.41875 0.5578125 0.50625 0.46875 0.50625
1 0.18125 0.675 0.296875 0.675 0.296875 0.78125 0.18125 0.78125
1 0.5578125 0.771875 0.6390625 0.771875 0.6390625 0.8765625 0.5578125 0.8765625
1 0.3625 0.1375 0.4578125 0.1375 0.4578125 0.25 0.3625 0.25