8 0.1796875 0.80625 0.2734375 0.80625 0.2734375 0.90625 0.1796875 0.90625
8 0.0375 0.4328125 0.1734375 0.4328125 0.1734375 0.5078125 0.0375 0.5078125
8 0.0390625 0.1125 0.1578125 0.1125 0.1578125 0.2 0.0390625 0.2
8 0.1609375 0.2203125 0.2609375 0.2203125 0.2609375 0.3125 0.1609375 0.3125
8 0.159375 0.3375 0.2640625 0.3375 0.2640625 0.4078125 0.159375 0.4078125
8 0.2828125 0.2109375 0.3671875 0.2109375 0.3671875 0.30625 0.2828125 0.30625
8 0.4875 0.828125 0.578125 0.828125 0.578125 0.915625 0.4875 0.915625
8 0.4734375 0.309375 0.55 0.309375 0.55 0.4015625 0.4734375 0.4015625
8 0.590625 0.08125 0.68125 0.08125 0.68125 0.1875 0.590625 0.1875
8 0.5890625 0.3046875 0.6734375 0.3046875 0.6734375 0.3890625 0.5890625 0.3890625
8 0.59375 0.715625 0.66875 0.715625 0.66875 0.8125 0.59375 0.8125
8 0.809375 0.7328125 0.9125 0.7328125 0.9125 0.828125 0.809375 0.828125
8 0.790625 0.615625 0.89375 0.615625 0.89375 0.7046875 0.790625 0.7046875
8 0.6984375 0.4 0.8046875 0.4 0.8046875 0.496875 0.6984375 0.496875
8 0.809375 0.2 0.9125 0.2 0.9125 0.2875 0.809375 0.2875
8 0.8 0.0625 0.9109375 0.0625 0.9109375 0.16875 0.8 0.16875
2 0.1765625 0.6171875 0.275 0.6171875 0.275 0.715625 0.1765625 0.715625
2 0.271875 0.515625 0.378125 0.515625 0.378125 0.596875 0.271875 0.596875
2 0.2828125 0.4265625 0.3703125 0.4265625 0.3703125 0.5078125 0.2828125 0.5078125
2 0.3765625 0.096875 0.4671875 0.096875 0.4671875 0.18125 0.3765625 0.18125
2 0.040625 0.3125 0.16875 0.3125 0.16875 0.415625 0.040625 0.415625
2 0.271875 0.725 0.371875 0.725 0.371875 0.81875 0.271875 0.81875
2 0.3796875 0.71875 0.4765625 0.71875 0.4765625 0.8125 0.3796875 0.8125
2 0.4796875 0.6171875 0.5609375 0.6171875 0.5609375 0.6953125 0.4796875 0.6953125
2 0.478125 0.509375 0.5671875 0.509375 0.5671875 0.590625 0.478125 0.590625
2 0.59375 0.4140625 0.675 0.4140625 0.675 0.4953125 0.59375 0.4953125
2 0.4859375 0.2125 0.56875 0.2125 0.56875 0.2953125 0.4859375 0.2953125
2 0.6 0.8296875 0.6875 0.8296875 0.6875 0.959375 0.6 0.959375
2 0.69375 0.525 0.778125 0.525 0.778125 0.615625 0.69375 0.615625