11 0.50625 0.4640625 0.6 0.4640625 0.6 0.5296875 0.50625 0.5296875
11 0.596875 0.534375 0.69375 0.534375 0.69375 0.5984375 0.596875 0.5984375
11 0.59375 0.6015625 0.6890625 0.6015625 0.6890625 0.6671875 0.59375 0.6671875
11 0.2296875 0.465625 0.3171875 0.465625 0.3171875 0.53125 0.2296875 0.53125
9 0.8015625 0.328125 0.8875 0.328125 0.8875 0.3828125 0.8015625 0.3828125
9 0.5890625 0.2625 0.6625 0.2625 0.6625 0.328125 0.5890625 0.328125
9 0.5078125 0.334375 0.5890625 0.334375 0.5890625 0.3875 0.5078125 0.3875
9 0.4125 0.253125 0.490625 0.253125 0.490625 0.3109375 0.4125 0.3109375
9 0.334375 0.540625 0.403125 0.540625 0.403125 0.60625 0.334375 0.60625
9 0.328125 0.60625 0.4109375 0.60625 0.4109375 0.6609375 0.328125 0.6609375
9 0.515625 0.6640625 0.59375 0.6640625 0.59375 0.725 0.515625 0.725
9 0.509375 0.60625 0.6 0.60625 0.6 0.665625 0.509375 0.665625
9 0.3328125 0.6671875 0.4109375 0.6671875 0.4109375 0.7375 0.3328125 0.7375
9 0.6953125 0.6640625 0.778125 0.6640625 0.778125 0.7296875 0.6953125 0.7296875
9 0.6984375 0.6046875 0.76875 0.6046875 0.76875 0.6625 0.6984375 0.6625
8 0.7125 0.39375 0.8015625 0.39375 0.8015625 0.453125 0.7125 0.453125
8 0.51875 0.4015625 0.6 0.4015625 0.6 0.4546875 0.51875 0.4546875
8 0.2296875 0.5390625 0.3140625 0.5390625 0.3140625 0.603125 0.2296875 0.603125
7 0.7890625 0.4625 0.8953125 0.4625 0.8953125 0.534375 0.7890625 0.534375
7 0.796875 0.1625 0.9328125 0.1625 0.9328125 0.253125 0.796875 0.253125
6 0.7015625 0.4671875 0.7953125 0.4671875 0.7953125 0.528125 0.7015625 0.528125
6 0.7734375 0.534375 0.878125 0.534375 0.878125 0.6109375 0.7734375 0.6109375
6 0.4921875 0.540625 0.596875 0.540625 0.596875 0.60625 0.4921875 0.60625
6 0.4234375 0.5375 0.5078125 0.5375 0.5078125 0.60625 0.4234375 0.60625
6 0.140625 0.534375 0.228125 0.534375 0.228125 0.603125 0.140625 0.603125
5 0.6046875 0.3921875 0.6890625 0.3921875 0.6890625 0.4625 0.6046875 0.4625
5 0.3203125 0.259375 0.4125 0.259375 0.4125 0.321875 0.3203125 0.321875
3 0.415625 0.3984375 0.5125 0.3984375 0.5125 0.453125 0.415625 0.453125
3 0.3203125 0.396875 0.4203125 0.396875 0.4203125 0.4546875 0.3203125 0.4546875
3 0.409375 0.465625 0.4890625 0.465625 0.4890625 0.528125 0.409375 0.528125
3 0.5984375 0.465625 0.684375 0.465625 0.684375 0.528125 0.5984375 0.528125
3 0.778125 0.6765625 0.86875 0.6765625 0.86875 0.740625 0.778125 0.740625
3 0.2515625 0.68125 0.3328125 0.68125 0.3328125 0.740625 0.2515625 0.740625
3 0.2328125 0.6140625 0.3203125 0.6140625 0.3203125 0.6765625 0.2328125 0.6765625
2 0.43125 0.665625 0.5125 0.665625 0.5125 0.746875 0.43125 0.746875
2 0.13125 0.6640625 0.2171875 0.6640625 0.2171875 0.7484375 0.13125 0.7484375
2 0.415625 0.60625 0.5015625 0.60625 0.5015625 0.6671875 0.415625 0.6671875
0 0.7984375 0.6046875 0.890625 0.6046875 0.890625 0.6765625 0.7984375 0.6765625
0 0.7015625 0.55 0.7953125 0.55 0.7953125 0.6125 0.7015625 0.6125
0 0.7125 0.3328125 0.790625 0.3328125 0.790625 0.3984375 0.7125 0.3984375
0 0.621875 0.3296875 0.696875 0.3296875 0.696875 0.384375 0.621875 0.384375
0 0.0890625 0.1578125 0.2234375 0.1578125 0.2234375 0.234375 0.0890625 0.234375
0 0.3234375 0.4625 0.4140625 0.4625 0.4140625 0.528125 0.3234375 0.528125
0 0.6125 0.6734375 0.6875 0.6734375 0.6875 0.7484375 0.6125 0.7484375