5 0.140625 0.0125 0.2265625 0.0125 0.2265625 0.15625 0.140625 0.15625
5 0.2546875 0.1453125 0.3265625 0.1453125 0.3265625 0.2578125 0.2546875 0.2578125
3 0.1546875 0.390625 0.2390625 0.390625 0.2390625 0.4671875 0.1546875 0.4671875
3 0.253125 0.265625 0.325 0.265625 0.325 0.3515625 0.253125 0.3515625
3 0.1484375 0.15625 0.2265625 0.15625 0.2265625 0.240625 0.1484375 0.240625
3 0.6375 0.5875 0.7046875 0.5875 0.7046875 0.66875 0.6375 0.66875
3 0.7171875 0.4875 0.7796875 0.4875 0.7796875 0.565625 0.7171875 0.565625
3 0.71875 0.6890625 0.7828125 0.6890625 0.7828125 0.784375 0.71875 0.784375
3 0.640625 0.7765625 0.7078125 0.7765625 0.7078125 0.8765625 0.640625 0.8765625
2 0.565625 0.6765625 0.640625 0.6765625 0.640625 0.7671875 0.565625 0.7671875
2 0.490625 0.78125 0.565625 0.78125 0.565625 0.9109375 0.490625 0.9109375
2 0.4109375 0.703125 0.475 0.703125 0.475 0.8015625 0.4109375 0.8015625
0 0.4765625 0.159375 0.54375 0.159375 0.54375 0.26875 0.4765625 0.26875
0 0.6359375 0.16875 0.709375 0.16875 0.709375 0.26875 0.6359375 0.26875
0 0.490625 0.375 0.5546875 0.375 0.5546875 0.459375 0.490625 0.459375
0 0.15 0.5921875 0.234375 0.5921875 0.234375 0.703125 0.15 0.703125
0 0.33125 0.578125 0.4078125 0.578125 0.4078125 0.68125 0.33125 0.68125
0 0.1515625 0.8203125 0.240625 0.8203125 0.240625 0.9609375 0.1515625 0.9609375
0 0.496875 0.5921875 0.5609375 0.5921875 0.5609375 0.6828125 0.496875 0.6828125