3 0.6140625 0.7046875 0.6703125 0.7046875 0.6703125 0.790625 0.6140625 0.790625
3 0.53125 0.1734375 0.5765625 0.1734375 0.5765625 0.2625 0.53125 0.2625
3 0.621875 0.059375 0.6765625 0.059375 0.6765625 0.159375 0.621875 0.159375
3 0.14375 0.390625 0.2125 0.390625 0.2125 0.4625 0.14375 0.4625
3 0.121875 0.8109375 0.19375 0.8109375 0.19375 0.89375 0.121875 0.89375
3 0.2953125 0.7984375 0.3484375 0.7984375 0.3484375 0.8796875 0.2953125 0.8796875
3 0.3859375 0.69375 0.434375 0.69375 0.434375 0.759375 0.3859375 0.759375
4 0.4453125 0.70625 0.5109375 0.70625 0.5109375 0.8125 0.4453125 0.8125
9 0.20625 0.7140625 0.271875 0.7140625 0.271875 0.8 0.20625 0.8
9 0.2203125 0.403125 0.28125 0.403125 0.28125 0.4734375 0.2203125 0.4734375
9 0.2203125 0.2828125 0.284375 0.2828125 0.284375 0.353125 0.2203125 0.353125
9 0.303125 0.184375 0.3640625 0.184375 0.3640625 0.2640625 0.303125 0.2640625
1 0.453125 0.490625 0.5171875 0.490625 0.5171875 0.5765625 0.453125 0.5765625
1 0.2734375 0.490625 0.3671875 0.490625 0.3671875 0.56875 0.2734375 0.56875
1 0.6203125 0.25 0.69375 0.25 0.69375 0.365625 0.6203125 0.365625
1 0.3625 0.15 0.4390625 0.15 0.4390625 0.2765625 0.3625 0.2765625
2 0.6984375 0.28125 0.775 0.28125 0.775 0.371875 0.6984375 0.371875
2 0.290625 0.3859375 0.3640625 0.3859375 0.3640625 0.4640625 0.290625 0.4640625
2 0.109375 0.496875 0.209375 0.496875 0.209375 0.5765625 0.109375 0.5765625
2 0.45 0.0578125 0.515625 0.0578125 0.515625 0.159375 0.45 0.159375
6 0.6078125 0.5078125 0.6703125 0.5078125 0.6703125 0.5828125 0.6078125 0.5828125
6 0.534375 0.396875 0.59375 0.396875 0.59375 0.4671875 0.534375 0.4671875
6 0.1890625 0.5953125 0.28125 0.5953125 0.28125 0.6671875 0.1890625 0.6671875
6 0.6125 0.821875 0.6796875 0.821875 0.6796875 0.9171875 0.6125 0.9171875
11 0.3703125 0.6015625 0.4359375 0.6015625 0.4359375 0.68125 0.3703125 0.68125
11 0.696875 0.4 0.775 0.4 0.775 0.4828125 0.696875 0.4828125
11 0.690625 0.0453125 0.7609375 0.0453125 0.7609375 0.1625 0.690625 0.1625
5 0.2015625 0.1546875 0.2859375 0.1546875 0.2859375 0.259375 0.2015625 0.259375
5 0.69375 0.7078125 0.7765625 0.7078125 0.7765625 0.8109375 0.69375 0.8109375
0 0.3015625 0.046875 0.3671875 0.046875 0.3671875 0.15625 0.3015625 0.15625
0 0.29375 0.28125 0.365625 0.28125 0.365625 0.3671875 0.29375 0.3671875
8 0.45 0.2828125 0.51875 0.2828125 0.51875 0.3703125 0.45 0.3703125
8 0.365625 0.8046875 0.4375 0.8046875 0.4375 0.9046875 0.365625 0.9046875
10 0.36875 0.48125 0.4421875 0.48125 0.4421875 0.58125 0.36875 0.58125