3 0.121875 0.79375 0.2046875 0.79375 0.2046875 0.8625 0.121875 0.8625
3 0.2328125 0.3328125 0.3046875 0.3328125 0.3046875 0.3859375 0.2328125 0.3859375
3 0.3421875 0.4046875 0.409375 0.4046875 0.409375 0.45625 0.3421875 0.45625
3 0.4359375 0.484375 0.4984375 0.484375 0.4984375 0.5390625 0.4359375 0.5390625
3 0.5390625 0.55625 0.603125 0.55625 0.603125 0.6125 0.5390625 0.6125
3 0.64375 0.625 0.7171875 0.625 0.7171875 0.678125 0.64375 0.678125
3 0.740625 0.7078125 0.8203125 0.7078125 0.8203125 0.7734375 0.740625 0.7734375
0 0.4375 0.55 0.50625 0.55 0.50625 0.603125 0.4375 0.603125
0 0.3296875 0.6296875 0.4046875 0.6296875 0.4046875 0.7 0.3296875 0.7
1 0.6359375 0.5453125 0.7328125 0.5453125 0.7328125 0.61875 0.6359375 0.61875
1 0.53125 0.4796875 0.621875 0.4796875 0.621875 0.5421875 0.53125 0.5421875
1 0.434375 0.4 0.5203125 0.4 0.5203125 0.46875 0.434375 0.46875
1 0.2265625 0.228125 0.325 0.228125 0.325 0.315625 0.2265625 0.315625
2 0.734375 0.4859375 0.828125 0.4859375 0.828125 0.5453125 0.734375 0.5453125
2 0.6359375 0.403125 0.7203125 0.403125 0.7203125 0.4703125 0.6359375 0.4703125
2 0.73125 0.321875 0.8265625 0.321875 0.8265625 0.3890625 0.73125 0.3890625
2 0.834375 0.2265625 0.940625 0.2265625 0.940625 0.3015625 0.834375 0.3015625
4 0.3328125 0.31875 0.428125 0.31875 0.428125 0.3875 0.3328125 0.3875
5 0.21875 0.70625 0.3140625 0.70625 0.3140625 0.790625 0.21875 0.790625
5 0.321875 0.4828125 0.4 0.4828125 0.4 0.5375 0.321875 0.5375