3 0.1375 0.121875 0.20625 0.121875 0.20625 0.2046875 0.1375 0.2046875
3 0.6140625 0.2328125 0.6671875 0.2328125 0.6671875 0.3046875 0.6140625 0.3046875
3 0.54375 0.340625 0.5953125 0.340625 0.5953125 0.409375 0.54375 0.409375
3 0.4609375 0.4359375 0.515625 0.4359375 0.515625 0.4984375 0.4609375 0.4984375
3 0.3875 0.5390625 0.44375 0.5390625 0.44375 0.603125 0.3875 0.603125
3 0.321875 0.64375 0.375 0.64375 0.375 0.7171875 0.321875 0.7171875
3 0.2265625 0.7390625 0.2921875 0.7390625 0.2921875 0.8203125 0.2265625 0.8203125
0 0.3953125 0.4390625 0.4515625 0.4390625 0.4515625 0.50625 0.3953125 0.50625
0 0.3 0.3296875 0.3703125 0.3296875 0.3703125 0.403125 0.3 0.403125
1 0.38125 0.6359375 0.4546875 0.6359375 0.4546875 0.73125 0.38125 0.73125
1 0.4578125 0.5296875 0.5203125 0.5296875 0.5203125 0.621875 0.4578125 0.621875
1 0.5296875 0.434375 0.6 0.434375 0.6 0.5203125 0.5296875 0.5203125
1 0.684375 0.225 0.771875 0.225 0.771875 0.325 0.684375 0.325
2 0.4546875 0.7328125 0.5140625 0.7328125 0.5140625 0.8296875 0.4546875 0.8296875
2 0.5296875 0.634375 0.5984375 0.634375 0.5984375 0.721875 0.5296875 0.721875
2 0.609375 0.73125 0.6796875 0.73125 0.6796875 0.8265625 0.609375 0.8265625
2 0.6984375 0.834375 0.7734375 0.834375 0.7734375 0.9390625 0.6984375 0.9390625
4 0.6125 0.334375 0.68125 0.334375 0.68125 0.428125 0.6125 0.428125
5 0.209375 0.21875 0.29375 0.21875 0.29375 0.315625 0.209375 0.315625
5 0.4609375 0.321875 0.5171875 0.321875 0.5171875 0.4 0.4609375 0.4