6 0.1078125 0.2765625 0.2046875 0.2765625 0.2046875 0.3515625 0.1078125 0.3515625
6 0.1078125 0.6890625 0.2 0.6890625 0.2 0.7765625 0.1078125 0.7765625
6 0.31875 0.6046875 0.4 0.6046875 0.4 0.6734375 0.31875 0.6734375
6 0.425 0.36875 0.5078125 0.36875 0.5078125 0.4359375 0.425 0.4359375
6 0.325 0.4453125 0.4109375 0.4453125 0.4109375 0.5265625 0.325 0.5265625
11 0.065625 0.1765625 0.1875 0.1765625 0.1875 0.2703125 0.065625 0.2703125
11 0.078125 0.7828125 0.1953125 0.7828125 0.1953125 0.8703125 0.078125 0.8703125
11 0.3234375 0.365625 0.4234375 0.365625 0.4234375 0.434375 0.3234375 0.434375
11 0.421875 0.2890625 0.51875 0.2890625 0.51875 0.353125 0.421875 0.353125
8 0.321875 0.184375 0.40625 0.184375 0.40625 0.2765625 0.321875 0.2765625
8 0.084375 0.3578125 0.1921875 0.3578125 0.1921875 0.440625 0.084375 0.440625
8 0.0828125 0.5921875 0.190625 0.5921875 0.190625 0.675 0.0828125 0.675
8 0.328125 0.7546875 0.41875 0.7546875 0.41875 0.8625 0.328125 0.8625
7 0.071875 0.4375 0.2 0.4375 0.2 0.5171875 0.071875 0.5171875
9 0.2109375 0.2 0.3015625 0.2 0.3015625 0.278125 0.2109375 0.278125
9 0.2171875 0.284375 0.3015625 0.284375 0.3015625 0.35 0.2171875 0.35
9 0.2171875 0.3640625 0.309375 0.3640625 0.309375 0.4359375 0.2171875 0.4359375
9 0.2125 0.4421875 0.296875 0.4421875 0.296875 0.5125 0.2125 0.5125
9 0.215625 0.528125 0.303125 0.528125 0.303125 0.5875 0.215625 0.5875
9 0.2171875 0.5953125 0.3015625 0.5953125 0.3015625 0.6671875 0.2171875 0.6671875
9 0.2109375 0.690625 0.29375 0.690625 0.29375 0.75 0.2109375 0.75
9 0.225 0.75625 0.30625 0.75625 0.30625 0.840625 0.225 0.840625
9 0.321875 0.6828125 0.40625 0.6828125 0.40625 0.746875 0.321875 0.746875
9 0.3265625 0.29375 0.4015625 0.29375 0.4015625 0.3578125 0.3265625 0.3578125
9 0.4265625 0.215625 0.51875 0.215625 0.51875 0.28125 0.4265625 0.28125
3 0.721875 0.215625 0.796875 0.215625 0.796875 0.278125 0.721875 0.278125
3 0.734375 0.2921875 0.815625 0.2921875 0.815625 0.35 0.734375 0.35
3 0.728125 0.38125 0.8125 0.38125 0.8125 0.440625 0.728125 0.440625
3 0.7234375 0.4546875 0.803125 0.4546875 0.803125 0.5171875 0.7234375 0.5171875
3 0.721875 0.6015625 0.8125 0.6015625 0.8125 0.6609375 0.721875 0.6609375
3 0.7375 0.66875 0.8125 0.66875 0.8125 0.734375 0.7375 0.734375
5 0.840625 0.203125 0.95 0.203125 0.95 0.2890625 0.840625 0.2890625
5 0.8328125 0.7421875 0.94375 0.7421875 0.94375 0.8328125 0.8328125 0.8328125
3 0.746875 0.7625 0.825 0.7625 0.825 0.840625 0.746875 0.840625
2 0.84375 0.3734375 0.940625 0.3734375 0.940625 0.4453125 0.84375 0.4453125
2 0.828125 0.51875 0.940625 0.51875 0.940625 0.5875 0.828125 0.5875
2 0.8234375 0.6015625 0.9578125 0.6015625 0.9578125 0.671875 0.8234375 0.671875
0 0.828125 0.290625 0.940625 0.290625 0.940625 0.3578125 0.828125 0.3578125
0 0.8328125 0.446875 0.9484375 0.446875 0.9484375 0.509375 0.8328125 0.509375
0 0.8234375 0.665625 0.9484375 0.665625 0.9484375 0.7484375 0.8234375 0.7484375
0 0.625 0.590625 0.7265625 0.590625 0.7265625 0.6625 0.625 0.6625
0 0.7375 0.51875 0.825 0.51875 0.825 0.590625 0.7375 0.590625
0 0.63125 0.665625 0.721875 0.665625 0.721875 0.74375 0.63125 0.74375
0 0.634375 0.7421875 0.7484375 0.7421875 0.7484375 0.84375 0.634375 0.84375