10 0.4125 0.403125 0.49375 0.403125 0.49375 0.5 0.4125 0.5
10 0.4984375 0.3265625 0.5875 0.3265625 0.5875 0.415625 0.4984375 0.415625
10 0.209375 0.221875 0.3125 0.221875 0.3125 0.3109375 0.209375 0.3109375
10 0.08125 0.1046875 0.209375 0.1046875 0.209375 0.2140625 0.08125 0.2140625
10 0.1 0.4046875 0.21875 0.4046875 0.21875 0.496875 0.1 0.496875
10 0.7671875 0.603125 0.8921875 0.603125 0.8921875 0.7078125 0.7671875 0.7078125
10 0.6015625 0.4234375 0.6984375 0.4234375 0.6984375 0.4953125 0.6015625 0.4953125
10 0.503125 0.6890625 0.5890625 0.6890625 0.5890625 0.8109375 0.503125 0.8109375
10 0.196875 0.4109375 0.3125 0.4109375 0.3125 0.4984375 0.196875 0.4984375
7 0.1125 0.7734375 0.2125 0.7734375 0.2125 0.90625 0.1125 0.90625
7 0.3140625 0.7578125 0.40625 0.7578125 0.40625 0.9015625 0.3140625 0.9015625
7 0.40625 0.584375 0.4921875 0.584375 0.4921875 0.69375 0.40625 0.69375
7 0.3140625 0.3203125 0.40625 0.3203125 0.40625 0.4046875 0.3140625 0.4046875
7 0.496875 0.096875 0.575 0.096875 0.575 0.2234375 0.496875 0.2234375
7 0.76875 0.778125 0.871875 0.778125 0.871875 0.903125 0.76875 0.903125
7 0.5953125 0.2234375 0.6953125 0.2234375 0.6953125 0.3171875 0.5953125 0.3171875
7 0.5859375 0.59375 0.6828125 0.59375 0.6828125 0.696875 0.5859375 0.696875
4 0.50625 0.503125 0.5828125 0.503125 0.5828125 0.6015625 0.50625 0.6015625
4 0.6828125 0.31875 0.7875 0.31875 0.7875 0.409375 0.6828125 0.409375
4 0.7765625 0.4265625 0.8953125 0.4265625 0.8953125 0.509375 0.7765625 0.509375
4 0.671875 0.775 0.7796875 0.775 0.7796875 0.9125 0.671875 0.9125
4 0.2953125 0.10625 0.3953125 0.10625 0.3953125 0.2140625 0.2953125 0.2140625
4 0.078125 0.2234375 0.2125 0.2234375 0.2125 0.3078125 0.078125 0.3078125
1 0.1046875 0.596875 0.2328125 0.596875 0.2328125 0.703125 0.1046875 0.703125
1 0.2140625 0.678125 0.31875 0.678125 0.31875 0.7984375 0.2140625 0.7984375
1 0.3125 0.509375 0.409375 0.509375 0.409375 0.60625 0.3125 0.60625
1 0.4140625 0.3234375 0.4921875 0.3234375 0.4921875 0.4015625 0.4140625 0.4015625
1 0.6875 0.5109375 0.7890625 0.5109375 0.7890625 0.609375 0.6875 0.609375
1 0.7734375 0.2234375 0.9015625 0.2234375 0.9015625 0.3109375 0.7734375 0.3109375
1 0.784375 0.0875 0.9234375 0.0875 0.9234375 0.215625 0.784375 0.215625
1 0.6765625 0.690625 0.7828125 0.690625 0.7828125 0.80625 0.6765625 0.80625