10 0.3265625 0.234375 0.4 0.234375 0.4 0.30625 0.3265625 0.30625
10 0.4203125 0.228125 0.49375 0.228125 0.49375 0.309375 0.4203125 0.309375
10 0.590625 0.2390625 0.68125 0.2390625 0.68125 0.3140625 0.590625 0.3140625
10 0.746875 0.6921875 0.85625 0.6921875 0.85625 0.771875 0.746875 0.771875
10 0.5015625 0.69375 0.58125 0.69375 0.58125 0.7703125 0.5015625 0.7703125
10 0.340625 0.696875 0.415625 0.696875 0.415625 0.784375 0.340625 0.784375
10 0.25625 0.7015625 0.321875 0.7015625 0.321875 0.784375 0.25625 0.784375
7 0.159375 0.70625 0.2375 0.70625 0.2375 0.7859375 0.159375 0.7859375
7 0.5921875 0.690625 0.6859375 0.690625 0.6859375 0.7625 0.5921875 0.7625
7 0.2359375 0.221875 0.321875 0.221875 0.321875 0.30625 0.2359375 0.30625
7 0.75625 0.2390625 0.8609375 0.2390625 0.8609375 0.30625 0.75625 0.30625
7 0.4265625 0.63125 0.5015625 0.63125 0.5015625 0.7 0.4265625 0.7
6 0.171875 0.6484375 0.240625 0.6484375 0.240625 0.70625 0.171875 0.70625
6 0.2609375 0.6484375 0.3296875 0.6484375 0.3296875 0.7015625 0.2609375 0.7015625
6 0.346875 0.6296875 0.409375 0.6296875 0.409375 0.69375 0.346875 0.69375
6 0.1546875 0.446875 0.2390625 0.446875 0.2390625 0.5015625 0.1546875 0.5015625
9 0.2546875 0.4546875 0.3140625 0.4546875 0.3140625 0.5 0.2546875 0.5
9 0.346875 0.4546875 0.4 0.4546875 0.4 0.4984375 0.346875 0.4984375
9 0.428125 0.453125 0.490625 0.453125 0.490625 0.496875 0.428125 0.496875
9 0.5046875 0.4484375 0.5765625 0.4484375 0.5765625 0.4921875 0.5046875 0.4921875
9 0.59375 0.4453125 0.6625 0.4453125 0.6625 0.4921875 0.59375 0.4921875
9 0.6671875 0.6296875 0.7359375 0.6296875 0.7359375 0.6796875 0.6671875 0.6796875
9 0.6765625 0.5765625 0.7515625 0.5765625 0.7515625 0.61875 0.6765625 0.61875
9 0.678125 0.5078125 0.7453125 0.5078125 0.7453125 0.5546875 0.678125 0.5546875
9 0.6828125 0.4484375 0.740625 0.4484375 0.740625 0.490625 0.6828125 0.490625
9 0.6703125 0.3828125 0.740625 0.3828125 0.740625 0.428125 0.6703125 0.428125
9 0.6828125 0.321875 0.7484375 0.321875 0.7484375 0.36875 0.6828125 0.36875
4 0.4265625 0.70625 0.496875 0.70625 0.496875 0.784375 0.4265625 0.784375
4 0.6734375 0.6921875 0.7671875 0.6921875 0.7671875 0.7640625 0.6734375 0.7640625
4 0.675 0.2390625 0.771875 0.2390625 0.771875 0.30625 0.675 0.30625
4 0.5046875 0.234375 0.5921875 0.234375 0.5921875 0.3109375 0.5046875 0.3109375
1 0.1171875 0.2203125 0.2109375 0.2203125 0.2109375 0.2984375 0.1171875 0.2984375