10 0.08125 0.45 0.2 0.45 0.2 0.5234375 0.08125 0.5234375
10 0.1859375 0.7296875 0.3078125 0.7296875 0.3078125 0.8296875 0.1859375 0.8296875
10 0.6859375 0.446875 0.778125 0.446875 0.778125 0.53125 0.6859375 0.53125
8 0.2203125 0.265625 0.2953125 0.265625 0.2953125 0.346875 0.2203125 0.346875
8 0.4890625 0.271875 0.553125 0.271875 0.553125 0.340625 0.4890625 0.340625
8 0.2296875 0.5546875 0.309375 0.5546875 0.309375 0.6265625 0.2296875 0.6265625
8 0.3109375 0.259375 0.390625 0.259375 0.390625 0.33125 0.3109375 0.33125
8 0.225 0.8203125 0.3046875 0.8203125 0.3046875 0.9203125 0.225 0.9203125
6 0.4953125 0.371875 0.55625 0.371875 0.55625 0.4296875 0.4953125 0.4296875
6 0.61875 0.1546875 0.675 0.1546875 0.675 0.2390625 0.61875 0.2390625
6 0.31875 0.7359375 0.3890625 0.7359375 0.3890625 0.8109375 0.31875 0.8109375
6 0.3265625 0.175 0.3984375 0.175 0.3984375 0.253125 0.3265625 0.253125
6 0.2078125 0.36875 0.2890625 0.36875 0.2890625 0.4296875 0.2078125 0.4296875
6 0.31875 0.390625 0.3828125 0.390625 0.3828125 0.4484375 0.31875 0.4484375
9 0.40625 0.371875 0.4578125 0.371875 0.4578125 0.421875 0.40625 0.421875
11 0.575 0.734375 0.6390625 0.734375 0.6390625 0.8171875 0.575 0.8171875
11 0.51875 0.828125 0.578125 0.828125 0.578125 0.9140625 0.51875 0.9140625
11 0.4921875 0.175 0.55625 0.175 0.55625 0.25 0.4921875 0.25
11 0.328125 0.6296875 0.403125 0.6296875 0.403125 0.70625 0.328125 0.70625
7 0.503125 0.6421875 0.575 0.6421875 0.575 0.728125 0.503125 0.728125
7 0.1796875 0.640625 0.2859375 0.640625 0.2859375 0.728125 0.1796875 0.728125
7 0.0984375 0.1765625 0.2140625 0.1765625 0.2140625 0.275 0.0984375 0.275
0 0.1171875 0.3578125 0.2109375 0.3578125 0.2109375 0.415625 0.1171875 0.415625
2 0.4171875 0.26875 0.4828125 0.26875 0.4828125 0.346875 0.4171875 0.346875
2 0.609375 0.828125 0.678125 0.828125 0.678125 0.9109375 0.609375 0.9109375
2 0.5921875 0.5375 0.65625 0.5375 0.65625 0.6 0.5921875 0.6
2 0.603125 0.4578125 0.66875 0.4578125 0.66875 0.521875 0.603125 0.521875
0 0.3984375 0.6390625 0.4609375 0.6390625 0.4609375 0.709375 0.3984375 0.709375
0 0.678125 0.55 0.7453125 0.55 0.7453125 0.6125 0.678125 0.6125
0 0.59375 0.2671875 0.6484375 0.2671875 0.6484375 0.346875 0.59375 0.346875
5 0.2890625 0.46875 0.3609375 0.46875 0.3609375 0.525 0.2890625 0.525
5 0.6890625 0.2703125 0.7609375 0.2703125 0.7609375 0.3453125 0.6890625 0.3453125
5 0.6859375 0.3765625 0.753125 0.3765625 0.753125 0.4453125 0.6859375 0.4453125
5 0.509375 0.546875 0.5703125 0.546875 0.5703125 0.6078125 0.509375 0.6078125
5 0.4125 0.734375 0.484375 0.734375 0.484375 0.8125 0.4125 0.8125
5 0.503125 0.725 0.56875 0.725 0.56875 0.80625 0.503125 0.80625
4 0.5921875 0.36875 0.6671875 0.36875 0.6671875 0.4390625 0.5921875 0.4390625
4 0.396875 0.55 0.48125 0.55 0.48125 0.621875 0.396875 0.621875
4 0.40625 0.4578125 0.4921875 0.4578125 0.4921875 0.525 0.40625 0.525
3 0.6125 0.646875 0.665625 0.646875 0.665625 0.7015625 0.6125 0.7015625
1 0.6953125 0.140625 0.7875 0.140625 0.7875 0.25 0.6953125 0.25
1 0.6828125 0.64375 0.775 0.64375 0.775 0.7375 0.6828125 0.7375
0 0.68125 0.759375 0.7453125 0.759375 0.7453125 0.8390625 0.68125 0.8390625
1 0.5046875 0.4640625 0.5765625 0.4640625 0.5765625 0.534375 0.5046875 0.534375
3 0.321875 0.54375 0.38125 0.54375 0.38125 0.6046875 0.321875 0.6046875
8 0.20625 0.4609375 0.284375 0.4609375 0.284375 0.525 0.20625 0.525