0 0.728125 0.1609375 0.8109375 0.1609375 0.8109375 0.2625 0.728125 0.2625
0 0.43125 0.3859375 0.4859375 0.3859375 0.4859375 0.4703125 0.43125 0.4703125
1 0.5125 0.58125 0.571875 0.58125 0.571875 0.6796875 0.5125 0.6796875
1 0.571875 0.375 0.65 0.375 0.65 0.471875 0.571875 0.471875
1 0.3328125 0.378125 0.4046875 0.378125 0.4046875 0.471875 0.3328125 0.471875
1 0.6015625 0.00625 0.68125 0.00625 0.68125 0.146875 0.6015625 0.146875
2 0.346875 0.8109375 0.4125 0.8109375 0.4125 0.921875 0.346875 0.921875
2 0.590625 0.6828125 0.6515625 0.6828125 0.6515625 0.778125 0.590625 0.778125
2 0.4296875 0.5859375 0.4921875 0.5859375 0.4921875 0.68125 0.4296875 0.68125
2 0.440625 0.79375 0.4984375 0.79375 0.4984375 0.89375 0.440625 0.89375
3 0.3453125 0.5953125 0.409375 0.5953125 0.409375 0.671875 0.3453125 0.671875
3 0.275 0.390625 0.328125 0.390625 0.328125 0.45625 0.275 0.45625
3 0.2703125 0.284375 0.3265625 0.284375 0.3265625 0.3578125 0.2703125 0.3578125
3 0.4234375 0.2859375 0.4796875 0.2859375 0.4796875 0.3515625 0.4234375 0.3515625
3 0.584375 0.4921875 0.6359375 0.4921875 0.6359375 0.5765625 0.584375 0.5765625
3 0.7453125 0.7 0.8125 0.7 0.8125 0.7765625 0.7453125 0.7765625
3 0.1796875 0.171875 0.2453125 0.171875 0.2453125 0.25 0.1796875 0.25
4 0.246875 0.7015625 0.328125 0.7015625 0.328125 0.8171875 0.246875 0.8171875
5 0.5046875 0.3765625 0.5609375 0.3765625 0.5609375 0.465625 0.5046875 0.465625
5 0.59375 0.1625 0.6625 0.1625 0.6625 0.25625 0.59375 0.25625
6 0.665625 0.4734375 0.7328125 0.4734375 0.7328125 0.575 0.665625 0.575
6 0.7453125 0.4765625 0.8234375 0.4765625 0.8234375 0.5703125 0.7453125 0.5703125
6 0.5078125 0.7 0.5671875 0.7 0.5671875 0.7890625 0.5078125 0.7890625
6 0.5125 0.1625 0.56875 0.1625 0.56875 0.246875 0.5125 0.246875
8 0.6609375 0.59375 0.7328125 0.59375 0.7328125 0.6828125 0.6609375 0.6828125
9 0.184375 0.4953125 0.2484375 0.4953125 0.2484375 0.58125 0.184375 0.58125
9 0.3484375 0.5 0.40625 0.5 0.40625 0.565625 0.3484375 0.565625
8 0.3390625 0.0359375 0.396875 0.0359375 0.396875 0.1515625 0.3390625 0.1515625
9 0.4390625 0.4953125 0.490625 0.4953125 0.490625 0.559375 0.4390625 0.559375
10 0.73125 0.375 0.8390625 0.375 0.8390625 0.45625 0.73125 0.45625
9 0.6640625 0.821875 0.7140625 0.821875 0.7140625 0.9109375 0.6640625 0.9109375
11 0.259375 0.509375 0.328125 0.509375 0.328125 0.584375 0.259375 0.584375
11 0.159375 0.278125 0.2421875 0.278125 0.2421875 0.3609375 0.159375 0.3609375
11 0.340625 0.7 0.403125 0.7 0.403125 0.796875 0.340625 0.796875