1 0.471875 0.4875 0.528125 0.4875 0.528125 0.5625 0.471875 0.5625
4 0.59375 0.3890625 0.6640625 0.3890625 0.6640625 0.484375 0.59375 0.484375
4 0.4640625 0.3 0.5234375 0.3 0.5234375 0.396875 0.4640625 0.396875
4 0.33125 0.7453125 0.3984375 0.7453125 0.3984375 0.834375 0.33125 0.834375
4 0.2515625 0.7359375 0.3265625 0.7359375 0.3265625 0.8390625 0.2515625 0.8390625
6 0.265625 0.575 0.3265625 0.575 0.3265625 0.64375 0.265625 0.64375
6 0.4046875 0.7484375 0.4578125 0.7484375 0.4578125 0.825 0.4046875 0.825
6 0.6625 0.6625 0.7265625 0.6625 0.7265625 0.734375 0.6625 0.734375
7 0.6703125 0.490625 0.7203125 0.490625 0.7203125 0.5625 0.6703125 0.5625
7 0.7375 0.1234375 0.8171875 0.1234375 0.8171875 0.24375 0.7375 0.24375
7 0.725 0.4875 0.815625 0.4875 0.815625 0.5625 0.725 0.5625
7 0.33125 0.478125 0.3984375 0.478125 0.3984375 0.5578125 0.33125 0.5578125
7 0.265625 0.384375 0.334375 0.384375 0.334375 0.4796875 0.265625 0.4796875
7 0.53125 0.3 0.603125 0.3 0.603125 0.403125 0.53125 0.403125
9 0.28125 0.2421875 0.340625 0.2421875 0.340625 0.3078125 0.28125 0.3078125
9 0.3453125 0.2390625 0.403125 0.2390625 0.403125 0.315625 0.3453125 0.315625
9 0.3515625 0.328125 0.396875 0.328125 0.396875 0.39375 0.3515625 0.39375
9 0.4125 0.415625 0.4625 0.415625 0.4625 0.46875 0.4125 0.46875
9 0.478125 0.24375 0.528125 0.24375 0.528125 0.309375 0.478125 0.309375
9 0.5953125 0.240625 0.6515625 0.240625 0.6515625 0.321875 0.5953125 0.321875
9 0.7203125 0.24375 0.7734375 0.24375 0.7734375 0.315625 0.7203125 0.315625
9 0.590625 0.5171875 0.640625 0.5171875 0.640625 0.5734375 0.590625 0.5734375
9 0.53125 0.584375 0.584375 0.584375 0.584375 0.640625 0.53125 0.640625
9 0.5984375 0.6625 0.6515625 0.6625 0.6515625 0.734375 0.5984375 0.734375
9 0.5890625 0.753125 0.6453125 0.753125 0.6453125 0.8234375 0.5890625 0.8234375
10 0.265625 0.1046875 0.34375 0.1046875 0.34375 0.2203125 0.265625 0.2203125
10 0.740625 0.5765625 0.8359375 0.5765625 0.8359375 0.6625 0.740625 0.6625
10 0.7296875 0.7453125 0.8265625 0.7453125 0.8265625 0.8421875 0.7296875 0.8421875
10 0.46875 0.65 0.525 0.65 0.525 0.7375 0.46875 0.7375
10 0.4 0.65625 0.4625 0.65625 0.4625 0.740625 0.4 0.740625
10 0.659375 0.1234375 0.73125 0.1234375 0.73125 0.234375 0.659375 0.234375
10 0.7171875 0.3015625 0.8 0.3015625 0.8 0.3984375 0.7171875 0.3984375