10 0.5890625 0.6546875 0.6734375 0.6546875 0.6734375 0.7359375 0.5890625 0.7359375
10 0.6671875 0.653125 0.771875 0.653125 0.771875 0.7359375 0.6671875 0.7359375
10 0.5828125 0.55 0.6671875 0.55 0.6671875 0.634375 0.5828125 0.634375
10 0.3890625 0.375 0.4796875 0.375 0.4796875 0.4703125 0.3890625 0.4703125
10 0.6640625 0.18125 0.753125 0.18125 0.753125 0.2796875 0.6640625 0.2796875
10 0.471875 0.071875 0.5625 0.071875 0.5625 0.2015625 0.471875 0.2015625
10 0.6515625 0.0703125 0.746875 0.0703125 0.746875 0.1921875 0.6515625 0.1921875
10 0.08125 0.178125 0.20625 0.178125 0.20625 0.2859375 0.08125 0.2859375
10 0.184375 0.3609375 0.2890625 0.3609375 0.2890625 0.4609375 0.184375 0.4609375
7 0.490625 0.5625 0.575 0.5625 0.575 0.6390625 0.490625 0.6390625
7 0.1953125 0.5671875 0.2984375 0.5671875 0.2984375 0.6546875 0.1953125 0.6546875
7 0.196875 0.6484375 0.3015625 0.6484375 0.3015625 0.7578125 0.196875 0.7578125
7 0.296875 0.3734375 0.38125 0.3734375 0.38125 0.4609375 0.296875 0.4609375
7 0.3953125 0.465625 0.4875 0.465625 0.4875 0.55625 0.3953125 0.55625
7 0.4703125 0.371875 0.575 0.371875 0.575 0.46875 0.4703125 0.46875
7 0.5640625 0.16875 0.653125 0.16875 0.653125 0.2765625 0.5640625 0.2765625
7 0.6578125 0.46875 0.75625 0.46875 0.75625 0.553125 0.6578125 0.553125
4 0.0953125 0.2734375 0.2171875 0.2734375 0.2171875 0.371875 0.0953125 0.371875
4 0.1921875 0.4765625 0.296875 0.4765625 0.296875 0.5625 0.1921875 0.5625
4 0.303125 0.475 0.38125 0.475 0.38125 0.5546875 0.303125 0.5546875
4 0.390625 0.278125 0.478125 0.278125 0.478125 0.3703125 0.390625 0.3703125
4 0.74375 0.3640625 0.859375 0.3640625 0.859375 0.4515625 0.74375 0.4515625
1 0.19375 0.0734375 0.3046875 0.0734375 0.3046875 0.2046875 0.19375 0.2046875
1 0.09375 0.5640625 0.20625 0.5640625 0.20625 0.646875 0.09375 0.646875
1 0.396875 0.5640625 0.484375 0.5640625 0.484375 0.6484375 0.396875 0.6484375
1 0.3953125 0.6546875 0.4890625 0.6546875 0.4890625 0.75 0.3953125 0.75
1 0.1984375 0.740625 0.3046875 0.740625 0.3046875 0.853125 0.1984375 0.853125
1 0.39375 0.7484375 0.484375 0.7484375 0.484375 0.8546875 0.39375 0.8546875
1 0.7625 0.7390625 0.8828125 0.7390625 0.8828125 0.8484375 0.7625 0.8484375
1 0.5703125 0.359375 0.66875 0.359375 0.66875 0.4609375 0.5703125 0.4609375
1 0.5796875 0.271875 0.6640625 0.271875 0.6640625 0.3703125 0.5796875 0.3703125