11 0.2859375 0.6140625 0.3578125 0.6140625 0.3578125 0.671875 0.2859375 0.671875
11 0.378125 0.4828125 0.446875 0.4828125 0.446875 0.53125 0.378125 0.53125
11 0.4578125 0.4703125 0.5375 0.4703125 0.5375 0.5265625 0.4578125 0.5265625
11 0.715625 0.4078125 0.796875 0.4078125 0.796875 0.4640625 0.715625 0.4640625
9 0.215625 0.3484375 0.296875 0.3484375 0.296875 0.409375 0.215625 0.409375
9 0.21875 0.29375 0.2859375 0.29375 0.2859375 0.3484375 0.21875 0.3484375
9 0.375 0.290625 0.440625 0.290625 0.440625 0.346875 0.375 0.346875
9 0.3765625 0.35 0.44375 0.35 0.44375 0.4 0.3765625 0.4
9 0.546875 0.284375 0.6140625 0.284375 0.6140625 0.340625 0.546875 0.340625
9 0.546875 0.3546875 0.60625 0.3546875 0.60625 0.4078125 0.546875 0.4078125
9 0.5625 0.4078125 0.6125 0.4078125 0.6125 0.453125 0.5625 0.453125
9 0.6359375 0.540625 0.7046875 0.540625 0.7046875 0.5921875 0.6359375 0.5921875
9 0.5734375 0.60625 0.6359375 0.60625 0.6359375 0.659375 0.5734375 0.659375
9 0.396875 0.6125 0.45625 0.6125 0.45625 0.6609375 0.396875 0.6609375
9 0.2015625 0.5546875 0.2734375 0.5546875 0.2734375 0.6046875 0.2015625 0.6046875
8 0.628125 0.4140625 0.7015625 0.4140625 0.7015625 0.4734375 0.628125 0.4734375
8 0.634375 0.4828125 0.70625 0.4828125 0.70625 0.534375 0.634375 0.534375
8 0.7109375 0.603125 0.8015625 0.603125 0.8015625 0.6640625 0.7109375 0.6640625
8 0.378125 0.5359375 0.4578125 0.5359375 0.4578125 0.6015625 0.378125 0.6015625
7 0.709375 0.33125 0.8078125 0.33125 0.8078125 0.4 0.709375 0.4
6 0.1125 0.4078125 0.2 0.4078125 0.2 0.4625 0.1125 0.4625
6 0.29375 0.340625 0.3625 0.340625 0.3625 0.403125 0.29375 0.403125
6 0.1984375 0.478125 0.2734375 0.478125 0.2734375 0.525 0.1984375 0.525
6 0.45625 0.60625 0.540625 0.60625 0.540625 0.6609375 0.45625 0.6609375
6 0.4546875 0.3984375 0.5265625 0.3984375 0.5265625 0.4671875 0.4546875 0.4671875
5 0.10625 0.48125 0.196875 0.48125 0.196875 0.540625 0.10625 0.540625
5 0.290625 0.534375 0.3734375 0.534375 0.3734375 0.5875 0.290625 0.5875
3 0.6359375 0.6109375 0.7109375 0.6109375 0.7109375 0.6609375 0.6359375 0.6609375
3 0.54375 0.54375 0.6265625 0.54375 0.6265625 0.5890625 0.54375 0.5890625
3 0.475 0.540625 0.5421875 0.540625 0.5421875 0.6015625 0.475 0.6015625
3 0.371875 0.4125 0.45 0.4125 0.45 0.471875 0.371875 0.471875
3 0.6234375 0.3484375 0.69375 0.3484375 0.69375 0.396875 0.6234375 0.396875
3 0.621875 0.2859375 0.6984375 0.2859375 0.6984375 0.346875 0.621875 0.346875
3 0.121875 0.284375 0.203125 0.284375 0.203125 0.34375 0.121875 0.34375
2 0.7140625 0.284375 0.7984375 0.284375 0.7984375 0.35 0.7140625 0.35
2 0.5390625 0.665625 0.6265625 0.665625 0.6265625 0.7375 0.5390625 0.7375
2 0.2953125 0.4078125 0.3703125 0.4078125 0.3703125 0.471875 0.2953125 0.471875
0 0.103125 0.3390625 0.1953125 0.3390625 0.1953125 0.3984375 0.103125 0.3984375
0 0.296875 0.26875 0.3640625 0.26875 0.3640625 0.3484375 0.296875 0.3484375
0 0.0984375 0.609375 0.1953125 0.609375 0.1953125 0.66875 0.0984375 0.66875
0 0.54375 0.471875 0.6265625 0.471875 0.6265625 0.53125 0.54375 0.53125
0 0.7125 0.478125 0.796875 0.478125 0.796875 0.5296875 0.7125 0.5296875
0 0.196875 0.4109375 0.275 0.4109375 0.275 0.4671875 0.196875 0.4671875
0 0.10625 0.5375 0.196875 0.5375 0.196875 0.6 0.10625 0.6