8 0.0875 0.090625 0.2078125 0.090625 0.2078125 0.209375 0.0875 0.209375
8 0.0875 0.1953125 0.2 0.1953125 0.2 0.309375 0.0875 0.309375
8 0.0921875 0.3109375 0.1984375 0.3109375 0.1984375 0.3953125 0.0921875 0.3953125
8 0.0875 0.4109375 0.1921875 0.4109375 0.1921875 0.4984375 0.0875 0.4984375
8 0.0953125 0.5109375 0.1953125 0.5109375 0.1953125 0.6015625 0.0953125 0.6015625
8 0.0875 0.6140625 0.2 0.6140625 0.2 0.7046875 0.0875 0.7046875
8 0.0828125 0.7125 0.2015625 0.7125 0.2015625 0.796875 0.0828125 0.796875
8 0.0765625 0.8 0.1984375 0.8 0.1984375 0.8984375 0.0765625 0.8984375
8 0.2171875 0.0984375 0.30625 0.0984375 0.30625 0.2125 0.2171875 0.2125
8 0.18125 0.20625 0.3 0.20625 0.3 0.3109375 0.18125 0.3109375
8 0.1859375 0.328125 0.30625 0.328125 0.30625 0.4109375 0.1859375 0.4109375
8 0.190625 0.4078125 0.315625 0.4078125 0.315625 0.496875 0.190625 0.496875
8 0.1921875 0.50625 0.303125 0.50625 0.303125 0.5953125 0.1921875 0.5953125
8 0.196875 0.603125 0.3109375 0.603125 0.3109375 0.68125 0.196875 0.68125
8 0.1828125 0.6984375 0.2984375 0.6984375 0.2984375 0.78125 0.1828125 0.78125
8 0.184375 0.8 0.3 0.8 0.3 0.8890625 0.184375 0.8890625
2 0.6734375 0.06875 0.7734375 0.06875 0.7734375 0.1984375 0.6734375 0.1984375
2 0.6734375 0.2109375 0.7875 0.2109375 0.7875 0.2890625 0.6734375 0.2890625
2 0.6875 0.3171875 0.7984375 0.3171875 0.7984375 0.4125 0.6875 0.4125
2 0.6921875 0.4984375 0.790625 0.4984375 0.790625 0.5796875 0.6921875 0.5796875
2 0.6921875 0.59375 0.7984375 0.59375 0.7984375 0.69375 0.6921875 0.69375
2 0.6828125 0.7046875 0.7796875 0.7046875 0.7796875 0.8 0.6828125 0.8
2 0.68125 0.8109375 0.7921875 0.8109375 0.7921875 0.9203125 0.68125 0.9203125
2 0.7984375 0.1046875 0.9125 0.1046875 0.9125 0.19375 0.7984375 0.19375
2 0.796875 0.203125 0.925 0.203125 0.925 0.290625 0.796875 0.290625
2 0.796875 0.303125 0.9125 0.303125 0.9125 0.3828125 0.796875 0.3828125
2 0.79375 0.3953125 0.890625 0.3953125 0.890625 0.48125 0.79375 0.48125
2 0.8171875 0.603125 0.915625 0.603125 0.915625 0.690625 0.8171875 0.690625
2 0.8046875 0.7046875 0.9171875 0.7046875 0.9171875 0.8 0.8046875 0.8