11 0.571875 0.5640625 0.6671875 0.5640625 0.6671875 0.6359375 0.571875 0.6359375
11 0.1921875 0.4953125 0.296875 0.4953125 0.296875 0.5453125 0.1921875 0.5453125
11 0.2 0.434375 0.296875 0.434375 0.296875 0.49375 0.2 0.49375
11 0.1 0.43125 0.20625 0.43125 0.20625 0.4890625 0.1 0.4890625
9 0.5625 0.278125 0.6484375 0.278125 0.6484375 0.340625 0.5625 0.340625
9 0.4796875 0.3515625 0.5515625 0.3515625 0.5515625 0.409375 0.4796875 0.409375
9 0.3890625 0.278125 0.4625 0.278125 0.4625 0.346875 0.3890625 0.346875
9 0.490625 0.634375 0.571875 0.634375 0.571875 0.7015625 0.490625 0.7015625
9 0.4859375 0.7015625 0.571875 0.7015625 0.571875 0.771875 0.4859375 0.771875
9 0.6796875 0.628125 0.7671875 0.628125 0.7671875 0.7 0.6796875 0.7
9 0.6796875 0.7 0.7734375 0.7 0.7734375 0.7734375 0.6796875 0.7734375
9 0.7734375 0.3359375 0.8640625 0.3359375 0.8640625 0.403125 0.7734375 0.403125
9 0.296875 0.56875 0.365625 0.56875 0.365625 0.634375 0.296875 0.634375
9 0.296875 0.6375 0.384375 0.6375 0.384375 0.703125 0.296875 0.703125
9 0.303125 0.70625 0.378125 0.70625 0.378125 0.771875 0.303125 0.771875
8 0.6640625 0.196875 0.7640625 0.196875 0.7640625 0.2703125 0.6640625 0.2703125
8 0.6703125 0.409375 0.7609375 0.409375 0.7609375 0.4859375 0.6703125 0.4859375
8 0.4796875 0.41875 0.559375 0.41875 0.559375 0.4890625 0.4796875 0.4890625
8 0.0984375 0.2921875 0.2046875 0.2921875 0.2046875 0.3640625 0.0984375 0.3640625
7 0.371875 0.4234375 0.471875 0.4234375 0.471875 0.49375 0.371875 0.49375
6 0.09375 0.5703125 0.209375 0.5703125 0.209375 0.6359375 0.09375 0.6359375
6 0.3859375 0.571875 0.4765625 0.571875 0.4765625 0.634375 0.3859375 0.634375
6 0.4796875 0.559375 0.56875 0.559375 0.56875 0.6375 0.4796875 0.6375
6 0.6734375 0.4875 0.7625 0.4875 0.7625 0.5578125 0.6734375 0.5578125
6 0.0859375 0.365625 0.20625 0.365625 0.20625 0.425 0.0859375 0.425
5 0.56875 0.421875 0.659375 0.421875 0.659375 0.490625 0.56875 0.490625
5 0.2875 0.2875 0.3859375 0.2875 0.3859375 0.359375 0.2875 0.359375
3 0.2859375 0.2234375 0.36875 0.2234375 0.36875 0.2859375 0.2859375 0.2859375
3 0.29375 0.43125 0.3796875 0.43125 0.3796875 0.49375 0.29375 0.49375
3 0.390625 0.5015625 0.4703125 0.5015625 0.4703125 0.5546875 0.390625 0.5546875
3 0.2125 0.6390625 0.290625 0.6390625 0.290625 0.6984375 0.2125 0.6984375
3 0.21875 0.70625 0.296875 0.70625 0.296875 0.771875 0.21875 0.771875
3 0.2125 0.359375 0.296875 0.359375 0.296875 0.4203125 0.2125 0.4203125
3 0.5796875 0.4921875 0.6734375 0.4921875 0.6734375 0.5625 0.5796875 0.5625
2 0.1921875 0.565625 0.284375 0.565625 0.284375 0.6375 0.1921875 0.6375
2 0.384375 0.7046875 0.4796875 0.7046875 0.4796875 0.7828125 0.384375 0.7828125
2 0.38125 0.63125 0.4875 0.63125 0.4875 0.70625 0.38125 0.70625
0 0.1046875 0.2171875 0.2125 0.2171875 0.2125 0.278125 0.1046875 0.278125
0 0.196875 0.3015625 0.290625 0.3015625 0.290625 0.3625 0.196875 0.3625
0 0.09375 0.5 0.20625 0.5 0.20625 0.55625 0.09375 0.55625
0 0.7921875 0.6390625 0.8921875 0.6390625 0.8921875 0.7078125 0.7921875 0.7078125
0 0.665625 0.3453125 0.759375 0.3453125 0.759375 0.4171875 0.665625 0.4171875
0 0.6796875 0.5734375 0.771875 0.5734375 0.771875 0.6328125 0.6796875 0.6328125
0 0.296875 0.503125 0.38125 0.503125 0.38125 0.5625 0.296875 0.5625