5 0.284375 0.071875 0.38125 0.071875 0.38125 0.3375 0.284375 0.3375
5 0.4171875 0.0359375 0.4984375 0.0359375 0.4984375 0.3046875 0.4171875 0.3046875
5 0.55625 0.0359375 0.6375 0.0359375 0.6375 0.3078125 0.55625 0.3078125
5 0.6796875 0.0015625 0.784375 0.0015625 0.784375 0.275 0.6796875 0.275
6 0.675 0.665625 0.746875 0.665625 0.746875 0.9546875 0.675 0.9546875
0 0.4671875 0.671875 0.5265625 0.671875 0.5265625 0.95625 0.4671875 0.95625
9 0.2640625 0.6625 0.3234375 0.6625 0.3234375 0.859375 0.2640625 0.859375
9 0.571875 0.2890625 0.634375 0.2890625 0.634375 0.48125 0.571875 0.48125
3 0.3734375 0.678125 0.4234375 0.678125 0.4234375 0.871875 0.3734375 0.871875
3 0.378125 0.4875 0.434375 0.4875 0.434375 0.69375 0.378125 0.69375
3 0.3375 0.303125 0.403125 0.303125 0.403125 0.5078125 0.3375 0.5078125
3 0.559375 0.675 0.6109375 0.675 0.6109375 0.875 0.559375 0.875
3 0.553125 0.48125 0.609375 0.48125 0.609375 0.690625 0.553125 0.690625
3 0.678125 0.4796875 0.7421875 0.4796875 0.7421875 0.6859375 0.678125 0.6859375
3 0.6765625 0.253125 0.7453125 0.253125 0.7453125 0.4625 0.6765625 0.4625
5 0.28125 0.0671875 0.3859375 0.0671875 0.3859375 0.3421875 0.28125 0.3421875
5 0.4125 0.0265625 0.5015625 0.0265625 0.5015625 0.3078125 0.4125 0.3078125
5 0.5515625 0.028125 0.6421875 0.028125 0.6421875 0.3125 0.5515625 0.3125
5 0.678125 0.0015625 0.7875 0.0015625 0.7875 0.2796875 0.678125 0.2796875
3 0.671875 0.2421875 0.7484375 0.2421875 0.7484375 0.46875 0.671875 0.46875
3 0.3359375 0.296875 0.4046875 0.296875 0.4046875 0.5125 0.3359375 0.5125
3 0.3734375 0.4796875 0.4375 0.4796875 0.4375 0.7 0.3734375 0.7
3 0.5484375 0.478125 0.6125 0.478125 0.6125 0.6953125 0.5484375 0.6953125
3 0.4578125 0.49375 0.5125 0.49375 0.5125 0.7203125 0.4578125 0.7203125
3 0.6765625 0.475 0.7453125 0.475 0.7453125 0.6921875 0.6765625 0.6921875
3 0.55625 0.675 0.6140625 0.675 0.6140625 0.878125 0.55625 0.878125
3 0.371875 0.678125 0.425 0.678125 0.425 0.875 0.371875 0.875
6 0.671875 0.6625 0.753125 0.6625 0.753125 0.96875 0.671875 0.96875
9 0.5671875 0.28125 0.6359375 0.28125 0.6359375 0.490625 0.5671875 0.490625
9 0.259375 0.653125 0.328125 0.653125 0.328125 0.875 0.259375 0.875
1 0.45625 0.2828125 0.5375 0.2828125 0.5375 0.6515625 0.45625 0.6515625