3 0.815625 0.5265625 0.9125 0.5265625 0.9125 0.5859375 0.815625 0.5859375
3 0.721875 0.53125 0.8015625 0.53125 0.8015625 0.59375 0.721875 0.59375
3 0.6125 0.528125 0.6921875 0.528125 0.6921875 0.5875 0.6125 0.5875
3 0.509375 0.528125 0.584375 0.528125 0.584375 0.5828125 0.509375 0.5828125
3 0.403125 0.5265625 0.484375 0.5265625 0.484375 0.5859375 0.403125 0.5859375
3 0.296875 0.528125 0.38125 0.528125 0.38125 0.5875 0.296875 0.5875
3 0.190625 0.525 0.2875 0.525 0.2875 0.584375 0.190625 0.584375
1 0.5921875 0.4375 0.6984375 0.4375 0.6984375 0.5125 0.5921875 0.5125
1 0.490625 0.3625 0.584375 0.3625 0.584375 0.4375 0.490625 0.4375
1 0.4921875 0.4375 0.584375 0.4375 0.584375 0.51875 0.4921875 0.51875
1 0.6 0.603125 0.709375 0.603125 0.709375 0.675 0.6 0.675
0 0.5015625 0.5984375 0.5890625 0.5984375 0.5890625 0.6640625 0.5015625 0.6640625
0 0.3875 0.603125 0.475 0.603125 0.475 0.66875 0.3875 0.66875
5 0.3875 0.359375 0.46875 0.359375 0.46875 0.4390625 0.3875 0.4390625
5 0.3828125 0.4421875 0.4734375 0.4421875 0.4734375 0.5125 0.3828125 0.5125
4 0.590625 0.340625 0.69375 0.340625 0.69375 0.4375 0.590625 0.4375
2 0.05625 0.4484375 0.1765625 0.4484375 0.1765625 0.5203125 0.05625 0.5203125
2 0.053125 0.528125 0.178125 0.528125 0.178125 0.596875 0.053125 0.596875
2 0.05 0.6140625 0.178125 0.6140625 0.178125 0.684375 0.05 0.684375
2 0.05 0.690625 0.1734375 0.690625 0.1734375 0.7609375 0.05 0.7609375