9 0.1015625 0.1765625 0.190625 0.1765625 0.190625 0.2515625 0.1015625 0.2515625
9 0.3234375 0.175 0.403125 0.175 0.403125 0.2484375 0.3234375 0.2484375
9 0.4140625 0.175 0.4859375 0.175 0.4859375 0.2484375 0.4140625 0.2484375
9 0.61875 0.165625 0.6890625 0.165625 0.6890625 0.2453125 0.61875 0.2453125
9 0.828125 0.1640625 0.909375 0.1640625 0.909375 0.2375 0.828125 0.2375
9 0.1203125 0.296875 0.209375 0.296875 0.209375 0.35625 0.1203125 0.35625
9 0.2359375 0.2859375 0.309375 0.2859375 0.309375 0.346875 0.2359375 0.346875
9 0.434375 0.2703125 0.5015625 0.2703125 0.5015625 0.3359375 0.434375 0.3359375
9 0.625 0.2796875 0.6953125 0.2796875 0.6953125 0.346875 0.625 0.346875
9 0.8265625 0.3640625 0.9109375 0.3640625 0.9109375 0.4296875 0.8265625 0.4296875
9 0.64375 0.371875 0.7140625 0.371875 0.7140625 0.434375 0.64375 0.434375
9 0.5296875 0.3734375 0.5984375 0.3734375 0.5984375 0.4390625 0.5296875 0.4390625
9 0.4328125 0.375 0.5015625 0.375 0.5015625 0.446875 0.4328125 0.446875
9 0.328125 0.3796875 0.4046875 0.3796875 0.4046875 0.4421875 0.328125 0.4421875
9 0.225 0.3921875 0.3046875 0.3921875 0.3046875 0.4609375 0.225 0.4609375
9 0.1203125 0.3875 0.20625 0.3875 0.20625 0.453125 0.1203125 0.453125
9 0.1390625 0.4796875 0.21875 0.4796875 0.21875 0.54375 0.1390625 0.54375
9 0.5296875 0.475 0.596875 0.475 0.596875 0.534375 0.5296875 0.534375
9 0.625 0.4703125 0.696875 0.4703125 0.696875 0.5390625 0.625 0.5390625
9 0.7171875 0.478125 0.796875 0.478125 0.796875 0.5484375 0.7171875 0.5484375
9 0.11875 0.5859375 0.2015625 0.5859375 0.2015625 0.65 0.11875 0.65
9 0.2359375 0.565625 0.309375 0.565625 0.309375 0.6453125 0.2359375 0.6453125
9 0.3359375 0.5734375 0.403125 0.5734375 0.403125 0.6421875 0.3359375 0.6421875
9 0.4328125 0.5828125 0.496875 0.5828125 0.496875 0.6484375 0.4328125 0.6484375
9 0.53125 0.5734375 0.5984375 0.5734375 0.5984375 0.6375 0.53125 0.6375
9 0.6234375 0.5734375 0.690625 0.5734375 0.690625 0.6375 0.6234375 0.6375
9 0.8234375 0.5671875 0.909375 0.5671875 0.909375 0.646875 0.8234375 0.646875
9 0.1265625 0.675 0.2171875 0.675 0.2171875 0.7484375 0.1265625 0.7484375
9 0.2296875 0.6890625 0.2984375 0.6890625 0.2984375 0.7578125 0.2296875 0.7578125
9 0.353125 0.68125 0.4109375 0.68125 0.4109375 0.753125 0.353125 0.753125
9 0.4296875 0.6640625 0.5 0.6640625 0.5 0.746875 0.4296875 0.746875
9 0.6296875 0.6671875 0.7015625 0.6671875 0.7015625 0.7421875 0.6296875 0.7421875
9 0.7203125 0.6734375 0.79375 0.6734375 0.79375 0.7609375 0.7203125 0.7609375
9 0.1265625 0.7796875 0.2078125 0.7796875 0.2078125 0.8546875 0.1265625 0.8546875
9 0.2390625 0.775 0.315625 0.775 0.315625 0.8515625 0.2390625 0.8515625
9 0.3359375 0.7703125 0.4015625 0.7703125 0.4015625 0.85 0.3359375 0.85
9 0.5171875 0.7625 0.5859375 0.7625 0.5859375 0.834375 0.5171875 0.834375
9 0.6234375 0.775 0.7 0.775 0.7 0.8546875 0.6234375 0.8546875
9 0.8203125 0.753125 0.903125 0.753125 0.903125 0.8421875 0.8203125 0.8421875
9 0.125 0.878125 0.2015625 0.878125 0.2015625 0.9625 0.125 0.9625
9 0.2390625 0.859375 0.3109375 0.859375 0.3109375 0.95625 0.2390625 0.95625
9 0.4328125 0.8734375 0.5015625 0.8734375 0.5015625 0.965625 0.4328125 0.965625
9 0.7234375 0.8515625 0.803125 0.8515625 0.803125 0.9421875 0.7234375 0.9421875
9 0.83125 0.8625 0.9234375 0.8625 0.9234375 0.95625 0.83125 0.95625