10 0.675 0.55625 0.759375 0.55625 0.759375 0.6125 0.675 0.6125
10 0.6859375 0.428125 0.7703125 0.428125 0.7703125 0.484375 0.6859375 0.484375
10 0.521875 0.15 0.584375 0.15 0.584375 0.2328125 0.521875 0.2328125
10 0.33125 0.3625 0.415625 0.3625 0.415625 0.41875 0.33125 0.41875
10 0.3453125 0.425 0.4203125 0.425 0.4203125 0.478125 0.3453125 0.478125
10 0.15625 0.49375 0.2578125 0.49375 0.2578125 0.55 0.15625 0.55
10 0.15625 0.365625 0.259375 0.365625 0.259375 0.425 0.15625 0.425
9 0.521875 0.246875 0.578125 0.246875 0.578125 0.29375 0.521875 0.29375
9 0.5203125 0.315625 0.5734375 0.315625 0.5734375 0.359375 0.5203125 0.359375
9 0.6078125 0.375 0.6609375 0.375 0.6609375 0.415625 0.6078125 0.415625
9 0.528125 0.43125 0.58125 0.43125 0.58125 0.471875 0.528125 0.471875
9 0.5328125 0.5015625 0.5890625 0.5015625 0.5890625 0.5421875 0.5328125 0.5421875
9 0.45 0.4375 0.503125 0.4375 0.503125 0.478125 0.45 0.478125
9 0.6015625 0.24375 0.6546875 0.24375 0.6546875 0.290625 0.6015625 0.290625
9 0.4375 0.246875 0.4875 0.246875 0.4875 0.29375 0.4375 0.29375
9 0.4375 0.315625 0.490625 0.315625 0.490625 0.359375 0.4375 0.359375
9 0.196875 0.6265625 0.259375 0.6265625 0.259375 0.6703125 0.196875 0.6703125
9 0.5140625 0.3796875 0.565625 0.3796875 0.565625 0.4203125 0.5140625 0.4203125
7 0.68125 0.290625 0.765625 0.290625 0.765625 0.3609375 0.68125 0.3609375
7 0.34375 0.6125 0.41875 0.6125 0.41875 0.675 0.34375 0.675
7 0.0703125 0.615625 0.1765625 0.615625 0.1765625 0.678125 0.0703125 0.678125
7 0.4375 0.49375 0.5078125 0.49375 0.5078125 0.5453125 0.4375 0.5453125
7 0.34375 0.146875 0.41875 0.146875 0.41875 0.23125 0.34375 0.23125
6 0.6 0.29375 0.659375 0.29375 0.659375 0.346875 0.6 0.346875
6 0.50625 0.625 0.565625 0.625 0.565625 0.675 0.50625 0.675
6 0.2796875 0.61875 0.3421875 0.61875 0.3421875 0.6671875 0.2796875 0.6671875
6 0.084375 0.4390625 0.171875 0.4390625 0.171875 0.484375 0.084375 0.484375
4 0.5953125 0.4265625 0.6625 0.4265625 0.6625 0.484375 0.5953125 0.484375
4 0.5890625 0.6203125 0.6609375 0.6203125 0.6609375 0.6828125 0.5890625 0.6828125
4 0.165625 0.2859375 0.2671875 0.2859375 0.2671875 0.3578125 0.165625 0.3578125
4 0.43125 0.3625 0.496875 0.3625 0.496875 0.4234375 0.43125 0.4234375
1 0.6828125 0.1421875 0.7671875 0.1421875 0.7671875 0.2296875 0.6828125 0.2296875