10 0.234375 0.5125 0.3375 0.5125 0.3375 0.6 0.234375 0.6
10 0.225 0.228125 0.3328125 0.228125 0.3328125 0.321875 0.225 0.321875
10 0.103125 0.109375 0.23125 0.109375 0.23125 0.221875 0.103125 0.221875
10 0.50625 0.10625 0.5953125 0.10625 0.5953125 0.234375 0.50625 0.234375
10 0.6 0.4109375 0.7 0.4109375 0.7 0.4953125 0.6 0.4953125
10 0.778125 0.59375 0.9125 0.59375 0.9125 0.696875 0.778125 0.696875
10 0.6078125 0.7671875 0.7140625 0.7671875 0.7140625 0.8953125 0.6078125 0.8953125
10 0.215625 0.41875 0.334375 0.41875 0.334375 0.509375 0.215625 0.509375
10 0.778125 0.328125 0.9 0.328125 0.9 0.4125 0.778125 0.4125
7 0.340625 0.759375 0.4265625 0.759375 0.4265625 0.89375 0.340625 0.89375
7 0.33125 0.3296875 0.43125 0.3296875 0.43125 0.4171875 0.33125 0.4171875
7 0.4984375 0.321875 0.6015625 0.321875 0.6015625 0.41875 0.4984375 0.41875
7 0.784375 0.775 0.8984375 0.775 0.8984375 0.8828125 0.784375 0.8828125
7 0.6921875 0.096875 0.7953125 0.096875 0.7953125 0.225 0.6921875 0.225
7 0.60625 0.209375 0.69375 0.209375 0.69375 0.321875 0.60625 0.321875
7 0.790625 0.09375 0.9140625 0.09375 0.9140625 0.228125 0.790625 0.228125
7 0.703125 0.321875 0.809375 0.321875 0.809375 0.4046875 0.703125 0.4046875
4 0.7875 0.4203125 0.9078125 0.4203125 0.9078125 0.5 0.7875 0.5
4 0.3390625 0.5046875 0.425 0.5046875 0.425 0.5984375 0.3390625 0.5984375
4 0.5203125 0.6765625 0.609375 0.6765625 0.609375 0.7828125 0.5203125 0.7828125
4 0.2328125 0.6 0.34375 0.6 0.34375 0.7 0.2328125 0.7
4 0.109375 0.2296875 0.23125 0.2296875 0.23125 0.3203125 0.109375 0.3203125
4 0.4171875 0.225 0.5109375 0.225 0.5109375 0.31875 0.4171875 0.31875
1 0.6921875 0.678125 0.8046875 0.678125 0.8046875 0.790625 0.6921875 0.790625
1 0.43125 0.5984375 0.5140625 0.5984375 0.5140625 0.7015625 0.43125 0.7015625
1 0.5140625 0.503125 0.60625 0.503125 0.60625 0.5953125 0.5140625 0.5953125
1 0.690625 0.5125 0.8046875 0.5125 0.8046875 0.59375 0.690625 0.59375
1 0.7859375 0.2125 0.9140625 0.2125 0.9140625 0.315625 0.7859375 0.315625
1 0.1328125 0.509375 0.2359375 0.509375 0.2359375 0.59375 0.1328125 0.59375
1 0.134375 0.6046875 0.2375 0.6046875 0.2375 0.7015625 0.134375 0.7015625
1 0.2375 0.6875 0.340625 0.6875 0.340625 0.790625 0.2375 0.790625