5 0.7890625 0.615625 0.8953125 0.615625 0.8953125 0.6875 0.7890625 0.6875
5 0.7953125 0.6828125 0.8921875 0.6828125 0.8921875 0.75 0.7953125 0.75
0 0.7 0.2375 0.79375 0.2375 0.79375 0.309375 0.7 0.309375
0 0.8046875 0.2375 0.9015625 0.2375 0.9015625 0.309375 0.8046875 0.309375
2 0.790625 0.4671875 0.9 0.4671875 0.9 0.528125 0.790625 0.528125
2 0.784375 0.5421875 0.89375 0.5421875 0.89375 0.6015625 0.784375 0.6015625
2 0.803125 0.396875 0.9015625 0.396875 0.9015625 0.45 0.803125 0.45
2 0.7953125 0.321875 0.90625 0.321875 0.90625 0.384375 0.7953125 0.384375
1 0.40625 0.609375 0.503125 0.609375 0.503125 0.70625 0.40625 0.70625
1 0.3171875 0.5421875 0.4140625 0.5421875 0.4140625 0.6171875 0.3171875 0.6171875
1 0.090625 0.3953125 0.21875 0.3953125 0.21875 0.45625 0.090625 0.45625
1 0.628125 0.753125 0.715625 0.753125 0.715625 0.8515625 0.628125 0.8515625
3 0.690625 0.4796875 0.7734375 0.4796875 0.7734375 0.534375 0.690625 0.534375
3 0.615625 0.471875 0.678125 0.471875 0.678125 0.525 0.615625 0.525
3 0.509375 0.4796875 0.58125 0.4796875 0.58125 0.5328125 0.509375 0.5328125
3 0.4265625 0.475 0.4890625 0.475 0.4890625 0.521875 0.4265625 0.521875
3 0.328125 0.46875 0.39375 0.46875 0.39375 0.521875 0.328125 0.521875
3 0.23125 0.465625 0.309375 0.465625 0.309375 0.525 0.23125 0.525
3 0.134375 0.46875 0.2125 0.46875 0.2125 0.53125 0.134375 0.53125
4 0.5140625 0.6796875 0.6078125 0.6796875 0.6078125 0.7703125 0.5140625 0.7703125