10 0.6484375 0.69375 0.7203125 0.69375 0.7203125 0.790625 0.6484375 0.790625
10 0.225 0.6078125 0.3125 0.6078125 0.3125 0.6921875 0.225 0.6921875
10 0.225 0.4328125 0.315625 0.4328125 0.315625 0.5125 0.225 0.5125
10 0.3796875 0.509375 0.4453125 0.509375 0.4453125 0.584375 0.3796875 0.584375
10 0.371875 0.4265625 0.434375 0.4265625 0.434375 0.496875 0.371875 0.496875
10 0.5171875 0.1265625 0.5734375 0.1265625 0.5734375 0.225 0.5171875 0.225
10 0.6578125 0.509375 0.725 0.509375 0.725 0.584375 0.6578125 0.584375
9 0.534375 0.60625 0.578125 0.60625 0.578125 0.6671875 0.534375 0.6671875
9 0.4671875 0.521875 0.5109375 0.521875 0.5109375 0.58125 0.4671875 0.58125
9 0.5296875 0.5140625 0.5734375 0.5140625 0.5734375 0.575 0.5296875 0.575
9 0.51875 0.4375 0.559375 0.4375 0.559375 0.496875 0.51875 0.496875
9 0.5875 0.434375 0.634375 0.434375 0.634375 0.4890625 0.5875 0.4890625
9 0.5203125 0.35625 0.56875 0.35625 0.56875 0.4109375 0.5203125 0.4109375
9 0.453125 0.353125 0.503125 0.353125 0.503125 0.409375 0.453125 0.409375
9 0.4515625 0.2609375 0.4953125 0.2609375 0.4953125 0.3203125 0.4515625 0.3203125
9 0.2671875 0.7890625 0.31875 0.7890625 0.31875 0.8546875 0.2671875 0.8546875
9 0.5203125 0.2546875 0.56875 0.2546875 0.56875 0.321875 0.5203125 0.321875
9 0.5875 0.2484375 0.628125 0.2484375 0.628125 0.3140625 0.5875 0.3140625
7 0.3796875 0.7734375 0.4453125 0.7734375 0.4453125 0.8796875 0.3796875 0.8796875
7 0.1671875 0.775 0.25625 0.775 0.25625 0.884375 0.1671875 0.884375
7 0.4546875 0.603125 0.5109375 0.603125 0.5109375 0.690625 0.4546875 0.690625
7 0.371875 0.121875 0.4375 0.121875 0.4375 0.23125 0.371875 0.23125
7 0.6484375 0.3328125 0.71875 0.3328125 0.71875 0.4078125 0.6484375 0.4078125
6 0.515625 0.7921875 0.5609375 0.7921875 0.5609375 0.8765625 0.515625 0.8765625
6 0.3328125 0.78125 0.378125 0.78125 0.378125 0.8625 0.3328125 0.8625
6 0.175 0.5296875 0.24375 0.5296875 0.24375 0.590625 0.175 0.590625
6 0.5875 0.328125 0.634375 0.328125 0.634375 0.390625 0.5875 0.390625
4 0.453125 0.43125 0.509375 0.43125 0.509375 0.496875 0.453125 0.496875
4 0.23125 0.33125 0.3171875 0.33125 0.3171875 0.4140625 0.23125 0.4140625
4 0.58125 0.5125 0.6375 0.5125 0.6375 0.584375 0.58125 0.584375
4 0.578125 0.7796875 0.6359375 0.7796875 0.6359375 0.89375 0.578125 0.89375
1 0.6546875 0.1140625 0.7203125 0.1140625 0.7203125 0.2171875 0.6546875 0.2171875