10 0.5203125 0.5421875 0.596875 0.5421875 0.596875 0.60625 0.5203125 0.60625
10 0.3296875 0.60625 0.4171875 0.60625 0.4171875 0.684375 0.3296875 0.684375
10 0.621875 0.75 0.71875 0.75 0.71875 0.8484375 0.621875 0.8484375
10 0.7125 0.55 0.821875 0.55 0.821875 0.609375 0.7125 0.609375
10 0.709375 0.3140625 0.81875 0.3140625 0.81875 0.3875 0.709375 0.3875
10 0.5328125 0.23125 0.6203125 0.23125 0.6203125 0.3125 0.5328125 0.3125
10 0.10625 0.4 0.21875 0.4 0.21875 0.45625 0.10625 0.45625
9 0.7109375 0.4125 0.78125 0.4125 0.78125 0.4625 0.7109375 0.4625
9 0.640625 0.4875 0.70625 0.4875 0.70625 0.53125 0.640625 0.53125
9 0.534375 0.471875 0.596875 0.471875 0.596875 0.515625 0.534375 0.515625
9 0.4375 0.334375 0.503125 0.334375 0.503125 0.38125 0.4375 0.38125
9 0.35 0.471875 0.4140625 0.471875 0.4140625 0.515625 0.35 0.515625
9 0.234375 0.5421875 0.30625 0.5421875 0.30625 0.590625 0.234375 0.590625
9 0.2375 0.6125 0.309375 0.6125 0.309375 0.665625 0.2375 0.665625
9 0.2484375 0.7484375 0.328125 0.7484375 0.328125 0.809375 0.2484375 0.809375
9 0.61875 0.4015625 0.68125 0.4015625 0.68125 0.45 0.61875 0.45
9 0.821875 0.6765625 0.89375 0.6765625 0.89375 0.7296875 0.821875 0.7296875
9 0.4421875 0.61875 0.503125 0.61875 0.503125 0.6703125 0.4421875 0.6703125
7 0.8 0.746875 0.921875 0.746875 0.921875 0.840625 0.8 0.840625
7 0.709375 0.675 0.81875 0.675 0.81875 0.7625 0.709375 0.7625
7 0.3296875 0.2359375 0.4125 0.2359375 0.4125 0.3234375 0.3296875 0.3234375
7 0.7171875 0.2328125 0.828125 0.2328125 0.828125 0.3125 0.7171875 0.3125
7 0.8046875 0.4703125 0.9328125 0.4703125 0.9328125 0.5296875 0.8046875 0.5296875
6 0.4421875 0.746875 0.5046875 0.746875 0.5046875 0.825 0.4421875 0.825
6 0.8234375 0.41875 0.91875 0.41875 0.91875 0.465625 0.8234375 0.465625
6 0.134375 0.5421875 0.21875 0.5421875 0.21875 0.596875 0.134375 0.596875
6 0.3234375 0.3375 0.3984375 0.3375 0.3984375 0.384375 0.3234375 0.384375
4 0.8203125 0.3328125 0.9375 0.3328125 0.9375 0.3984375 0.8203125 0.3984375
4 0.434375 0.471875 0.5078125 0.471875 0.5078125 0.5328125 0.434375 0.5328125
4 0.6234375 0.615625 0.7203125 0.615625 0.7203125 0.69375 0.6234375 0.69375
4 0.525 0.325 0.6 0.325 0.6 0.39375 0.525 0.39375
1 0.096875 0.2375 0.21875 0.2375 0.21875 0.3109375 0.096875 0.3109375