11 0.3796875 0.0796875 0.4421875 0.0796875 0.4421875 0.1953125 0.3796875 0.1953125
11 0.4625 0.1859375 0.5203125 0.1859375 0.5203125 0.296875 0.4625 0.296875
11 0.5421875 0.31875 0.6015625 0.31875 0.6015625 0.4140625 0.5421875 0.4140625
11 0.296875 0.4421875 0.371875 0.4421875 0.371875 0.53125 0.296875 0.53125
11 0.471875 0.434375 0.534375 0.434375 0.534375 0.51875 0.471875 0.51875
11 0.375 0.546875 0.4453125 0.546875 0.4453125 0.6359375 0.375 0.6359375
11 0.559375 0.5375 0.625 0.5375 0.625 0.6234375 0.559375 0.6234375
11 0.2953125 0.6625 0.375 0.6625 0.375 0.7609375 0.2953125 0.7609375
11 0.475 0.6453125 0.54375 0.6453125 0.54375 0.7390625 0.475 0.7390625
11 0.38125 0.78125 0.45 0.78125 0.45 0.8921875 0.38125 0.8921875
11 0.471875 0.871875 0.5359375 0.871875 0.5359375 0.9921875 0.471875 0.9921875