5 0.615625 0.2953125 0.690625 0.2953125 0.690625 0.3890625 0.615625 0.3890625
5 0.684375 0.3953125 0.7671875 0.3953125 0.7671875 0.475 0.684375 0.475
0 0.5359375 0.18125 0.6078125 0.18125 0.6078125 0.2828125 0.5359375 0.2828125
0 0.7609375 0.49375 0.84375 0.49375 0.84375 0.584375 0.7609375 0.584375
1 0.1984375 0.0046875 0.2984375 0.0046875 0.2984375 0.1515625 0.1984375 0.1515625
1 0.7625 0.0625 0.8734375 0.0625 0.8734375 0.190625 0.7625 0.190625
1 0.2109375 0.8078125 0.2984375 0.8078125 0.2984375 0.9375 0.2109375 0.9375
1 0.753125 0.80625 0.8703125 0.80625 0.8703125 0.9359375 0.753125 0.9359375
2 0.3859375 0.5875 0.45625 0.5875 0.45625 0.6734375 0.3859375 0.6734375
2 0.4609375 0.696875 0.53125 0.696875 0.53125 0.7890625 0.4609375 0.7890625
2 0.3140625 0.4921875 0.38125 0.4921875 0.38125 0.5828125 0.3140625 0.5828125
2 0.303125 0.690625 0.3796875 0.690625 0.3796875 0.80625 0.303125 0.80625
3 0.45625 0.2921875 0.5234375 0.2921875 0.5234375 0.378125 0.45625 0.378125
3 0.5234375 0.3921875 0.5984375 0.3921875 0.5984375 0.4765625 0.5234375 0.4765625
3 0.6140625 0.503125 0.675 0.503125 0.675 0.578125 0.6140625 0.578125
3 0.6828125 0.6140625 0.75625 0.6140625 0.75625 0.6890625 0.6828125 0.6890625
3 0.39375 0.4046875 0.453125 0.4046875 0.453125 0.471875 0.39375 0.471875
3 0.46875 0.509375 0.5265625 0.509375 0.5265625 0.58125 0.46875 0.58125
3 0.5359375 0.60625 0.6 0.60625 0.6 0.6875 0.5359375 0.6875
4 0.6875 0.1765625 0.7890625 0.1765625 0.7890625 0.2859375 0.6875 0.2859375