4 0.6796875 0.178125 0.778125 0.178125 0.778125 0.2765625 0.6796875 0.2765625
4 0.1765625 0.5515625 0.2953125 0.5515625 0.2953125 0.6171875 0.1765625 0.6171875
4 0.2859375 0.625 0.384375 0.625 0.384375 0.6921875 0.2859375 0.6921875
4 0.48125 0.61875 0.565625 0.61875 0.565625 0.690625 0.48125 0.690625
1 0.6859375 0.478125 0.7859375 0.478125 0.7859375 0.54375 0.6859375 0.54375
9 0.1171875 0.196875 0.196875 0.196875 0.196875 0.259375 0.1171875 0.259375
9 0.11875 0.284375 0.203125 0.284375 0.203125 0.3375 0.11875 0.3375
9 0.309375 0.2828125 0.378125 0.2828125 0.378125 0.3375 0.309375 0.3375
9 0.41875 0.28125 0.48125 0.28125 0.48125 0.3359375 0.41875 0.3359375
9 0.4953125 0.3484375 0.5671875 0.3484375 0.5671875 0.4046875 0.4953125 0.4046875
9 0.6796875 0.3546875 0.7484375 0.3546875 0.7484375 0.409375 0.6796875 0.409375
9 0.603125 0.4265625 0.665625 0.4265625 0.665625 0.4796875 0.603125 0.4796875
9 0.3984375 0.5546875 0.4671875 0.5546875 0.4671875 0.6109375 0.3984375 0.6109375
9 0.5859375 0.63125 0.659375 0.63125 0.659375 0.6890625 0.5859375 0.6890625
9 0.40625 0.70625 0.4734375 0.70625 0.4734375 0.7640625 0.40625 0.7640625
9 0.1046875 0.634375 0.1890625 0.634375 0.1890625 0.690625 0.1046875 0.690625
6 0.5828125 0.2703125 0.653125 0.2703125 0.653125 0.3359375 0.5828125 0.3359375
6 0.303125 0.49375 0.3890625 0.49375 0.3890625 0.55 0.303125 0.55
6 0.6734375 0.6359375 0.759375 0.6359375 0.759375 0.6984375 0.6734375 0.6984375
6 0.6828125 0.571875 0.7671875 0.571875 0.7671875 0.625 0.6828125 0.625
7 0.1921875 0.1796875 0.3 0.1796875 0.3 0.275 0.1921875 0.275
7 0.5125 0.175 0.58125 0.175 0.58125 0.2765625 0.5125 0.2765625
7 0.0765625 0.3359375 0.196875 0.3359375 0.196875 0.4109375 0.0765625 0.4109375
7 0.29375 0.328125 0.3875 0.328125 0.3875 0.403125 0.29375 0.403125
7 0.7953125 0.41875 0.915625 0.41875 0.915625 0.4828125 0.7953125 0.4828125
10 0.171875 0.690625 0.2875 0.690625 0.2875 0.775 0.171875 0.775
10 0.6640625 0.696875 0.778125 0.696875 0.778125 0.784375 0.6640625 0.784375
10 0.7765625 0.7015625 0.8796875 0.7015625 0.8796875 0.7859375 0.7765625 0.7859375
10 0.771875 0.628125 0.8875 0.628125 0.8875 0.7015625 0.771875 0.7015625
10 0.49375 0.48125 0.5765625 0.48125 0.5765625 0.5453125 0.49375 0.5453125
10 0.384375 0.4109375 0.471875 0.4109375 0.471875 0.478125 0.384375 0.478125
10 0.1890625 0.4046875 0.303125 0.4046875 0.303125 0.4796875 0.1890625 0.4796875