8 0.415625 0.1375 0.49375 0.1375 0.49375 0.225 0.415625 0.225
8 0.2265625 0.321875 0.3109375 0.321875 0.3109375 0.40625 0.2265625 0.40625
8 0.23125 0.415625 0.309375 0.415625 0.309375 0.4984375 0.23125 0.4984375
8 0.103125 0.403125 0.21875 0.403125 0.21875 0.49375 0.103125 0.49375
8 0.4296875 0.509375 0.5046875 0.509375 0.5046875 0.5875 0.4296875 0.5875
8 0.621875 0.5171875 0.71875 0.5171875 0.71875 0.5921875 0.621875 0.5921875
8 0.7953125 0.5 0.90625 0.5 0.90625 0.575 0.7953125 0.575
8 0.6296875 0.4140625 0.71875 0.4140625 0.71875 0.4890625 0.6296875 0.4890625
8 0.8125 0.69375 0.91875 0.69375 0.91875 0.775 0.8125 0.775
8 0.803125 0.78125 0.915625 0.78125 0.915625 0.875 0.803125 0.875
8 0.6234375 0.8 0.7078125 0.8 0.7078125 0.909375 0.6234375 0.909375
8 0.4265625 0.41875 0.4984375 0.41875 0.4984375 0.49375 0.4265625 0.49375
8 0.525 0.603125 0.609375 0.603125 0.609375 0.66875 0.525 0.66875
8 0.3234375 0.7015625 0.4125 0.7015625 0.4125 0.790625 0.3234375 0.790625
8 0.425 0.7984375 0.5125 0.7984375 0.5125 0.8859375 0.425 0.8859375
8 0.1078125 0.803125 0.2140625 0.803125 0.2140625 0.90625 0.1078125 0.90625
2 0.2125 0.1390625 0.3109375 0.1390625 0.3109375 0.221875 0.2125 0.221875
2 0.790625 0.128125 0.90625 0.128125 0.90625 0.203125 0.790625 0.203125
2 0.6125 0.23125 0.703125 0.23125 0.703125 0.3125 0.6125 0.3125
2 0.7109375 0.3171875 0.8171875 0.3171875 0.8171875 0.4015625 0.7109375 0.4015625
2 0.8109375 0.40625 0.9 0.40625 0.9 0.48125 0.8109375 0.48125
2 0.4234375 0.3328125 0.5171875 0.3328125 0.5171875 0.4171875 0.4234375 0.4171875
2 0.51875 0.21875 0.59375 0.21875 0.59375 0.3203125 0.51875 0.3203125
2 0.1140625 0.209375 0.2078125 0.209375 0.2078125 0.303125 0.1140625 0.303125
2 0.31875 0.5125 0.409375 0.5125 0.409375 0.58125 0.31875 0.58125
2 0.321875 0.60625 0.4015625 0.60625 0.4015625 0.678125 0.321875 0.678125
2 0.115625 0.6125 0.215625 0.6125 0.215625 0.696875 0.115625 0.696875
2 0.71875 0.6015625 0.821875 0.6015625 0.821875 0.6671875 0.71875 0.6671875
2 0.7046875 0.6984375 0.7875 0.6984375 0.7875 0.7953125 0.7046875 0.7953125