0 0.6828125 0.29375 0.75625 0.29375 0.75625 0.3640625 0.6828125 0.3640625
0 0.396875 0.496875 0.4640625 0.496875 0.4640625 0.5546875 0.396875 0.5546875
0 0.13125 0.60625 0.2109375 0.60625 0.2109375 0.675 0.13125 0.675
0 0.7828125 0.571875 0.871875 0.571875 0.871875 0.6359375 0.7828125 0.6359375
0 0.7859375 0.690625 0.875 0.690625 0.875 0.7609375 0.7859375 0.7609375
1 0.39375 0.315625 0.4734375 0.315625 0.4734375 0.3953125 0.39375 0.3953125
1 0.0828125 0.309375 0.196875 0.309375 0.196875 0.3953125 0.0828125 0.3953125
1 0.590625 0.4015625 0.6765625 0.4015625 0.6765625 0.471875 0.590625 0.471875
2 0.5890625 0.4953125 0.659375 0.4953125 0.659375 0.5609375 0.5890625 0.5609375
2 0.31875 0.5125 0.3890625 0.5125 0.3890625 0.584375 0.31875 0.584375
2 0.2015625 0.2015625 0.2875 0.2015625 0.2875 0.2859375 0.2015625 0.2859375
2 0.515625 0.675 0.5828125 0.675 0.5828125 0.7609375 0.515625 0.7609375
8 0.190625 0.1140625 0.278125 0.1140625 0.278125 0.2078125 0.190625 0.2078125
8 0.765625 0.384375 0.8546875 0.384375 0.8546875 0.45625 0.765625 0.45625
8 0.3203125 0.603125 0.3890625 0.603125 0.3890625 0.671875 0.3203125 0.671875
8 0.2203125 0.5984375 0.30625 0.5984375 0.30625 0.6703125 0.2203125 0.6703125
8 0.2296875 0.50625 0.3015625 0.50625 0.3015625 0.58125 0.2296875 0.58125
8 0.43125 0.678125 0.4953125 0.678125 0.4953125 0.75 0.43125 0.75
11 0.3421875 0.784375 0.4125 0.784375 0.4125 0.88125 0.3421875 0.88125
11 0.240625 0.790625 0.3171875 0.790625 0.3171875 0.88125 0.240625 0.88125
11 0.1265625 0.809375 0.21875 0.809375 0.21875 0.9078125 0.1265625 0.9078125
11 0.7703125 0.3015625 0.859375 0.3015625 0.859375 0.375 0.7703125 0.375
5 0.1203125 0.709375 0.2078125 0.709375 0.2078125 0.79375 0.1203125 0.79375
5 0.43125 0.771875 0.496875 0.771875 0.496875 0.8625 0.43125 0.8625
5 0.5171875 0.5125 0.584375 0.5125 0.584375 0.5765625 0.5171875 0.5765625
5 0.4234375 0.59375 0.4890625 0.59375 0.4890625 0.66875 0.4234375 0.66875
5 0.40625 0.4078125 0.475 0.4078125 0.475 0.475 0.40625 0.475
6 0.125 0.5109375 0.2109375 0.5109375 0.2109375 0.5765625 0.125 0.5765625
6 0.5015625 0.2015625 0.5625 0.2015625 0.5625 0.278125 0.5015625 0.278125
6 0.296875 0.2125 0.3640625 0.2125 0.3640625 0.290625 0.296875 0.290625
7 0.3875 0.06875 0.4765625 0.06875 0.4765625 0.19375 0.3875 0.19375
7 0.4859375 0.2859375 0.5671875 0.2859375 0.5671875 0.371875 0.4859375 0.371875
7 0.2140625 0.6984375 0.315625 0.6984375 0.315625 0.8046875 0.2140625 0.8046875
10 0.4984375 0.0734375 0.5734375 0.0734375 0.5734375 0.196875 0.4984375 0.196875
10 0.60625 0.6734375 0.6953125 0.6734375 0.6953125 0.7765625 0.60625 0.7765625
10 0.2953125 0.3015625 0.390625 0.3015625 0.390625 0.396875 0.2953125 0.396875
6 0.6109375 0.784375 0.6828125 0.784375 0.6828125 0.871875 0.6109375 0.871875
6 0.60625 0.5734375 0.678125 0.5734375 0.678125 0.6453125 0.60625 0.6453125
6 0.7015625 0.578125 0.78125 0.578125 0.78125 0.6484375 0.7015625 0.6484375
5 0.3359375 0.6953125 0.40625 0.6953125 0.40625 0.7671875 0.3359375 0.7671875
3 0.225 0.328125 0.290625 0.328125 0.290625 0.3921875 0.225 0.3921875
3 0.8 0.7703125 0.871875 0.7703125 0.871875 0.8421875 0.8 0.8421875
4 0.28125 0.0625 0.378125 0.0625 0.378125 0.1859375 0.28125 0.1859375
4 0.5953125 0.1859375 0.6890625 0.1859375 0.6890625 0.2921875 0.5953125 0.2921875
4 0.7671875 0.1703125 0.890625 0.1703125 0.890625 0.2765625 0.7671875 0.2765625
9 0.53125 0.59375 0.5890625 0.59375 0.5890625 0.6546875 0.53125 0.6546875