5 0.7265625 0.15 0.8265625 0.15 0.8265625 0.246875 0.7265625 0.246875
5 0.8390625 0.253125 0.9890625 0.253125 0.9890625 0.3328125 0.8390625 0.3328125
3 0.85625 0.51875 0.95625 0.51875 0.95625 0.5796875 0.85625 0.5796875
3 0.8546875 0.5875 0.9671875 0.5875 0.9671875 0.6578125 0.8546875 0.6578125
3 0.8296875 0.6859375 0.9265625 0.6859375 0.9265625 0.7640625 0.8296875 0.7640625
3 0.840625 0.775 0.946875 0.775 0.946875 0.85 0.840625 0.85
3 0.74375 0.7671875 0.8296875 0.7671875 0.8296875 0.8578125 0.74375 0.8578125
3 0.65625 0.76875 0.728125 0.76875 0.728125 0.8453125 0.65625 0.8453125
3 0.5078125 0.75625 0.6015625 0.75625 0.6015625 0.828125 0.5078125 0.828125
2 0.1375 0.175 0.2765625 0.175 0.2765625 0.253125 0.1375 0.253125
2 0.046875 0.171875 0.1765625 0.171875 0.1765625 0.271875 0.046875 0.271875
2 0.028125 0.2796875 0.171875 0.2796875 0.171875 0.3578125 0.028125 0.3578125
0 0.0265625 0.5046875 0.171875 0.5046875 0.171875 0.59375 0.0265625 0.59375
0 0.046875 0.6015625 0.1796875 0.6015625 0.1796875 0.6828125 0.046875 0.6828125
0 0.0609375 0.675 0.1921875 0.675 0.1921875 0.76875 0.0609375 0.76875
0 0.0515625 0.7484375 0.1984375 0.7484375 0.1984375 0.8515625 0.0515625 0.8515625
0 0.1734375 0.7609375 0.2921875 0.7609375 0.2921875 0.85 0.1734375 0.85
0 0.2890625 0.75625 0.3984375 0.75625 0.3984375 0.865625 0.2890625 0.865625
0 0.403125 0.7484375 0.4921875 0.7484375 0.4921875 0.8640625 0.403125 0.8640625