8 0.125 0.084375 0.225 0.084375 0.225 0.190625 0.125 0.190625
8 0.2515625 0.084375 0.3421875 0.084375 0.3421875 0.1796875 0.2515625 0.1796875
8 0.4609375 0.1078125 0.53125 0.1078125 0.53125 0.20625 0.4609375 0.20625
8 0.5640625 0.0890625 0.63125 0.0890625 0.63125 0.19375 0.5640625 0.19375
8 0.6578125 0.20625 0.7453125 0.20625 0.7453125 0.2953125 0.6578125 0.2953125
8 0.740625 0.4015625 0.840625 0.4015625 0.840625 0.49375 0.740625 0.49375
8 0.3734375 0.4 0.45625 0.4 0.45625 0.484375 0.3734375 0.484375
8 0.146875 0.390625 0.246875 0.390625 0.246875 0.48125 0.146875 0.48125
8 0.1359375 0.5984375 0.2484375 0.5984375 0.2484375 0.690625 0.1359375 0.690625
8 0.25625 0.696875 0.3546875 0.696875 0.3546875 0.7875 0.25625 0.7875
8 0.36875 0.7 0.44375 0.7 0.44375 0.78125 0.36875 0.78125
8 0.4671875 0.5984375 0.5421875 0.5984375 0.5421875 0.684375 0.4671875 0.684375
8 0.6703125 0.603125 0.7609375 0.603125 0.7609375 0.6875 0.6703125 0.6875
8 0.659375 0.696875 0.7421875 0.696875 0.7421875 0.7796875 0.659375 0.7796875
8 0.65 0.8109375 0.75 0.8109375 0.75 0.90625 0.65 0.90625
8 0.4578125 0.8 0.5484375 0.8 0.5484375 0.8890625 0.4578125 0.8890625
2 0.2515625 0.3046875 0.3359375 0.3046875 0.3359375 0.390625 0.2515625 0.390625
2 0.359375 0.30625 0.446875 0.30625 0.446875 0.3796875 0.359375 0.3796875
2 0.559375 0.3046875 0.6484375 0.3046875 0.6484375 0.39375 0.559375 0.39375
2 0.665625 0.1046875 0.7515625 0.1046875 0.7515625 0.1921875 0.665625 0.1921875
2 0.8609375 0.2875 0.965625 0.2875 0.965625 0.3921875 0.8609375 0.3921875
2 0.8609375 0.503125 0.9875 0.503125 0.9875 0.578125 0.8609375 0.578125
2 0.85625 0.7046875 0.98125 0.7046875 0.98125 0.7828125 0.85625 0.7828125
2 0.7609375 0.8234375 0.8671875 0.8234375 0.8671875 0.9078125 0.7609375 0.9078125
2 0.475 0.4203125 0.5546875 0.4203125 0.5546875 0.4921875 0.475 0.4921875
2 0.6578125 0.4921875 0.75 0.4921875 0.75 0.5796875 0.6578125 0.5796875
2 0.559375 0.4984375 0.65 0.4984375 0.65 0.5796875 0.559375 0.5796875
2 0.3625 0.50625 0.4359375 0.50625 0.4359375 0.590625 0.3625 0.590625
2 0.5640625 0.7 0.653125 0.7 0.653125 0.778125 0.5640625 0.778125