0 0.453125 0.471875 0.5125 0.471875 0.5125 0.55625 0.453125 0.55625
0 0.365625 0.59375 0.434375 0.59375 0.434375 0.6828125 0.365625 0.6828125
1 0.4546875 0.0234375 0.5203125 0.0234375 0.5203125 0.1609375 0.4546875 0.1609375
1 0.1796875 0.4859375 0.2859375 0.4859375 0.2859375 0.584375 0.1796875 0.584375
1 0.603125 0.478125 0.690625 0.478125 0.690625 0.5703125 0.603125 0.5703125
1 0.53125 0.36875 0.596875 0.36875 0.596875 0.465625 0.53125 0.465625
2 0.759375 0.003125 0.8421875 0.003125 0.8421875 0.125 0.759375 0.125
2 0.68125 0.38125 0.7640625 0.38125 0.7640625 0.46875 0.68125 0.46875
2 0.365625 0.809375 0.440625 0.809375 0.440625 0.91875 0.365625 0.91875
2 0.440625 0.26875 0.50625 0.26875 0.50625 0.365625 0.440625 0.365625
3 0.7546875 0.478125 0.8265625 0.478125 0.8265625 0.5625 0.7546875 0.5625
3 0.69375 0.696875 0.75625 0.696875 0.75625 0.78125 0.69375 0.78125
3 0.534375 0.4875 0.590625 0.4875 0.590625 0.5625 0.534375 0.5625
3 0.4578125 0.7015625 0.51875 0.7015625 0.51875 0.7765625 0.4578125 0.7765625
3 0.2125 0.8171875 0.284375 0.8171875 0.284375 0.9203125 0.2125 0.9203125
3 0.196875 0.290625 0.26875 0.290625 0.26875 0.36875 0.196875 0.36875
3 0.290625 0.16875 0.35 0.16875 0.35 0.25625 0.290625 0.25625
4 0.603125 0.015625 0.6828125 0.015625 0.6828125 0.1625 0.603125 0.1625
5 0.2875 0.7015625 0.359375 0.7015625 0.359375 0.8171875 0.2875 0.8171875
5 0.35625 0.384375 0.428125 0.384375 0.428125 0.4671875 0.35625 0.4671875