0 0.19375 0.4453125 0.2796875 0.4453125 0.2796875 0.475 0.19375 0.475
0 0.0765625 0.3171875 0.1671875 0.3171875 0.1671875 0.3515625 0.0765625 0.3515625
0 0.1921875 0.365625 0.275 0.365625 0.275 0.39375 0.1921875 0.39375
0 0.2734375 0.4078125 0.353125 0.4078125 0.353125 0.4328125 0.2734375 0.4328125
0 0.284375 0.3125 0.36875 0.3125 0.36875 0.3453125 0.284375 0.3453125
0 0.1609375 0.271875 0.253125 0.271875 0.253125 0.3 0.1609375 0.3
6 0.109375 0.41875 0.19375 0.41875 0.19375 0.446875 0.109375 0.446875
6 0.203125 0.409375 0.28125 0.409375 0.28125 0.4375 0.203125 0.4375
6 0.29375 0.359375 0.3796875 0.359375 0.3796875 0.3890625 0.29375 0.3890625
6 0.19375 0.3171875 0.278125 0.3171875 0.278125 0.3453125 0.19375 0.3453125
6 0.1 0.365625 0.19375 0.365625 0.19375 0.39375 0.1 0.39375
6 0.0671875 0.275 0.1640625 0.275 0.1640625 0.303125 0.0671875 0.303125