4 0.1140625 0.4109375 0.2328125 0.4109375 0.2328125 0.5 0.1140625 0.5
1 0.109375 0.515625 0.2390625 0.515625 0.2390625 0.6140625 0.109375 0.6140625
1 0.1140625 0.625 0.2328125 0.625 0.2328125 0.728125 0.1140625 0.728125
1 0.1046875 0.7328125 0.2359375 0.7328125 0.2359375 0.853125 0.1046875 0.853125
1 0.115625 0.8421875 0.2359375 0.8421875 0.2359375 0.9734375 0.115625 0.9734375
0 0.6390625 0.3953125 0.71875 0.3953125 0.71875 0.496875 0.6390625 0.496875
0 0.640625 0.6140625 0.715625 0.6140625 0.715625 0.715625 0.640625 0.715625
2 0.71875 0.065625 0.8046875 0.065625 0.8046875 0.16875 0.71875 0.16875
2 0.715625 0.290625 0.8109375 0.290625 0.8109375 0.3875 0.715625 0.3875
2 0.715625 0.5078125 0.803125 0.5078125 0.803125 0.5953125 0.715625 0.5953125
2 0.7125 0.728125 0.80625 0.728125 0.80625 0.8484375 0.7125 0.8484375
3 0.553125 0.18125 0.621875 0.18125 0.621875 0.278125 0.553125 0.278125
3 0.559375 0.3078125 0.6140625 0.3078125 0.6140625 0.3890625 0.559375 0.3890625
3 0.559375 0.4109375 0.61875 0.4109375 0.61875 0.4984375 0.559375 0.4984375
3 0.5609375 0.5265625 0.628125 0.5265625 0.628125 0.6078125 0.5609375 0.6078125
3 0.559375 0.6359375 0.6203125 0.6359375 0.6203125 0.721875 0.559375 0.721875
3 0.553125 0.734375 0.621875 0.734375 0.621875 0.8328125 0.553125 0.8328125
3 0.559375 0.8453125 0.63125 0.8453125 0.63125 0.94375 0.559375 0.94375
5 0.31875 0.828125 0.3875 0.828125 0.3875 0.9625 0.31875 0.9625
5 0.2359375 0.8484375 0.3125 0.8484375 0.3125 0.96875 0.2359375 0.96875