3 0.4 0.5328125 0.446875 0.5328125 0.446875 0.590625 0.4 0.590625
3 0.4015625 0.7125 0.4484375 0.7125 0.4484375 0.78125 0.4015625 0.78125
3 0.33125 0.8109375 0.378125 0.8109375 0.378125 0.8875 0.33125 0.8875
3 0.471875 0.70625 0.515625 0.70625 0.515625 0.78125 0.471875 0.78125
3 0.5390625 0.4234375 0.5921875 0.4234375 0.5921875 0.4828125 0.5390625 0.4828125
3 0.54375 0.3328125 0.5953125 0.3328125 0.5953125 0.39375 0.54375 0.39375
3 0.69375 0.1015625 0.7484375 0.1015625 0.7484375 0.178125 0.69375 0.178125
1 0.296875 0.321875 0.3796875 0.321875 0.3796875 0.396875 0.296875 0.396875
1 0.4578125 0.321875 0.5234375 0.321875 0.5234375 0.403125 0.4578125 0.403125
1 0.609375 0.4078125 0.678125 0.4078125 0.678125 0.4875 0.609375 0.4875
1 0.76875 0.309375 0.8625 0.309375 0.8625 0.39375 0.76875 0.39375
2 0.225 0.515625 0.3015625 0.515625 0.3015625 0.590625 0.225 0.590625
2 0.6078125 0.509375 0.66875 0.509375 0.66875 0.5921875 0.6078125 0.5921875
2 0.76875 0.6109375 0.8484375 0.6109375 0.8484375 0.6953125 0.76875 0.6953125
2 0.7578125 0.5015625 0.8296875 0.5015625 0.8296875 0.5796875 0.7578125 0.5796875
6 0.54375 0.2078125 0.5953125 0.2078125 0.5953125 0.2890625 0.54375 0.2890625
6 0.5375 0.0953125 0.59375 0.0953125 0.59375 0.1890625 0.5375 0.1890625
6 0.6140625 0.321875 0.66875 0.321875 0.66875 0.39375 0.6140625 0.39375
6 0.6953125 0.4125 0.7546875 0.4125 0.7546875 0.490625 0.6953125 0.490625
9 0.4703125 0.6109375 0.5203125 0.6109375 0.5203125 0.675 0.4703125 0.675
9 0.5375 0.5109375 0.5875 0.5109375 0.5875 0.5734375 0.5375 0.5734375
9 0.696875 0.2171875 0.746875 0.2171875 0.746875 0.2828125 0.696875 0.2828125
9 0.553125 0.80625 0.6015625 0.80625 0.6015625 0.88125 0.553125 0.88125
11 0.3875 0.3265625 0.44375 0.3265625 0.44375 0.4 0.3875 0.4
11 0.6921875 0.615625 0.7546875 0.615625 0.7546875 0.7078125 0.6921875 0.7078125
11 0.534375 0.6171875 0.5875 0.6171875 0.5875 0.703125 0.534375 0.703125
0 0.475 0.5171875 0.525 0.5171875 0.525 0.584375 0.475 0.584375
0 0.309375 0.1140625 0.3765625 0.1140625 0.3765625 0.1984375 0.309375 0.1984375
5 0.4625 0.4265625 0.5203125 0.4265625 0.5203125 0.4953125 0.4625 0.4953125
5 0.396875 0.615625 0.453125 0.615625 0.453125 0.7046875 0.396875 0.7046875
8 0.2296875 0.1109375 0.296875 0.1109375 0.296875 0.2109375 0.2296875 0.2109375
8 0.684375 0.2984375 0.753125 0.2984375 0.753125 0.3875 0.684375 0.3875
4 0.6875 0.715625 0.76875 0.715625 0.76875 0.83125 0.6875 0.83125
10 0.4515625 0.08125 0.515625 0.08125 0.515625 0.2015625 0.4515625 0.2015625