9 0.175 0.590625 0.325 0.590625 0.325 0.721875 0.175 0.721875
3 0.0359375 0.140625 0.203125 0.140625 0.203125 0.2828125 0.0359375 0.2828125
3 0.209375 0.15625 0.34375 0.15625 0.34375 0.296875 0.209375 0.296875
3 0.6125 0.5640625 0.734375 0.5640625 0.734375 0.6921875 0.6125 0.6921875
3 0.4421875 0.18125 0.55625 0.18125 0.55625 0.315625 0.4421875 0.315625
3 0.609375 0.15625 0.7375 0.15625 0.7375 0.30625 0.609375 0.30625
3 0.821875 0.396875 0.978125 0.396875 0.978125 0.521875 0.821875 0.521875
9 0.2171875 0.8328125 0.3578125 0.8328125 0.3578125 0.9953125 0.2171875 0.9953125
9 0.1625 0.41875 0.3171875 0.41875 0.3171875 0.540625 0.1625 0.540625
9 0.39375 0.81875 0.540625 0.81875 0.540625 0.990625 0.39375 0.990625
9 0.596875 0.765625 0.734375 0.765625 0.734375 0.93125 0.596875 0.93125
9 0.840625 0.1359375 0.9984375 0.1359375 0.9984375 0.2921875 0.840625 0.2921875