3 0.859375 0.5125 0.971875 0.5125 0.971875 0.58125 0.859375 0.58125
3 0.4078125 0.528125 0.4953125 0.528125 0.4953125 0.5921875 0.4078125 0.5921875
3 0.3875 0.3546875 0.4734375 0.3546875 0.4734375 0.4140625 0.3875 0.4140625
3 0.178125 0.3546875 0.2734375 0.3546875 0.2734375 0.41875 0.178125 0.41875
3 0.021875 0.1828125 0.121875 0.1828125 0.121875 0.25 0.021875 0.25
3 0.85625 0.1546875 0.975 0.1546875 0.975 0.228125 0.85625 0.228125
3 0.03125 0.596875 0.134375 0.596875 0.134375 0.6703125 0.03125 0.6703125
1 0.503125 0.68125 0.603125 0.68125 0.603125 0.790625 0.503125 0.790625
1 0.3875 0.775 0.4828125 0.775 0.4828125 0.9 0.3875 0.9
1 0.2484375 0.4328125 0.36875 0.4328125 0.36875 0.5078125 0.2484375 0.5078125
1 0.5 0.215625 0.6109375 0.215625 0.6109375 0.328125 0.5 0.328125
2 0.7375 0.603125 0.8390625 0.603125 0.8390625 0.6875 0.7375 0.6875
2 0.146875 0.6953125 0.2671875 0.6953125 0.2671875 0.76875 0.146875 0.76875
2 0.7234375 0.2515625 0.865625 0.2515625 0.865625 0.3375 0.7234375 0.3375
2 0.275 0.228125 0.3734375 0.228125 0.3734375 0.3375 0.275 0.3375
5 0.284375 0.684375 0.3765625 0.684375 0.3765625 0.78125 0.284375 0.78125
5 0.6328125 0.4234375 0.734375 0.4234375 0.734375 0.5 0.6328125 0.5
0 0.625 0.765625 0.728125 0.765625 0.728125 0.8625 0.625 0.8625
0 0.8484375 0.7578125 0.990625 0.7578125 0.990625 0.8640625 0.8484375 0.8640625
4 0.49375 0.43125 0.603125 0.43125 0.603125 0.515625 0.49375 0.515625