9 0.14375 0.5828125 0.2515625 0.5828125 0.2515625 0.621875 0.14375 0.621875
9 0.1578125 0.459375 0.2609375 0.459375 0.2609375 0.4984375 0.1578125 0.4984375
9 0.278125 0.5296875 0.375 0.5296875 0.375 0.5640625 0.278125 0.5640625
9 0.409375 0.5234375 0.509375 0.5234375 0.509375 0.5546875 0.409375 0.5546875
9 0.5328125 0.515625 0.6328125 0.515625 0.6328125 0.55 0.5328125 0.55
9 0.6453125 0.5109375 0.7453125 0.5109375 0.7453125 0.55 0.6453125 0.55
9 0.628125 0.4546875 0.7328125 0.4546875 0.7328125 0.4953125 0.628125 0.4953125
9 0.5359375 0.459375 0.6328125 0.459375 0.6328125 0.49375 0.5359375 0.49375
6 0.4046875 0.4515625 0.525 0.4515625 0.525 0.49375 0.4046875 0.49375
6 0.284375 0.45 0.4109375 0.45 0.4109375 0.490625 0.284375 0.490625
10 0.7359375 0.4546875 0.909375 0.4546875 0.909375 0.5 0.7359375 0.5
7 0.7296875 0.384375 0.915625 0.384375 0.915625 0.4328125 0.7296875 0.4328125
3 0.146875 0.3984375 0.2375 0.3984375 0.2375 0.440625 0.146875 0.440625
3 0.1375 0.3359375 0.23125 0.3359375 0.23125 0.378125 0.1375 0.378125
3 0.284375 0.3296875 0.3890625 0.3296875 0.3890625 0.371875 0.284375 0.371875
3 0.4015625 0.346875 0.5046875 0.346875 0.5046875 0.38125 0.4015625 0.38125
3 0.515625 0.325 0.6125 0.325 0.6125 0.365625 0.515625 0.365625
3 0.6359375 0.33125 0.7453125 0.33125 0.7453125 0.375 0.6359375 0.375
3 0.61875 0.403125 0.725 0.403125 0.725 0.4453125 0.61875 0.4453125
3 0.5390625 0.3984375 0.6390625 0.3984375 0.6390625 0.4375 0.5390625 0.4375
0 0.409375 0.3953125 0.53125 0.3953125 0.53125 0.440625 0.409375 0.440625
0 0.275 0.39375 0.4046875 0.39375 0.4046875 0.440625 0.275 0.440625
5 0.3953125 0.271875 0.51875 0.271875 0.51875 0.325 0.3953125 0.325
5 0.5125 0.271875 0.6515625 0.271875 0.6515625 0.31875 0.5125 0.31875
5 0.540625 0.56875 0.6625 0.56875 0.6625 0.6140625 0.540625 0.6140625
5 0.4109375 0.56875 0.5421875 0.56875 0.5421875 0.615625 0.4109375 0.615625
4 0.003125 0.446875 0.140625 0.446875 0.140625 0.5078125 0.003125 0.5078125
1 0.0078125 0.3796875 0.1171875 0.3796875 0.1171875 0.4421875 0.0078125 0.4421875