0 0.425 0.428125 0.5390625 0.428125 0.5390625 0.459375 0.425 0.459375
0 0.465625 0.48125 0.5796875 0.48125 0.5796875 0.509375 0.465625 0.509375
7 0.74375 0.346875 0.903125 0.346875 0.903125 0.38125 0.74375 0.38125
4 0.7703125 0.390625 0.925 0.390625 0.925 0.425 0.7703125 0.425
11 0.6671875 0.25625 0.775 0.25625 0.775 0.2921875 0.6671875 0.2921875
11 0.3 0.2765625 0.415625 0.2765625 0.415625 0.3171875 0.3 0.3171875
8 0.48125 0.23125 0.609375 0.23125 0.609375 0.271875 0.48125 0.271875
8 0.075 0.309375 0.209375 0.309375 0.209375 0.3546875 0.075 0.3546875
6 0.5125 0.409375 0.6359375 0.409375 0.6359375 0.434375 0.5125 0.434375
6 0.3328125 0.33125 0.4484375 0.33125 0.4484375 0.36875 0.3328125 0.36875
1 0.225 0.471875 0.390625 0.471875 0.390625 0.5125 0.225 0.5125
10 0.284375 0.5203125 0.4484375 0.5203125 0.4484375 0.559375 0.284375 0.559375
5 0.509375 0.2875 0.628125 0.2875 0.628125 0.328125 0.509375 0.328125
5 0.43125 0.315625 0.5375 0.315625 0.5375 0.35 0.43125 0.35
5 0.7125 0.51875 0.815625 0.51875 0.815625 0.54375 0.7125 0.54375
5 0.6359375 0.540625 0.7390625 0.540625 0.7390625 0.5671875 0.6359375 0.5671875
3 0.6296875 0.31875 0.7234375 0.31875 0.7234375 0.3453125 0.6296875 0.3453125
3 0.53125 0.334375 0.6328125 0.334375 0.6328125 0.3625 0.53125 0.3625
3 0.4734375 0.375 0.5671875 0.375 0.5671875 0.403125 0.4734375 0.403125
3 0.3921875 0.390625 0.4765625 0.390625 0.4765625 0.415625 0.3921875 0.415625
3 0.2890625 0.4109375 0.3828125 0.4109375 0.3828125 0.440625 0.2890625 0.440625
3 0.6203125 0.384375 0.7 0.384375 0.7 0.409375 0.6203125 0.409375
3 0.5625 0.4578125 0.653125 0.4578125 0.653125 0.4828125 0.5625 0.4828125
3 0.3796875 0.4609375 0.4375 0.4609375 0.4375 0.4859375 0.3796875 0.4859375
9 0.7390625 0.45625 0.8375 0.45625 0.8375 0.478125 0.7390625 0.478125
9 0.665625 0.478125 0.7671875 0.478125 0.7671875 0.503125 0.665625 0.503125
9 0.5859375 0.509375 0.6875 0.509375 0.6875 0.525 0.5859375 0.525
9 0.5078125 0.5328125 0.6109375 0.5328125 0.6109375 0.5578125 0.5078125 0.5578125
9 0.45 0.5859375 0.55 0.5859375 0.55 0.6171875 0.45 0.6171875
9 0.7125 0.4140625 0.7921875 0.4140625 0.7921875 0.4390625 0.7125 0.4390625
9 0.628125 0.434375 0.7296875 0.434375 0.7296875 0.4625 0.628125 0.4625
9 0.390625 0.496875 0.484375 0.496875 0.484375 0.521875 0.390625 0.521875