0 0.8390625 0.46875 0.9390625 0.46875 0.9390625 0.6640625 0.8390625 0.6640625
0 0.65625 0.071875 0.7390625 0.071875 0.7390625 0.23125 0.65625 0.23125
1 0.540625 0.3 0.615625 0.3 0.615625 0.546875 0.540625 0.546875
3 0.7625 0.7234375 0.828125 0.7234375 0.828125 0.8890625 0.7625 0.8890625
3 0.7625 0.121875 0.8359375 0.121875 0.8359375 0.2546875 0.7625 0.2546875
3 0.5625 0.515625 0.61875 0.515625 0.61875 0.659375 0.5625 0.659375
3 0.4765625 0.684375 0.5296875 0.684375 0.5296875 0.8609375 0.4765625 0.8609375
3 0.4765625 0.5015625 0.5265625 0.5015625 0.5265625 0.65625 0.4765625 0.65625
3 0.2765625 0.5375 0.3390625 0.5375 0.3390625 0.6921875 0.2765625 0.6921875
3 0.1625 0.3515625 0.2375 0.3515625 0.2375 0.5046875 0.1625 0.5046875
3 0.134375 0.146875 0.215625 0.146875 0.215625 0.284375 0.134375 0.284375
4 0.3484375 0.5 0.4359375 0.5 0.4359375 0.7703125 0.3484375 0.7703125
5 0.1609375 0.5078125 0.253125 0.5078125 0.253125 0.7046875 0.1609375 0.7046875
5 0.5625 0.6859375 0.6265625 0.6859375 0.6265625 0.8921875 0.5625 0.8921875
5 0.8765625 0.0921875 0.996875 0.0921875 0.996875 0.2625 0.8765625 0.2625
6 0.1625 0.69375 0.25 0.69375 0.25 0.9078125 0.1625 0.9078125
6 0.6515625 0.6875 0.725 0.6875 0.725 0.9015625 0.6515625 0.9015625
7 0.646875 0.509375 0.7421875 0.509375 0.7421875 0.7828125 0.646875 0.7828125
8 0.5515625 0.121875 0.625 0.121875 0.625 0.3109375 0.5515625 0.3109375
8 0.446875 0.0984375 0.5171875 0.0984375 0.5171875 0.2984375 0.446875 0.2984375
9 0.2859375 0.7140625 0.346875 0.7140625 0.346875 0.8765625 0.2859375 0.8765625
9 0.275 0.371875 0.3375 0.371875 0.3375 0.5375 0.275 0.5375
9 0.3765625 0.3203125 0.4328125 0.3203125 0.4328125 0.4734375 0.3765625 0.4734375
9 0.46875 0.3390625 0.525 0.3390625 0.525 0.4921875 0.46875 0.4921875
9 0.81875 0.6828125 0.8921875 0.6828125 0.8921875 0.8421875 0.81875 0.8421875
9 0.7375 0.50625 0.809375 0.50625 0.809375 0.665625 0.7375 0.665625
9 0.8359375 0.3046875 0.91875 0.3046875 0.91875 0.4578125 0.8359375 0.4578125
9 0.75 0.31875 0.825 0.31875 0.825 0.465625 0.75 0.465625
10 0.371875 0.7265625 0.453125 0.7265625 0.453125 1 0.371875 1
11 0.221875 0.1078125 0.3125 0.1078125 0.3125 0.284375 0.221875 0.284375
11 0.65625 0.325 0.7375 0.325 0.7375 0.5125 0.65625 0.5125
5 0.3234375 0.1140625 0.4046875 0.1140625 0.4046875 0.2859375 0.3234375 0.2859375