1 0.2625 0.5796875 0.3609375 0.5796875 0.3609375 0.6453125 0.2625 0.6453125
4 0.571875 0.653125 0.659375 0.653125 0.659375 0.73125 0.571875 0.73125
4 0.578125 0.5015625 0.659375 0.5015625 0.659375 0.565625 0.578125 0.565625
4 0.571875 0.353125 0.653125 0.353125 0.653125 0.43125 0.571875 0.43125
4 0.265625 0.4328125 0.365625 0.4328125 0.365625 0.4953125 0.265625 0.4953125
6 0.48125 0.803125 0.56875 0.803125 0.56875 0.884375 0.48125 0.884375
6 0.3875 0.8 0.471875 0.8 0.471875 0.875 0.3875 0.875
6 0.390625 0.440625 0.4640625 0.440625 0.4640625 0.5015625 0.390625 0.5015625
6 0.490625 0.5046875 0.565625 0.5046875 0.565625 0.565625 0.490625 0.565625
7 0.48125 0.721875 0.5703125 0.721875 0.5703125 0.803125 0.48125 0.803125
7 0.384375 0.7203125 0.4796875 0.7203125 0.4796875 0.809375 0.384375 0.809375
7 0.4859375 0.65 0.5703125 0.65 0.5703125 0.725 0.4859375 0.725
7 0.38125 0.58125 0.471875 0.58125 0.471875 0.640625 0.38125 0.640625
7 0.4796875 0.3578125 0.5578125 0.3578125 0.5578125 0.4265625 0.4796875 0.4265625
10 0.375 0.278125 0.459375 0.278125 0.459375 0.35625 0.375 0.35625
10 0.3765625 0.359375 0.4625 0.359375 0.4625 0.43125 0.3765625 0.43125
10 0.475 0.275 0.553125 0.275 0.553125 0.3625 0.475 0.3625
10 0.38125 0.50625 0.46875 0.50625 0.46875 0.571875 0.38125 0.571875
10 0.478125 0.4375 0.56875 0.4375 0.56875 0.49375 0.478125 0.49375
10 0.3796875 0.653125 0.46875 0.653125 0.46875 0.721875 0.3796875 0.721875
10 0.4828125 0.578125 0.565625 0.578125 0.565625 0.6390625 0.4828125 0.6390625