8 0.1078125 0.1125 0.2125 0.1125 0.2125 0.221875 0.1078125 0.221875
8 0.415625 0.41875 0.503125 0.41875 0.503125 0.5 0.415625 0.5
8 0.315625 0.6125 0.40625 0.6125 0.40625 0.696875 0.315625 0.696875
8 0.51875 0.79375 0.6078125 0.79375 0.6078125 0.903125 0.51875 0.903125
8 0.79375 0.209375 0.8984375 0.209375 0.8984375 0.31875 0.79375 0.31875
8 0.7 0.5 0.79375 0.5 0.79375 0.5921875 0.7 0.5921875
6 0.615625 0.6953125 0.715625 0.6953125 0.715625 0.79375 0.615625 0.79375
6 0.3140625 0.5234375 0.4046875 0.5234375 0.4046875 0.6125 0.3140625 0.6125
6 0.228125 0.1015625 0.321875 0.1015625 0.321875 0.225 0.228125 0.225
6 0.3140625 0.1296875 0.4 0.1296875 0.4 0.2484375 0.3140625 0.2484375
6 0.51875 0.5875 0.59375 0.5875 0.59375 0.678125 0.51875 0.678125
6 0.8140625 0.4125 0.9140625 0.4125 0.9140625 0.496875 0.8140625 0.496875
7 0.515625 0.39375 0.603125 0.39375 0.603125 0.490625 0.515625 0.490625
7 0.809375 0.6078125 0.9484375 0.6078125 0.9484375 0.6984375 0.809375 0.6984375
7 0.5875 0.5875 0.690625 0.5875 0.690625 0.684375 0.5875 0.684375
9 0.7 0.309375 0.775 0.309375 0.775 0.384375 0.7 0.384375
10 0.18125 0.775 0.3125 0.775 0.3125 0.9046875 0.18125 0.9046875
10 0.4046875 0.090625 0.4953125 0.090625 0.4953125 0.23125 0.4046875 0.23125
10 0.403125 0.7890625 0.4953125 0.7890625 0.4953125 0.9140625 0.403125 0.9140625
11 0.2046875 0.7015625 0.3140625 0.7015625 0.3140625 0.7890625 0.2046875 0.7890625
11 0.4921875 0.5 0.5625 0.5 0.5625 0.5796875 0.4921875 0.5796875
11 0.7984375 0.3171875 0.9 0.3171875 0.9 0.4015625 0.7984375 0.4015625
11 0.6171875 0.4109375 0.690625 0.4109375 0.690625 0.4953125 0.6171875 0.4953125
5 0.80625 0.8046875 0.934375 0.8046875 0.934375 0.90625 0.80625 0.90625
5 0.80625 0.6921875 0.915625 0.6921875 0.915625 0.7765625 0.80625 0.7765625
5 0.4078125 0.30625 0.4859375 0.30625 0.4859375 0.4 0.4078125 0.4
5 0.0921875 0.8125 0.1984375 0.8125 0.1984375 0.9015625 0.0921875 0.9015625
5 0.08125 0.715625 0.196875 0.715625 0.196875 0.8078125 0.08125 0.8078125
5 0.4125 0.5953125 0.4953125 0.5953125 0.4953125 0.6828125 0.4125 0.6828125
4 0.7109375 0.6953125 0.821875 0.6953125 0.821875 0.8078125 0.7109375 0.8078125
4 0.515625 0.70625 0.6125 0.70625 0.6125 0.815625 0.515625 0.815625
4 0.3125 0.4046875 0.40625 0.4046875 0.40625 0.496875 0.3125 0.496875
3 0.6046875 0.3234375 0.69375 0.3234375 0.69375 0.3890625 0.6046875 0.3890625
3 0.315625 0.31875 0.3921875 0.31875 0.3921875 0.3921875 0.315625 0.3921875
2 0.315625 0.7078125 0.4203125 0.7078125 0.4203125 0.8109375 0.315625 0.8109375
2 0.08125 0.528125 0.209375 0.528125 0.209375 0.6125 0.08125 0.6125
2 0.5 0.1015625 0.584375 0.1015625 0.584375 0.2328125 0.5 0.2328125
2 0.603125 0.5234375 0.6984375 0.5234375 0.6984375 0.6078125 0.603125 0.6078125
1 0.1828125 0.409375 0.3015625 0.409375 0.3015625 0.50625 0.1828125 0.50625
1 0.0734375 0.2046875 0.209375 0.2046875 0.209375 0.3328125 0.0734375 0.3328125
1 0.6890625 0.1890625 0.809375 0.1890625 0.809375 0.3140625 0.6890625 0.3140625
0 0.196875 0.6 0.2859375 0.6 0.2859375 0.6859375 0.196875 0.6859375
0 0.4234375 0.5140625 0.4953125 0.5140625 0.4953125 0.5921875 0.4234375 0.5921875
0 0.090625 0.328125 0.2 0.328125 0.2 0.4171875 0.090625 0.4171875
0 0.5890625 0.2171875 0.6828125 0.2171875 0.6828125 0.3171875 0.5890625 0.3171875
0 0.8 0.5 0.9109375 0.5 0.9109375 0.58125 0.8 0.58125