0 0.18125 0.6640625 0.290625 0.6640625 0.290625 0.6984375 0.18125 0.6984375
0 0.165625 0.6265625 0.275 0.6265625 0.275 0.659375 0.165625 0.659375
0 0.0640625 0.4921875 0.1796875 0.4921875 0.1796875 0.521875 0.0640625 0.521875
0 0.284375 0.3859375 0.390625 0.3859375 0.390625 0.4203125 0.284375 0.4203125
0 0.3890625 0.3359375 0.4859375 0.3359375 0.4859375 0.375 0.3890625 0.375
0 0.596875 0.684375 0.690625 0.684375 0.690625 0.725 0.596875 0.725
6 0.475 0.6359375 0.575 0.6359375 0.575 0.6703125 0.475 0.6703125
6 0.5859375 0.625 0.6828125 0.625 0.6828125 0.659375 0.5859375 0.659375
6 0.45625 0.3375 0.55625 0.3375 0.55625 0.371875 0.45625 0.371875
6 0.571875 0.3734375 0.66875 0.3734375 0.66875 0.4125 0.571875 0.4125
6 0.671875 0.36875 0.7625 0.36875 0.7625 0.403125 0.671875 0.403125
6 0.3484375 0.48125 0.45 0.48125 0.45 0.515625 0.3484375 0.515625
9 0.09375 0.671875 0.18125 0.671875 0.18125 0.7015625 0.09375 0.7015625
9 0.09375 0.53125 0.184375 0.53125 0.184375 0.559375 0.09375 0.559375
9 0.1046875 0.4421875 0.1890625 0.4421875 0.1890625 0.4703125 0.1046875 0.4703125
9 0.390625 0.634375 0.471875 0.634375 0.471875 0.6640625 0.390625 0.6640625
9 0.096875 0.4 0.184375 0.4 0.184375 0.428125 0.096875 0.428125
9 0.4875 0.4375 0.565625 0.4375 0.565625 0.46875 0.4875 0.46875
9 0.7015625 0.596875 0.7765625 0.596875 0.7765625 0.628125 0.7015625 0.628125
5 0.80625 0.584375 0.8984375 0.584375 0.8984375 0.625 0.80625 0.625
5 0.8015625 0.53125 0.8953125 0.53125 0.8953125 0.565625 0.8015625 0.565625
5 0.2703125 0.5859375 0.371875 0.5859375 0.371875 0.6203125 0.2703125 0.6203125
5 0.4625 0.484375 0.5640625 0.484375 0.5640625 0.51875 0.4625 0.51875
5 0.4625 0.378125 0.5609375 0.378125 0.5609375 0.415625 0.4625 0.415625
5 0.290625 0.3328125 0.3875 0.3328125 0.3875 0.371875 0.290625 0.371875
5 0.075 0.5765625 0.184375 0.5765625 0.184375 0.6078125 0.075 0.6078125
11 0.2859375 0.53125 0.3921875 0.53125 0.3921875 0.565625 0.2859375 0.565625
11 0.0671875 0.35625 0.1734375 0.35625 0.1734375 0.390625 0.0671875 0.390625
11 0.1875 0.3953125 0.29375 0.3953125 0.29375 0.4296875 0.1875 0.4296875
11 0.778125 0.48125 0.878125 0.48125 0.878125 0.51875 0.778125 0.51875
11 0.56875 0.534375 0.66875 0.534375 0.66875 0.56875 0.56875 0.56875
11 0.5875 0.48125 0.690625 0.48125 0.690625 0.515625 0.5875 0.515625
7 0.778125 0.4140625 0.896875 0.4140625 0.896875 0.4578125 0.778125 0.4578125
7 0.153125 0.440625 0.296875 0.440625 0.296875 0.475 0.153125 0.475
7 0.1609375 0.340625 0.3 0.340625 0.3 0.3875 0.1609375 0.3875
1 0.44375 0.525 0.578125 0.525 0.578125 0.5640625 0.44375 0.5640625
1 0.3390625 0.4375 0.4765625 0.4375 0.4765625 0.478125 0.3390625 0.478125
1 0.146875 0.5734375 0.2875 0.5734375 0.2875 0.609375 0.146875 0.609375
2 0.25625 0.628125 0.365625 0.628125 0.365625 0.665625 0.25625 0.665625
2 0.3640625 0.5375 0.465625 0.5375 0.465625 0.5734375 0.3640625 0.5734375
2 0.56875 0.4265625 0.66875 0.4265625 0.66875 0.465625 0.56875 0.465625
2 0.5640625 0.328125 0.6703125 0.328125 0.6703125 0.36875 0.5640625 0.36875
8 0.28125 0.68125 0.3890625 0.68125 0.3890625 0.7203125 0.28125 0.7203125
8 0.48125 0.58125 0.58125 0.58125 0.58125 0.6203125 0.48125 0.6203125
8 0.26875 0.434375 0.375 0.434375 0.375 0.471875 0.26875 0.471875
8 0.3625 0.39375 0.478125 0.39375 0.478125 0.43125 0.3625 0.43125
8 0.1734375 0.48125 0.2875 0.48125 0.2875 0.515625 0.1734375 0.515625
8 0.0859375 0.621875 0.1921875 0.621875 0.1921875 0.659375 0.0859375 0.659375
10 0.1359375 0.534375 0.278125 0.534375 0.278125 0.571875 0.1359375 0.571875
10 0.7859375 0.309375 0.896875 0.309375 0.896875 0.3625 0.7859375 0.3625
4 0.45 0.684375 0.578125 0.684375 0.578125 0.73125 0.45 0.73125
4 0.659375 0.6875 0.78125 0.6875 0.78125 0.740625 0.659375 0.740625
5 0.66875 0.31875 0.76875 0.31875 0.76875 0.3625 0.66875 0.3625
4 0.2421875 0.478125 0.3796875 0.478125 0.3796875 0.5171875 0.2421875 0.5171875
10 0.3296875 0.5828125 0.46875 0.5828125 0.46875 0.6234375 0.3296875 0.6234375