5 0.19375 0.23125 0.3015625 0.23125 0.3015625 0.309375 0.19375 0.309375
5 0.409375 0.315625 0.5 0.315625 0.5 0.390625 0.409375 0.390625
5 0.825 0.3046875 0.953125 0.3046875 0.953125 0.3796875 0.825 0.3796875
5 0.184375 0.3875 0.3 0.3875 0.3 0.45625 0.184375 0.45625
5 0.734375 0.384375 0.8375 0.384375 0.8375 0.459375 0.734375 0.459375
5 0.41875 0.4796875 0.509375 0.4796875 0.509375 0.5390625 0.41875 0.5390625
5 0.5234375 0.5515625 0.6171875 0.5515625 0.6171875 0.609375 0.5234375 0.609375
5 0.7375 0.5546875 0.84375 0.5546875 0.84375 0.6203125 0.7375 0.6203125
5 0.071875 0.715625 0.196875 0.715625 0.196875 0.7875 0.071875 0.7875
5 0.071875 0.803125 0.196875 0.803125 0.196875 0.89375 0.071875 0.89375
5 0.6328125 0.784375 0.734375 0.784375 0.734375 0.875 0.6328125 0.875
11 0.2953125 0.309375 0.3984375 0.309375 0.3984375 0.390625 0.2953125 0.390625
11 0.8328125 0.4671875 0.9578125 0.4671875 0.9578125 0.5296875 0.8328125 0.5296875
11 0.0765625 0.54375 0.2015625 0.54375 0.2015625 0.6125 0.0765625 0.6125
11 0.3109375 0.5546875 0.4046875 0.5546875 0.4046875 0.6203125 0.3109375 0.6203125
11 0.5390625 0.625 0.6234375 0.625 0.6234375 0.7015625 0.5390625 0.7015625
11 0.8359375 0.546875 0.9421875 0.546875 0.9421875 0.6125 0.8359375 0.6125
11 0.840625 0.621875 0.9640625 0.621875 0.9640625 0.69375 0.840625 0.69375
11 0.734375 0.70625 0.846875 0.70625 0.846875 0.7859375 0.734375 0.7859375
11 0.428125 0.7140625 0.51875 0.7140625 0.51875 0.79375 0.428125 0.79375
11 0.075 0.6390625 0.19375 0.6390625 0.19375 0.7078125 0.075 0.7078125
11 0.84375 0.784375 0.9734375 0.784375 0.9734375 0.871875 0.84375 0.871875