10 0.49375 0.675 0.578125 0.675 0.578125 0.771875 0.49375 0.771875
10 0.390625 0.596875 0.475 0.596875 0.475 0.69375 0.390625 0.69375
10 0.384375 0.3671875 0.4875 0.3671875 0.4875 0.4421875 0.384375 0.4421875
10 0.684375 0.53125 0.809375 0.53125 0.809375 0.6078125 0.684375 0.6078125
10 0.39375 0.75 0.4765625 0.75 0.4765625 0.846875 0.39375 0.846875
10 0.584375 0.290625 0.69375 0.290625 0.69375 0.378125 0.584375 0.378125
10 0.159375 0.375 0.28125 0.375 0.28125 0.446875 0.159375 0.446875
7 0.4828125 0.521875 0.59375 0.521875 0.59375 0.603125 0.4828125 0.603125
7 0.05 0.6078125 0.16875 0.6078125 0.16875 0.6921875 0.05 0.6921875
7 0.590625 0.603125 0.68125 0.603125 0.68125 0.6875 0.590625 0.6875
7 0.034375 0.190625 0.18125 0.190625 0.18125 0.2828125 0.034375 0.2828125
7 0.04375 0.446875 0.178125 0.446875 0.178125 0.5265625 0.04375 0.5265625
6 0.496875 0.290625 0.584375 0.290625 0.584375 0.36875 0.496875 0.36875
6 0.290625 0.4484375 0.384375 0.4484375 0.384375 0.515625 0.290625 0.515625
6 0.284375 0.53125 0.378125 0.53125 0.378125 0.6078125 0.284375 0.6078125
6 0.68125 0.6796875 0.7828125 0.6796875 0.7828125 0.7546875 0.68125 0.7546875
4 0.6828125 0.378125 0.8203125 0.378125 0.8203125 0.4484375 0.6828125 0.4484375
4 0.278125 0.278125 0.375 0.278125 0.375 0.36875 0.278125 0.36875
4 0.484375 0.44375 0.5859375 0.44375 0.5859375 0.515625 0.484375 0.515625
4 0.7625 0.734375 0.89375 0.734375 0.89375 0.8484375 0.7625 0.8484375
1 0.165625 0.7390625 0.2859375 0.7390625 0.2859375 0.846875 0.165625 0.846875