2 0.059375 0.60625 0.165625 0.60625 0.165625 0.6828125 0.059375 0.6828125
2 0.0375 0.403125 0.1578125 0.403125 0.1578125 0.484375 0.0375 0.484375
2 0.040625 0.190625 0.1515625 0.190625 0.1515625 0.2875 0.040625 0.2875
2 0.146875 0.065625 0.25625 0.065625 0.25625 0.165625 0.146875 0.165625
2 0.153125 0.2 0.2625 0.2 0.2625 0.2828125 0.153125 0.2828125
2 0.1484375 0.5953125 0.2671875 0.5953125 0.2671875 0.671875 0.1484375 0.671875
2 0.271875 0.784375 0.3609375 0.784375 0.3609375 0.8765625 0.271875 0.8765625
2 0.378125 0.6984375 0.4625 0.6984375 0.4625 0.775 0.378125 0.775
2 0.378125 0.590625 0.465625 0.590625 0.465625 0.66875 0.378125 0.66875
2 0.271875 0.4015625 0.3609375 0.4015625 0.3609375 0.4765625 0.271875 0.4765625
2 0.3671875 0.19375 0.4546875 0.19375 0.4546875 0.284375 0.3671875 0.284375
2 0.4703125 0.48125 0.5421875 0.48125 0.5421875 0.55625 0.4703125 0.55625
2 0.578125 0.5921875 0.66875 0.5921875 0.66875 0.671875 0.578125 0.671875
8 0.184375 0.4984375 0.275 0.4984375 0.275 0.56875 0.184375 0.56875
8 0.284375 0.696875 0.359375 0.696875 0.359375 0.76875 0.284375 0.76875
8 0.384375 0.7859375 0.4671875 0.7859375 0.4671875 0.8828125 0.384375 0.8828125
8 0.378125 0.3984375 0.4609375 0.3984375 0.4609375 0.4640625 0.378125 0.4640625
8 0.4828125 0.2984375 0.5578125 0.2984375 0.5578125 0.3734375 0.4828125 0.3734375
8 0.2765625 0.1953125 0.3625 0.1953125 0.3625 0.2796875 0.2765625 0.2796875
8 0.4765625 0.0828125 0.5640625 0.0828125 0.5640625 0.1859375 0.4765625 0.1859375
8 0.6625 0.184375 0.75625 0.184375 0.75625 0.28125 0.6625 0.28125
8 0.775 0.0671875 0.896875 0.0671875 0.896875 0.1703125 0.775 0.1703125
8 0.7734375 0.175 0.8890625 0.175 0.8890625 0.265625 0.7734375 0.265625
8 0.775 0.296875 0.89375 0.296875 0.89375 0.3625 0.775 0.3625
8 0.7875 0.39375 0.8859375 0.39375 0.8859375 0.46875 0.7875 0.46875
8 0.675 0.39375 0.775 0.39375 0.775 0.46875 0.675 0.46875
8 0.6734375 0.69375 0.7890625 0.69375 0.7890625 0.778125 0.6734375 0.778125
8 0.796875 0.7921875 0.9125 0.7921875 0.9125 0.8953125 0.796875 0.8953125