1 0.375 0.4359375 0.446875 0.4359375 0.446875 0.521875 0.375 0.521875
4 0.45625 0.540625 0.51875 0.540625 0.51875 0.61875 0.45625 0.61875
4 0.596875 0.540625 0.665625 0.540625 0.665625 0.63125 0.596875 0.63125
4 0.5265625 0.4296875 0.590625 0.4296875 0.590625 0.5140625 0.5265625 0.5140625
4 0.2921875 0.5265625 0.3765625 0.5265625 0.3765625 0.625 0.2921875 0.625
6 0.4640625 0.134375 0.515625 0.134375 0.515625 0.2265625 0.4640625 0.2265625
6 0.3109375 0.446875 0.371875 0.446875 0.371875 0.5171875 0.3109375 0.5171875
6 0.45625 0.71875 0.509375 0.71875 0.509375 0.809375 0.45625 0.809375
6 0.59375 0.81875 0.659375 0.81875 0.659375 0.9203125 0.59375 0.9203125
7 0.59375 0.434375 0.671875 0.434375 0.671875 0.5171875 0.59375 0.5171875
7 0.596875 0.7171875 0.671875 0.7171875 0.671875 0.8375 0.596875 0.8375
7 0.5265625 0.8125 0.5875 0.8125 0.5875 0.94375 0.5265625 0.94375
7 0.2984375 0.8171875 0.378125 0.8171875 0.378125 0.946875 0.2984375 0.946875
7 0.3796875 0.6265625 0.45 0.6265625 0.45 0.7375 0.3796875 0.7375
10 0.459375 0.240625 0.5203125 0.240625 0.5203125 0.33125 0.459375 0.33125
10 0.45 0.34375 0.5171875 0.34375 0.5171875 0.4296875 0.45 0.4296875
10 0.2859375 0.3265625 0.375 0.3265625 0.375 0.41875 0.2859375 0.41875
10 0.2140625 0.63125 0.3015625 0.63125 0.3015625 0.7359375 0.2140625 0.7359375
10 0.459375 0.628125 0.51875 0.628125 0.51875 0.7265625 0.459375 0.7265625
10 0.45625 0.4328125 0.5203125 0.4328125 0.5203125 0.5234375 0.45625 0.5234375
10 0.4578125 0.809375 0.5203125 0.809375 0.5203125 0.946875 0.4578125 0.946875