8 0.0859375 0.3109375 0.178125 0.3109375 0.178125 0.3796875 0.0859375 0.3796875
8 0.2671875 0.30625 0.3625 0.30625 0.3625 0.378125 0.2671875 0.378125
8 0.3484375 0.2171875 0.44375 0.2171875 0.44375 0.3046875 0.3484375 0.3046875
8 0.4609375 0.2921875 0.5421875 0.2921875 0.5421875 0.3703125 0.4609375 0.3703125
8 0.7359375 0.1734375 0.85625 0.1734375 0.85625 0.290625 0.7359375 0.290625
8 0.74375 0.2859375 0.84375 0.2859375 0.84375 0.36875 0.74375 0.36875
8 0.146875 0.4984375 0.2734375 0.4984375 0.2734375 0.5640625 0.146875 0.5640625
8 0.0671875 0.5875 0.1828125 0.5875 0.1828125 0.65625 0.0671875 0.65625
8 0.3796875 0.5875 0.4578125 0.5875 0.4578125 0.65625 0.3796875 0.65625
8 0.1515625 0.6734375 0.2671875 0.6734375 0.2671875 0.76875 0.1515625 0.76875
8 0.278125 0.6625 0.3671875 0.6625 0.3671875 0.7625 0.278125 0.7625
8 0.4734375 0.66875 0.559375 0.66875 0.559375 0.75625 0.4734375 0.75625
8 0.671875 0.6671875 0.7875 0.6671875 0.7875 0.7359375 0.671875 0.7359375
8 0.2671875 0.790625 0.365625 0.790625 0.365625 0.88125 0.2671875 0.88125
8 0.046875 0.88125 0.1890625 0.88125 0.1890625 0.98125 0.046875 0.98125
8 0.4921875 0.878125 0.571875 0.878125 0.571875 0.9875 0.4921875 0.9875
2 0.178125 0.1984375 0.271875 0.1984375 0.271875 0.2984375 0.178125 0.2984375
2 0.63125 0.190625 0.728125 0.190625 0.728125 0.290625 0.63125 0.290625
2 0.5625 0.3 0.6484375 0.3 0.6484375 0.3859375 0.5625 0.3859375
2 0.7515625 0.4546875 0.8546875 0.4546875 0.8546875 0.5359375 0.7515625 0.5359375
2 0.46875 0.3828125 0.546875 0.3828125 0.546875 0.45625 0.46875 0.45625
2 0.16875 0.3984375 0.2734375 0.3984375 0.2734375 0.48125 0.16875 0.48125
2 0.359375 0.4828125 0.4640625 0.4828125 0.4640625 0.5484375 0.359375 0.5484375
2 0.475 0.4796875 0.55 0.4796875 0.55 0.5484375 0.475 0.5484375
2 0.5625 0.5734375 0.6421875 0.5734375 0.6421875 0.6484375 0.5625 0.6484375
2 0.778125 0.75625 0.903125 0.75625 0.903125 0.840625 0.778125 0.840625
2 0.6921875 0.86875 0.7921875 0.86875 0.7921875 0.95625 0.6921875 0.95625
2 0.5921875 0.8765625 0.68125 0.8765625 0.68125 0.9671875 0.5921875 0.9671875
2 0.2671875 0.88125 0.3921875 0.88125 0.3921875 0.971875 0.2671875 0.971875