3 0.759375 0.64375 0.8 0.64375 0.8 0.721875 0.759375 0.721875
3 0.6625 0.65625 0.703125 0.65625 0.703125 0.73125 0.6625 0.73125
3 0.5515625 0.846875 0.5953125 0.846875 0.5953125 0.953125 0.5515625 0.953125
3 0.665625 0.5546875 0.70625 0.5546875 0.70625 0.6296875 0.665625 0.6296875
3 0.675 0.20625 0.7140625 0.20625 0.7140625 0.28125 0.675 0.28125
3 0.6265625 0.0875 0.6625 0.0875 0.6625 0.1578125 0.6265625 0.1578125
3 0.509375 0.325 0.540625 0.325 0.540625 0.3875 0.509375 0.3875
3 0.60625 0.5328125 0.646875 0.5328125 0.646875 0.6078125 0.60625 0.6078125
3 0.575 0.640625 0.609375 0.640625 0.609375 0.7125 0.575 0.7125
3 0.51875 0.759375 0.559375 0.759375 0.559375 0.834375 0.51875 0.834375
3 0.4140625 0.540625 0.4484375 0.540625 0.4484375 0.61875 0.4140625 0.61875
3 0.521875 0.621875 0.55 0.621875 0.55 0.690625 0.521875 0.690625
9 0.7609375 0.8296875 0.8015625 0.8296875 0.8015625 0.9171875 0.7609375 0.9171875
9 0.728125 0.190625 0.7671875 0.190625 0.7671875 0.2734375 0.728125 0.2734375
9 0.728125 0.371875 0.76875 0.371875 0.76875 0.4375 0.728125 0.4375
9 0.7015625 0.390625 0.73125 0.390625 0.73125 0.471875 0.7015625 0.471875
9 0.621875 0.3 0.65625 0.3 0.65625 0.36875 0.621875 0.36875
9 0.525 0.225 0.5546875 0.225 0.5546875 0.296875 0.525 0.296875
9 0.471875 0.4375 0.503125 0.4375 0.503125 0.503125 0.471875 0.503125
9 0.56875 0.434375 0.6 0.434375 0.6 0.5 0.56875 0.5
9 0.665625 0.76875 0.7015625 0.76875 0.7015625 0.853125 0.665625 0.853125
9 0.621875 0.74375 0.659375 0.74375 0.659375 0.821875 0.621875 0.821875
9 0.4640625 0.5359375 0.4984375 0.5359375 0.4984375 0.60625 0.4640625 0.60625
9 0.415625 0.74375 0.45 0.74375 0.45 0.828125 0.415625 0.828125