3 0.5265625 0.0890625 0.5875 0.0890625 0.5875 0.184375 0.5265625 0.184375
3 0.5328125 0.2 0.5921875 0.2 0.5921875 0.278125 0.5328125 0.278125
3 0.5265625 0.3078125 0.5890625 0.3078125 0.5890625 0.3875 0.5265625 0.3875
3 0.5265625 0.415625 0.584375 0.415625 0.584375 0.4921875 0.5265625 0.4921875
3 0.5265625 0.5171875 0.5859375 0.5171875 0.5859375 0.596875 0.5265625 0.596875
3 0.5296875 0.61875 0.5859375 0.61875 0.5859375 0.703125 0.5296875 0.703125
3 0.5234375 0.7125 0.5859375 0.7125 0.5859375 0.809375 0.5234375 0.809375
1 0.4375 0.3046875 0.5125 0.3046875 0.5125 0.409375 0.4375 0.409375
1 0.3609375 0.415625 0.4390625 0.415625 0.4390625 0.509375 0.3609375 0.509375
1 0.4390625 0.415625 0.5171875 0.415625 0.5171875 0.50625 0.4390625 0.50625
1 0.6046875 0.2890625 0.6765625 0.2890625 0.6765625 0.4 0.6046875 0.4
0 0.5984375 0.4109375 0.6640625 0.4109375 0.6640625 0.4984375 0.5984375 0.4984375
0 0.603125 0.525 0.66875 0.525 0.66875 0.6140625 0.603125 0.6140625
5 0.3609375 0.53125 0.4390625 0.53125 0.4390625 0.6125 0.3609375 0.6125
5 0.4421875 0.5265625 0.5125 0.5265625 0.5125 0.61875 0.4421875 0.61875
4 0.3421875 0.309375 0.4375 0.309375 0.4375 0.409375 0.3421875 0.409375
2 0.4484375 0.8234375 0.5203125 0.8234375 0.5203125 0.9421875 0.4484375 0.9421875
2 0.5296875 0.821875 0.5953125 0.821875 0.5953125 0.946875 0.5296875 0.946875
2 0.6140625 0.8234375 0.684375 0.8234375 0.684375 0.95 0.6140625 0.95
2 0.690625 0.828125 0.7609375 0.828125 0.7609375 0.9484375 0.690625 0.9484375