5 0.8046875 0.39375 0.9109375 0.39375 0.9109375 0.4625 0.8046875 0.4625
5 0.709375 0.63125 0.81875 0.63125 0.81875 0.703125 0.709375 0.703125
5 0.60625 0.778125 0.7015625 0.778125 0.7015625 0.86875 0.60625 0.86875
5 0.5078125 0.475 0.5828125 0.475 0.5828125 0.534375 0.5078125 0.534375
5 0.5125 0.3109375 0.596875 0.3109375 0.596875 0.3859375 0.5125 0.3859375
5 0.3875 0.39375 0.46875 0.39375 0.46875 0.4625 0.3875 0.4625
5 0.203125 0.490625 0.29375 0.490625 0.29375 0.546875 0.203125 0.546875
5 0.1953125 0.4015625 0.2890625 0.4015625 0.2890625 0.46875 0.1953125 0.46875
5 0.1765625 0.234375 0.2828125 0.234375 0.2828125 0.315625 0.1765625 0.315625
5 0.2859375 0.70625 0.3796875 0.70625 0.3796875 0.790625 0.2859375 0.790625
11 0.8 0.228125 0.896875 0.228125 0.896875 0.3078125 0.8 0.3078125
11 0.7109375 0.3109375 0.7953125 0.3109375 0.7953125 0.3859375 0.7109375 0.3859375
11 0.715625 0.54375 0.8125 0.54375 0.8125 0.6125 0.715625 0.6125
11 0.609375 0.48125 0.69375 0.48125 0.69375 0.5421875 0.609375 0.5421875
11 0.596875 0.2265625 0.6796875 0.2265625 0.6796875 0.309375 0.596875 0.309375
11 0.50625 0.2328125 0.58125 0.2328125 0.58125 0.3171875 0.50625 0.3171875
11 0.509375 0.63125 0.584375 0.63125 0.584375 0.703125 0.509375 0.703125
11 0.409375 0.559375 0.4796875 0.559375 0.4796875 0.6203125 0.409375 0.6203125
11 0.3046875 0.63125 0.3890625 0.63125 0.3890625 0.7 0.3046875 0.7
11 0.39375 0.23125 0.478125 0.23125 0.478125 0.3140625 0.39375 0.3140625
11 0.184375 0.6375 0.28125 0.6375 0.28125 0.70625 0.184375 0.70625
5 0.0765625 0.7078125 0.178125 0.7078125 0.178125 0.7875 0.0765625 0.7875