10 0.1484375 0.7515625 0.2484375 0.7515625 0.2484375 0.8578125 0.1484375 0.8578125
0 0.1640625 0.6625 0.2453125 0.6625 0.2453125 0.7375 0.1640625 0.7375
7 0.1578125 0.5625 0.26875 0.5625 0.26875 0.6390625 0.1578125 0.6390625
7 0.175 0.4765625 0.2734375 0.4765625 0.2734375 0.55 0.175 0.55
8 0.184375 0.39375 0.2671875 0.39375 0.2671875 0.459375 0.184375 0.459375
11 0.190625 0.315625 0.271875 0.315625 0.271875 0.3859375 0.190625 0.3859375
5 0.1796875 0.21875 0.2703125 0.21875 0.2703125 0.2984375 0.1796875 0.2984375
0 0.275 0.7515625 0.346875 0.7515625 0.346875 0.8234375 0.275 0.8234375
0 0.290625 0.6578125 0.359375 0.6578125 0.359375 0.7296875 0.290625 0.7296875
8 0.271875 0.4890625 0.353125 0.4890625 0.353125 0.5578125 0.271875 0.5578125
2 0.2765625 0.4171875 0.3484375 0.4171875 0.3484375 0.48125 0.2765625 0.48125
5 0.3640625 0.7546875 0.434375 0.7546875 0.434375 0.8390625 0.3640625 0.8390625
6 0.371875 0.584375 0.434375 0.584375 0.434375 0.646875 0.371875 0.646875
4 0.3515625 0.5 0.43125 0.5 0.43125 0.5640625 0.3515625 0.5640625
8 0.359375 0.40625 0.425 0.40625 0.425 0.4703125 0.359375 0.4703125
11 0.3703125 0.30625 0.4359375 0.30625 0.4359375 0.375 0.3703125 0.375
9 0.38125 0.2546875 0.4453125 0.2546875 0.4453125 0.30625 0.38125 0.30625
6 0.375 0.140625 0.446875 0.140625 0.446875 0.2203125 0.375 0.2203125
8 0.44375 0.765625 0.5078125 0.765625 0.5078125 0.84375 0.44375 0.84375
3 0.4484375 0.675 0.5046875 0.675 0.5046875 0.7359375 0.4484375 0.7359375
11 0.459375 0.565625 0.51875 0.565625 0.51875 0.63125 0.459375 0.63125
8 0.440625 0.4953125 0.50625 0.4953125 0.50625 0.565625 0.440625 0.565625
8 0.4640625 0.4171875 0.5296875 0.4171875 0.5296875 0.48125 0.4640625 0.48125
1 0.465625 0.315625 0.534375 0.315625 0.534375 0.39375 0.465625 0.39375
2 0.4625 0.23125 0.5296875 0.23125 0.5296875 0.3015625 0.4625 0.3015625
5 0.5421875 0.746875 0.6109375 0.746875 0.6109375 0.8421875 0.5421875 0.8421875
9 0.5390625 0.665625 0.5953125 0.665625 0.5953125 0.725 0.5390625 0.725
11 0.5375 0.58125 0.6 0.58125 0.6 0.65 0.5375 0.65
6 0.5578125 0.4921875 0.6203125 0.4921875 0.6203125 0.5484375 0.5578125 0.5484375
3 0.5515625 0.3234375 0.60625 0.3234375 0.60625 0.3796875 0.5515625 0.3796875
9 0.5453125 0.2625 0.60625 0.2625 0.60625 0.31875 0.5453125 0.31875
0 0.6328125 0.69375 0.703125 0.69375 0.703125 0.765625 0.6328125 0.765625
7 0.6375 0.5796875 0.7234375 0.5796875 0.7234375 0.6578125 0.6375 0.6578125
6 0.6359375 0.5078125 0.696875 0.5078125 0.696875 0.56875 0.6359375 0.56875
0 0.6421875 0.253125 0.7109375 0.253125 0.7109375 0.325 0.6421875 0.325
10 0.628125 0.1125 0.7171875 0.1125 0.7171875 0.225 0.628125 0.225
4 0.71875 0.7703125 0.8125 0.7703125 0.8125 0.8921875 0.71875 0.8921875
3 0.7171875 0.6671875 0.775 0.6671875 0.775 0.7265625 0.7171875 0.7265625
5 0.7203125 0.5703125 0.79375 0.5703125 0.79375 0.63125 0.7203125 0.63125
2 0.7375 0.409375 0.83125 0.409375 0.83125 0.48125 0.7375 0.48125
1 0.7234375 0.31875 0.8234375 0.31875 0.8234375 0.403125 0.7234375 0.403125
2 0.7359375 0.1140625 0.8125 0.1140625 0.8125 0.2109375 0.7359375 0.2109375
10 0.80625 0.75625 0.903125 0.75625 0.903125 0.8578125 0.80625 0.8578125
6 0.8125 0.6890625 0.890625 0.6890625 0.890625 0.7546875 0.8125 0.7546875
4 0.8171875 0.5890625 0.934375 0.5890625 0.934375 0.6640625 0.8171875 0.6640625
1 0.803125 0.49375 0.9140625 0.49375 0.9140625 0.5640625 0.803125 0.5640625
6 0.828125 0.40625 0.9140625 0.40625 0.9140625 0.471875 0.828125 0.471875
5 0.8203125 0.3234375 0.9015625 0.3234375 0.9015625 0.3890625 0.8203125 0.3890625
5 0.8203125 0.228125 0.9078125 0.228125 0.9078125 0.309375 0.8203125 0.309375