0 0.0421875 0.6625 0.184375 0.6625 0.184375 0.7390625 0.0421875 0.7390625
0 0.1671875 0.7609375 0.2734375 0.7609375 0.2734375 0.840625 0.1671875 0.840625
0 0.271875 0.68125 0.371875 0.68125 0.371875 0.74375 0.271875 0.74375
0 0.3875 0.74375 0.484375 0.74375 0.484375 0.8328125 0.3875 0.8328125
0 0.4953125 0.6828125 0.575 0.6828125 0.575 0.7484375 0.4953125 0.7484375
0 0.6078125 0.75 0.6921875 0.75 0.6921875 0.8421875 0.6078125 0.8421875
0 0.7015625 0.671875 0.8078125 0.671875 0.8078125 0.75625 0.7015625 0.75625
2 0.1015625 0.196875 0.2078125 0.196875 0.2078125 0.28125 0.1015625 0.28125
2 0.19375 0.3578125 0.296875 0.3578125 0.296875 0.4203125 0.19375 0.4203125
2 0.4109375 0.509375 0.4953125 0.509375 0.4953125 0.584375 0.4109375 0.584375
3 0.7140625 0.215625 0.8125 0.215625 0.8125 0.29375 0.7140625 0.29375
3 0.8265625 0.29375 0.9203125 0.29375 0.9203125 0.35 0.8265625 0.35
3 0.7140625 0.3765625 0.7984375 0.3765625 0.7984375 0.4421875 0.7140625 0.4421875
3 0.81875 0.45625 0.928125 0.45625 0.928125 0.51875 0.81875 0.51875
3 0.69375 0.521875 0.7875 0.521875 0.7875 0.584375 0.69375 0.584375
3 0.796875 0.6046875 0.9125 0.6046875 0.9125 0.659375 0.796875 0.659375
3 0.8015625 0.696875 0.9 0.696875 0.9 0.75 0.8015625 0.75
5 0.50625 0.2 0.5953125 0.2 0.5953125 0.2875 0.50625 0.2875
5 0.409375 0.271875 0.49375 0.271875 0.49375 0.353125 0.409375 0.353125