0 0.478125 0.215625 0.503125 0.215625 0.503125 0.309375 0.478125 0.309375
0 0.30625 0.303125 0.3359375 0.303125 0.3359375 0.3953125 0.30625 0.3953125
0 0.39375 0.684375 0.428125 0.684375 0.428125 0.7671875 0.39375 0.7671875
0 0.3796875 0.8171875 0.4140625 0.8171875 0.4140625 0.8984375 0.3796875 0.8984375
0 0.571875 0.4796875 0.6078125 0.4796875 0.6078125 0.5671875 0.571875 0.5671875
0 0.475 0.3 0.5046875 0.3 0.5046875 0.384375 0.475 0.384375
1 0.4203125 0.103125 0.4515625 0.103125 0.4515625 0.23125 0.4203125 0.23125
1 0.384375 0.11875 0.41875 0.11875 0.41875 0.2421875 0.384375 0.2421875
2 0.34375 0.296875 0.3765625 0.296875 0.3765625 0.390625 0.34375 0.390625
2 0.33125 0.390625 0.3640625 0.390625 0.3640625 0.4890625 0.33125 0.4890625
2 0.428125 0.6609375 0.465625 0.6609375 0.465625 0.7515625 0.428125 0.7515625
2 0.43125 0.2109375 0.4640625 0.2109375 0.4640625 0.2984375 0.43125 0.2984375
1 0.3921875 0.184375 0.421875 0.184375 0.421875 0.30625 0.3921875 0.30625
4 0.515625 0.2734375 0.5484375 0.2734375 0.5484375 0.384375 0.515625 0.384375
4 0.371875 0.5515625 0.4109375 0.5515625 0.4109375 0.65625 0.371875 0.65625
4 0.5171875 0.4625 0.553125 0.4625 0.553125 0.571875 0.5171875 0.571875
5 0.3890625 0.478125 0.4203125 0.478125 0.4203125 0.565625 0.3890625 0.565625
5 0.4875 0.6734375 0.5203125 0.6734375 0.5203125 0.75625 0.4875 0.75625
5 0.6109375 0.6796875 0.6515625 0.6796875 0.6515625 0.7578125 0.6109375 0.7578125
5 0.4828125 0.3875 0.5140625 0.3875 0.5140625 0.48125 0.4828125 0.48125
5 0.5921875 0.1125 0.6203125 0.1125 0.6203125 0.2125 0.5921875 0.2125
11 0.534375 0.7796875 0.5703125 0.7796875 0.5703125 0.8640625 0.534375 0.8640625
11 0.60625 0.3734375 0.6390625 0.3734375 0.6390625 0.4671875 0.60625 0.4671875
11 0.35 0.1390625 0.3828125 0.1390625 0.3828125 0.2265625 0.35 0.2265625
11 0.4671875 0.134375 0.4953125 0.134375 0.4953125 0.23125 0.4671875 0.23125
11 0.475 0.49375 0.50625 0.49375 0.50625 0.58125 0.475 0.58125
10 0.3390625 0.5734375 0.375 0.5734375 0.375 0.6796875 0.3390625 0.6796875
10 0.384375 0.3671875 0.4234375 0.3671875 0.4234375 0.478125 0.384375 0.478125
10 0.5828125 0.7453125 0.6203125 0.7453125 0.6203125 0.8515625 0.5828125 0.8515625
9 0.565625 0.575 0.6 0.575 0.6 0.65 0.565625 0.65
9 0.434375 0.5015625 0.4703125 0.5015625 0.4703125 0.584375 0.434375 0.584375
9 0.35 0.496875 0.378125 0.496875 0.378125 0.565625 0.35 0.565625
9 0.346875 0.24375 0.3765625 0.24375 0.3765625 0.315625 0.346875 0.315625
9 0.51875 0.2265625 0.546875 0.2265625 0.546875 0.3 0.51875 0.3
9 0.5609375 0.378125 0.590625 0.378125 0.590625 0.45 0.5609375 0.45
9 0.55 0.140625 0.5796875 0.140625 0.5796875 0.221875 0.55 0.221875
8 0.3375 0.6875 0.38125 0.6875 0.38125 0.775 0.3375 0.775
8 0.434375 0.7765625 0.478125 0.7765625 0.478125 0.8640625 0.434375 0.8640625
8 0.625 0.765625 0.66875 0.765625 0.66875 0.8546875 0.625 0.8546875
8 0.553125 0.2984375 0.5890625 0.2984375 0.5890625 0.3828125 0.553125 0.3828125
8 0.3859375 0.284375 0.4234375 0.284375 0.4234375 0.3875 0.3859375 0.3875
8 0.5546875 0.1984375 0.5890625 0.1984375 0.5890625 0.3015625 0.5546875 0.3015625
11 0.6140625 0.4703125 0.6484375 0.4703125 0.6484375 0.559375 0.6140625 0.559375
7 0.290625 0.4828125 0.3359375 0.4828125 0.3359375 0.596875 0.290625 0.596875
7 0.5140625 0.35625 0.546875 0.35625 0.546875 0.4765625 0.5140625 0.4765625
7 0.5984375 0.203125 0.6390625 0.203125 0.6390625 0.31875 0.5984375 0.31875
6 0.303125 0.1421875 0.3375 0.1421875 0.3375 0.25 0.303125 0.25
6 0.509375 0.1078125 0.5421875 0.1078125 0.5421875 0.2140625 0.509375 0.2140625
6 0.4296875 0.309375 0.4640625 0.309375 0.4640625 0.403125 0.4296875 0.403125
6 0.60625 0.278125 0.634375 0.278125 0.634375 0.378125 0.60625 0.378125
6 0.43125 0.3875 0.4625 0.3875 0.4625 0.4859375 0.43125 0.4859375
6 0.51875 0.5765625 0.5546875 0.5765625 0.5546875 0.6734375 0.51875 0.6734375