5 0.3046875 0.1984375 0.375 0.1984375 0.375 0.29375 0.3046875 0.29375
5 0.3 0.3140625 0.3734375 0.3140625 0.3734375 0.4 0.3 0.4
5 0.2953125 0.4375 0.378125 0.4375 0.378125 0.51875 0.2953125 0.51875
5 0.296875 0.646875 0.3671875 0.646875 0.3671875 0.7421875 0.296875 0.7421875
5 0.2859375 0.75625 0.365625 0.75625 0.365625 0.8546875 0.2859375 0.8546875
5 0.1921875 0.653125 0.2734375 0.653125 0.2734375 0.75 0.1921875 0.75
5 0.196875 0.534375 0.290625 0.534375 0.290625 0.621875 0.196875 0.621875
5 0.2078125 0.4375 0.284375 0.4375 0.284375 0.51875 0.2078125 0.51875
5 0.2 0.3234375 0.2828125 0.3234375 0.2828125 0.4078125 0.2 0.4078125
5 0.209375 0.209375 0.2859375 0.209375 0.2859375 0.3078125 0.209375 0.3078125
5 0.1984375 0.078125 0.2875 0.078125 0.2875 0.2 0.1984375 0.2