9 0.7 0.1953125 0.7828125 0.1953125 0.7828125 0.2625 0.7 0.2625
9 0.4875 0.1921875 0.5578125 0.1921875 0.5578125 0.2640625 0.4875 0.2640625
9 0.4171875 0.5984375 0.4828125 0.5984375 0.4828125 0.6484375 0.4171875 0.6484375
9 0.509375 0.7609375 0.58125 0.7609375 0.58125 0.8390625 0.509375 0.8390625
9 0.309375 0.6640625 0.396875 0.6640625 0.396875 0.734375 0.309375 0.734375
3 0.6828125 0.3046875 0.7578125 0.3046875 0.7578125 0.3765625 0.6828125 0.3765625
3 0.709375 0.5015625 0.775 0.5015625 0.775 0.5625 0.709375 0.5625
3 0.703125 0.5921875 0.778125 0.5921875 0.778125 0.6546875 0.703125 0.6546875
3 0.6109375 0.5828125 0.671875 0.5828125 0.671875 0.653125 0.6109375 0.653125
3 0.521875 0.5 0.584375 0.5 0.584375 0.5609375 0.521875 0.5609375
3 0.4109375 0.39375 0.4734375 0.39375 0.4734375 0.459375 0.4109375 0.459375
3 0.503125 0.315625 0.578125 0.315625 0.578125 0.375 0.503125 0.375
3 0.209375 0.3953125 0.28125 0.3953125 0.28125 0.4546875 0.209375 0.4546875
3 0.228125 0.4984375 0.3015625 0.4984375 0.3015625 0.565625 0.228125 0.565625
3 0.2203125 0.7625 0.2890625 0.7625 0.2890625 0.8390625 0.2203125 0.8390625
3 0.2265625 0.8671875 0.2953125 0.8671875 0.2953125 0.9609375 0.2265625 0.9609375
3 0.1265625 0.85625 0.2046875 0.85625 0.2046875 0.95 0.1265625 0.95
3 0.696875 0.396875 0.765625 0.396875 0.765625 0.459375 0.696875 0.459375
3 0.7828125 0.675 0.8578125 0.675 0.8578125 0.74375 0.7828125 0.74375
3 0.6875 0.7609375 0.7625 0.7609375 0.7625 0.8359375 0.6875 0.8359375
3 0.4171875 0.76875 0.484375 0.76875 0.484375 0.84375 0.4171875 0.84375
3 0.4265625 0.871875 0.4875 0.871875 0.4875 0.9625 0.4265625 0.9625
3 0.30625 0.1984375 0.378125 0.1984375 0.378125 0.284375 0.30625 0.284375
3 0.0953125 0.19375 0.1828125 0.19375 0.1828125 0.265625 0.0953125 0.265625
3 0.121875 0.4890625 0.2 0.4890625 0.2 0.5578125 0.121875 0.5578125
3 0.1203125 0.5875 0.1953125 0.5875 0.1953125 0.6609375 0.1203125 0.6609375
3 0.10625 0.3890625 0.19375 0.3890625 0.19375 0.4546875 0.10625 0.4546875
5 0.7875 0.1921875 0.89375 0.1921875 0.89375 0.2765625 0.7875 0.2765625
5 0.0625 0.296875 0.178125 0.296875 0.178125 0.375 0.0625 0.375
4 0.778125 0.5734375 0.890625 0.5734375 0.890625 0.671875 0.778125 0.671875
2 0.7828125 0.378125 0.896875 0.378125 0.896875 0.45625 0.7828125 0.45625
2 0.790625 0.7671875 0.890625 0.7671875 0.890625 0.8609375 0.790625 0.8609375
2 0.7828125 0.4765625 0.8796875 0.4765625 0.8796875 0.5578125 0.7828125 0.5578125
2 0.678125 0.675 0.771875 0.675 0.771875 0.75 0.678125 0.75
3 0.5140625 0.6796875 0.578125 0.6796875 0.578125 0.75625 0.5140625 0.75625
8 0.7796875 0.275 0.8734375 0.275 0.8734375 0.3625 0.7796875 0.3625
8 0.2140625 0.290625 0.2890625 0.290625 0.2890625 0.371875 0.2140625 0.371875
8 0.10625 0.6703125 0.2125 0.6703125 0.2125 0.7765625 0.10625 0.7765625
11 0.2109375 0.5734375 0.2984375 0.5734375 0.2984375 0.659375 0.2109375 0.659375