10 0.7 0.4234375 0.790625 0.4234375 0.790625 0.5171875 0.7 0.5171875
10 0.50625 0.4390625 0.609375 0.4390625 0.609375 0.5203125 0.50625 0.5203125
10 0.60625 0.5265625 0.7046875 0.5265625 0.7046875 0.6109375 0.60625 0.6109375
10 0.6984375 0.6109375 0.8078125 0.6109375 0.8078125 0.7171875 0.6984375 0.7171875
10 0.609375 0.70625 0.703125 0.70625 0.703125 0.8265625 0.609375 0.8265625
10 0.3265625 0.621875 0.4265625 0.621875 0.4265625 0.7125 0.3265625 0.7125
10 0.1265625 0.63125 0.246875 0.63125 0.246875 0.715625 0.1265625 0.715625
10 0.509375 0.13125 0.5953125 0.13125 0.5953125 0.2421875 0.509375 0.2421875
10 0.5140625 0.23125 0.6015625 0.23125 0.6015625 0.3375 0.5140625 0.3375
7 0.803125 0.515625 0.9125 0.515625 0.9125 0.596875 0.803125 0.596875
7 0.5125 0.6109375 0.603125 0.6109375 0.603125 0.7140625 0.5125 0.7140625
7 0.221875 0.5359375 0.3390625 0.5359375 0.3390625 0.6203125 0.221875 0.6203125
7 0.3234375 0.440625 0.4234375 0.440625 0.4234375 0.5234375 0.3234375 0.5234375
7 0.11875 0.353125 0.2546875 0.353125 0.2546875 0.440625 0.11875 0.440625
7 0.3265625 0.7859375 0.421875 0.7859375 0.421875 0.9140625 0.3265625 0.9140625
7 0.609375 0.340625 0.69375 0.340625 0.69375 0.4265625 0.609375 0.4265625
7 0.396875 0.1296875 0.5078125 0.1296875 0.5078125 0.246875 0.396875 0.246875
4 0.8015625 0.3296875 0.9109375 0.3296875 0.9109375 0.428125 0.8015625 0.428125
4 0.8 0.1 0.90625 0.1 0.90625 0.225 0.8 0.225
4 0.603125 0.1234375 0.6875 0.1234375 0.6875 0.24375 0.603125 0.24375
4 0.315625 0.1453125 0.415625 0.1453125 0.415625 0.2671875 0.315625 0.2671875
4 0.4171875 0.7078125 0.5078125 0.7078125 0.5078125 0.8265625 0.4171875 0.8265625
4 0.8125 0.7125 0.925 0.7125 0.925 0.81875 0.8125 0.81875
1 0.809375 0.80625 0.928125 0.80625 0.928125 0.940625 0.809375 0.940625
1 0.5296875 0.8 0.6109375 0.8 0.6109375 0.928125 0.5296875 0.928125
1 0.115625 0.4640625 0.2421875 0.4640625 0.2421875 0.5375 0.115625 0.5375
1 0.3171875 0.3484375 0.4140625 0.3484375 0.4140625 0.43125 0.3171875 0.43125
1 0.40625 0.3515625 0.5078125 0.3515625 0.5078125 0.4296875 0.40625 0.4296875
1 0.2296875 0.80625 0.33125 0.80625 0.33125 0.921875 0.2296875 0.921875
1 0.2140625 0.253125 0.3328125 0.253125 0.3328125 0.346875 0.2140625 0.346875
4 0.1375 0.709375 0.2578125 0.709375 0.2578125 0.821875 0.1375 0.821875