10 0.23125 0.584375 0.3265625 0.584375 0.3265625 0.6796875 0.23125 0.6796875
10 0.2296875 0.6859375 0.3203125 0.6859375 0.3203125 0.7828125 0.2296875 0.7828125
10 0.3328125 0.58125 0.421875 0.58125 0.421875 0.684375 0.3328125 0.684375
10 0.6015625 0.675 0.7046875 0.675 0.7046875 0.7671875 0.6015625 0.7671875
10 0.6 0.496875 0.69375 0.496875 0.69375 0.584375 0.6 0.584375
10 0.7 0.5 0.8 0.5 0.8 0.5703125 0.7 0.5703125
10 0.509375 0.390625 0.59375 0.390625 0.59375 0.503125 0.509375 0.503125
10 0.6859375 0.1078125 0.7890625 0.1078125 0.7890625 0.2328125 0.6859375 0.2328125
10 0.5140625 0.2 0.5984375 0.2 0.5984375 0.3140625 0.5140625 0.3140625
7 0.41875 0.1 0.5015625 0.1 0.5015625 0.23125 0.41875 0.23125
7 0.3203125 0.2046875 0.4125 0.2046875 0.4125 0.3046875 0.3203125 0.3046875
7 0.3265625 0.496875 0.4109375 0.496875 0.4109375 0.5875 0.3265625 0.5875
7 0.409375 0.403125 0.509375 0.403125 0.509375 0.4984375 0.409375 0.4984375
7 0.50625 0.490625 0.596875 0.490625 0.596875 0.58125 0.50625 0.58125
7 0.5140625 0.309375 0.5984375 0.309375 0.5984375 0.4015625 0.5140625 0.4015625
7 0.609375 0.30625 0.7 0.30625 0.7 0.4125 0.609375 0.4125
7 0.596875 0.775 0.703125 0.775 0.703125 0.88125 0.596875 0.88125
4 0.234375 0.31875 0.3359375 0.31875 0.3359375 0.4 0.234375 0.4
4 0.421875 0.3078125 0.5078125 0.3078125 0.5078125 0.403125 0.421875 0.403125
4 0.6 0.109375 0.69375 0.109375 0.69375 0.2296875 0.6 0.2296875
4 0.603125 0.409375 0.7015625 0.409375 0.7015625 0.49375 0.603125 0.49375
4 0.6875 0.4 0.7984375 0.4 0.7984375 0.484375 0.6875 0.484375
4 0.50625 0.58125 0.6 0.58125 0.6 0.678125 0.50625 0.678125
1 0.3203125 0.1 0.403125 0.1 0.403125 0.2265625 0.3203125 0.2265625
1 0.4203125 0.671875 0.503125 0.671875 0.503125 0.76875 0.4203125 0.76875
1 0.328125 0.4046875 0.41875 0.4046875 0.41875 0.4890625 0.328125 0.4890625
1 0.409375 0.503125 0.509375 0.503125 0.509375 0.58125 0.409375 0.58125
1 0.121875 0.78125 0.2453125 0.78125 0.2453125 0.909375 0.121875 0.909375
1 0.121875 0.196875 0.24375 0.196875 0.24375 0.3171875 0.121875 0.3171875
1 0.1125 0.4203125 0.2390625 0.4203125 0.2390625 0.503125 0.1125 0.503125
1 0.5078125 0.76875 0.6 0.76875 0.6 0.8796875 0.5078125 0.8796875