11 0.6796875 0.715625 0.778125 0.715625 0.778125 0.809375 0.6796875 0.809375
11 0.396875 0.453125 0.4734375 0.453125 0.4734375 0.525 0.396875 0.525
11 0.2125 0.434375 0.3109375 0.434375 0.3109375 0.515625 0.2125 0.515625
11 0.1984375 0.353125 0.3 0.353125 0.3 0.421875 0.1984375 0.421875
10 0.3015625 0.2296875 0.4171875 0.2296875 0.4171875 0.3453125 0.3015625 0.3453125
10 0.784375 0.621875 0.9203125 0.621875 0.9203125 0.7359375 0.784375 0.7359375
10 0.071875 0.6921875 0.209375 0.6921875 0.209375 0.8125 0.071875 0.8125
9 0.3234375 0.6375 0.4078125 0.6375 0.4078125 0.715625 0.3234375 0.715625
9 0.409375 0.7890625 0.490625 0.7890625 0.490625 0.8703125 0.409375 0.8703125
9 0.6 0.2296875 0.6640625 0.2296875 0.6640625 0.315625 0.6 0.315625
8 0.190625 0.1328125 0.31875 0.1328125 0.31875 0.240625 0.190625 0.240625
8 0.6796875 0.4359375 0.78125 0.4359375 0.78125 0.515625 0.6796875 0.515625
8 0.5984375 0.540625 0.6828125 0.540625 0.6828125 0.6203125 0.5984375 0.6203125
8 0.6765625 0.809375 0.7796875 0.809375 0.7796875 0.903125 0.6765625 0.903125
8 0.2046875 0.715625 0.309375 0.715625 0.309375 0.815625 0.2046875 0.815625
7 0.7734375 0.3359375 0.915625 0.3359375 0.915625 0.440625 0.7734375 0.440625
7 0.5875 0.6921875 0.684375 0.6921875 0.684375 0.8109375 0.5875 0.8109375
7 0.3078125 0.35625 0.428125 0.35625 0.428125 0.440625 0.3078125 0.440625
6 0.1 0.2390625 0.2015625 0.2390625 0.2015625 0.328125 0.1 0.328125
6 0.5984375 0.33125 0.6875 0.33125 0.6875 0.4125 0.5984375 0.4125
6 0.7796875 0.5359375 0.8765625 0.5359375 0.8765625 0.6171875 0.7796875 0.6171875
6 0.5078125 0.8125 0.5859375 0.8125 0.5859375 0.91875 0.5078125 0.91875
6 0.0828125 0.5484375 0.1953125 0.5484375 0.1953125 0.61875 0.0828125 0.61875
8 0.4890625 0.6234375 0.5703125 0.6234375 0.5703125 0.7234375 0.4890625 0.7234375
5 0.41875 0.5359375 0.5 0.5359375 0.5 0.6125 0.41875 0.6125
5 0.3890625 0.1328125 0.4671875 0.1328125 0.4671875 0.2484375 0.3890625 0.2484375
5 0.684375 0.628125 0.7765625 0.628125 0.7765625 0.715625 0.684375 0.715625
5 0.3109375 0.803125 0.3921875 0.803125 0.3921875 0.9015625 0.3109375 0.9015625
5 0.20625 0.8078125 0.3015625 0.8078125 0.3015625 0.90625 0.20625 0.90625
5 0.4015625 0.34375 0.4703125 0.34375 0.4703125 0.434375 0.4015625 0.434375
4 0.0609375 0.3359375 0.1921875 0.3359375 0.1921875 0.428125 0.0609375 0.428125
4 0.7765625 0.10625 0.90625 0.10625 0.90625 0.240625 0.7765625 0.240625
4 0.496875 0.715625 0.5828125 0.715625 0.5828125 0.81875 0.496875 0.81875
3 0.2296875 0.26875 0.296875 0.26875 0.296875 0.340625 0.2296875 0.340625
3 0.590625 0.43125 0.665625 0.43125 0.665625 0.515625 0.590625 0.515625
3 0.2015625 0.5203125 0.2921875 0.5203125 0.2921875 0.603125 0.2015625 0.603125
2 0.5046875 0.1296875 0.58125 0.1296875 0.58125 0.246875 0.5046875 0.246875
2 0.4875 0.4359375 0.571875 0.4359375 0.571875 0.5171875 0.4875 0.5171875
2 0.6921875 0.5125 0.771875 0.5125 0.771875 0.603125 0.6921875 0.603125
2 0.4109375 0.63125 0.484375 0.63125 0.484375 0.715625 0.4109375 0.715625
1 0.6765625 0.325 0.7828125 0.325 0.7828125 0.4171875 0.6765625 0.4171875
1 0.078125 0.4328125 0.2078125 0.4328125 0.2078125 0.528125 0.078125 0.528125
1 0.1796875 0.6140625 0.2890625 0.6140625 0.2890625 0.7171875 0.1796875 0.7171875
0 0.6765625 0.14375 0.7703125 0.14375 0.7703125 0.2421875 0.6765625 0.2421875
0 0.7953125 0.240625 0.8984375 0.240625 0.8984375 0.3265625 0.7953125 0.3265625
0 0.46875 0.25625 0.55625 0.25625 0.55625 0.340625 0.46875 0.340625
0 0.5046875 0.3421875 0.5828125 0.3421875 0.5828125 0.4265625 0.5046875 0.4265625
0 0.296875 0.528125 0.3890625 0.528125 0.3890625 0.61875 0.296875 0.61875
6 0.6 0.8046875 0.6921875 0.8046875 0.6921875 0.9171875 0.6 0.9171875