5 0.4578125 0.303125 0.6953125 0.303125 0.6953125 0.3859375 0.4578125 0.3859375
5 0.2875 0.33125 0.521875 0.33125 0.521875 0.4046875 0.2875 0.4046875
6 0.065625 0.740625 0.33125 0.740625 0.33125 0.8171875 0.065625 0.8171875
0 0.059375 0.5421875 0.31875 0.5421875 0.31875 0.5984375 0.059375 0.5984375
3 0.1328125 0.453125 0.315625 0.453125 0.315625 0.5 0.1328125 0.5
3 0.315625 0.4640625 0.4984375 0.4640625 0.4984375 0.515625 0.315625 0.515625
3 0.496875 0.4359375 0.678125 0.4359375 0.678125 0.490625 0.496875 0.490625
3 0.134375 0.6296875 0.31875 0.6296875 0.31875 0.68125 0.134375 0.68125
3 0.321875 0.628125 0.509375 0.628125 0.509375 0.6859375 0.321875 0.6859375
3 0.3296875 0.746875 0.5140625 0.746875 0.5140625 0.8140625 0.3296875 0.8140625
3 0.546875 0.7484375 0.7296875 0.7484375 0.7296875 0.821875 0.546875 0.821875
9 0.5265625 0.6515625 0.7140625 0.6515625 0.7140625 0.7140625 0.5265625 0.7140625
9 0.1421875 0.3546875 0.325 0.3546875 0.325 0.4046875 0.1421875 0.4046875
3 0.2921875 0.5421875 0.4671875 0.5421875 0.4671875 0.5875 0.2921875 0.5875
1 0.371875 0.54375 0.703125 0.54375 0.703125 0.621875 0.371875 0.621875
9 0.5203125 0.6484375 0.7234375 0.6484375 0.7234375 0.7171875 0.5203125 0.7171875
9 0.1390625 0.35 0.3296875 0.35 0.3296875 0.40625 0.1390625 0.40625
3 0.5390625 0.746875 0.7390625 0.746875 0.7390625 0.825 0.5390625 0.825
3 0.49375 0.434375 0.6828125 0.434375 0.6828125 0.49375 0.49375 0.49375
3 0.309375 0.4625 0.503125 0.4625 0.503125 0.5171875 0.309375 0.5171875
3 0.2875 0.540625 0.46875 0.540625 0.46875 0.5890625 0.2875 0.5890625
3 0.31875 0.6265625 0.5125 0.6265625 0.5125 0.6875 0.31875 0.6875
3 0.3203125 0.7453125 0.5171875 0.7453125 0.5171875 0.8171875 0.3203125 0.8171875
3 0.1265625 0.628125 0.321875 0.628125 0.321875 0.684375 0.1265625 0.684375
3 0.1265625 0.45 0.3203125 0.45 0.3203125 0.503125 0.1265625 0.503125
6 0.059375 0.7375 0.340625 0.7375 0.340625 0.8203125 0.059375 0.8203125
0 0.05625 0.5390625 0.328125 0.5390625 0.328125 0.6015625 0.05625 0.6015625
1 0.375 0.540625 0.709375 0.540625 0.709375 0.6234375 0.375 0.6234375
5 0.4546875 0.3015625 0.6984375 0.3015625 0.6984375 0.3890625 0.4546875 0.3890625
5 0.28125 0.328125 0.5234375 0.328125 0.5234375 0.4078125 0.28125 0.4078125