0 0.33125 0.6328125 0.396875 0.6328125 0.396875 0.734375 0.33125 0.734375
0 0.2625 0.746875 0.3328125 0.746875 0.3328125 0.85 0.2625 0.85
0 0.396875 0.221875 0.4703125 0.221875 0.4703125 0.3140625 0.396875 0.3140625
0 0.31875 0.228125 0.39375 0.228125 0.39375 0.3265625 0.31875 0.3265625
0 0.559375 0.6328125 0.6265625 0.6328125 0.6265625 0.7421875 0.559375 0.7421875
0 0.2453125 0.4515625 0.3171875 0.4515625 0.3171875 0.5375 0.2453125 0.5375
0 0.490625 0.3265625 0.55625 0.3265625 0.55625 0.421875 0.490625 0.421875
2 0.5609375 0.4328125 0.6375 0.4328125 0.6375 0.5328125 0.5609375 0.5328125
2 0.634375 0.5375 0.7125 0.5375 0.7125 0.64375 0.634375 0.64375
2 0.7171875 0.5375 0.8015625 0.5375 0.8015625 0.640625 0.7171875 0.640625
3 0.4796875 0.1859375 0.5703125 0.1859375 0.5703125 0.2921875 0.4796875 0.2921875
3 0.1609375 0.3296875 0.2375 0.3296875 0.2375 0.421875 0.1609375 0.421875
3 0.4828125 0.534375 0.5546875 0.534375 0.5546875 0.61875 0.4828125 0.61875
3 0.6421875 0.728125 0.715625 0.728125 0.715625 0.828125 0.6421875 0.828125
3 0.71875 0.73125 0.7921875 0.73125 0.7921875 0.834375 0.71875 0.834375
3 0.3375 0.7390625 0.403125 0.7390625 0.403125 0.8078125 0.3375 0.8078125
5 0.2546875 0.6375 0.3296875 0.6375 0.3296875 0.7328125 0.2546875 0.7328125
5 0.221875 0.2046875 0.30625 0.2046875 0.30625 0.303125 0.221875 0.303125
6 0.565625 0.528125 0.634375 0.528125 0.634375 0.625 0.565625 0.625
6 0.56875 0.3296875 0.6375 0.3296875 0.6375 0.41875 0.56875 0.41875
6 0.4125 0.55625 0.471875 0.55625 0.471875 0.63125 0.4125 0.63125
6 0.3375 0.8296875 0.39375 0.8296875 0.39375 0.9453125 0.3375 0.9453125
6 0.4125 0.4265625 0.471875 0.4265625 0.471875 0.5203125 0.4125 0.5203125
8 0.4859375 0.6296875 0.5625 0.6296875 0.5625 0.7546875 0.4859375 0.7546875
8 0.4828125 0.8359375 0.5515625 0.8359375 0.5515625 0.925 0.4828125 0.925
8 0.3328125 0.5328125 0.4 0.5328125 0.4 0.625 0.3328125 0.625
8 0.25 0.3375 0.334375 0.3375 0.334375 0.43125 0.25 0.43125
8 0.4171875 0.3296875 0.4828125 0.3296875 0.4828125 0.4140625 0.4171875 0.4140625
9 0.7234375 0.2203125 0.7921875 0.2203125 0.7921875 0.309375 0.7234375 0.309375
9 0.6375 0.2328125 0.7125 0.2328125 0.7125 0.3234375 0.6375 0.3234375
9 0.7109375 0.425 0.7875 0.425 0.7875 0.51875 0.7109375 0.51875
9 0.646875 0.421875 0.709375 0.421875 0.709375 0.53125 0.646875 0.53125
9 0.71875 0.6421875 0.7875 0.6421875 0.7875 0.73125 0.71875 0.73125
9 0.640625 0.6453125 0.6921875 0.6453125 0.6921875 0.734375 0.640625 0.734375
9 0.3390625 0.334375 0.4 0.334375 0.4 0.421875 0.3390625 0.421875
9 0.171875 0.4359375 0.240625 0.4359375 0.240625 0.5234375 0.171875 0.5234375
9 0.14375 0.2078125 0.21875 0.2078125 0.21875 0.3015625 0.14375 0.3015625
9 0.1671875 0.65 0.253125 0.65 0.253125 0.7390625 0.1671875 0.7390625
9 0.3265625 0.4515625 0.4046875 0.4515625 0.4046875 0.53125 0.3265625 0.53125
11 0.4859375 0.4390625 0.5515625 0.4390625 0.5515625 0.534375 0.4859375 0.534375
11 0.49375 0.7546875 0.54375 0.7546875 0.54375 0.8328125 0.49375 0.8328125
11 0.4125 0.8390625 0.475 0.8390625 0.475 0.928125 0.4125 0.928125
11 0.409375 0.725 0.475 0.725 0.475 0.825 0.409375 0.825
3 0.4171875 0.6453125 0.4828125 0.6453125 0.4828125 0.721875 0.4171875 0.721875