5 0.271875 0.8171875 0.340625 0.8171875 0.340625 0.9375 0.271875 0.9375
5 0.1796875 0.70625 0.2578125 0.70625 0.2578125 0.8125 0.1796875 0.8125
3 0.190625 0.4078125 0.2609375 0.4078125 0.2609375 0.4921875 0.190625 0.4921875
3 0.18125 0.3046875 0.253125 0.3046875 0.253125 0.396875 0.18125 0.396875
3 0.2046875 0.19375 0.2765625 0.19375 0.2765625 0.290625 0.2046875 0.290625
3 0.2 0.084375 0.2703125 0.084375 0.2703125 0.184375 0.2 0.184375
3 0.2609375 0.090625 0.3390625 0.090625 0.3390625 0.1875 0.2609375 0.1875
3 0.340625 0.090625 0.415625 0.090625 0.415625 0.1921875 0.340625 0.1921875
3 0.425 0.1078125 0.4921875 0.1078125 0.4921875 0.2125 0.425 0.2125
2 0.70625 0.7953125 0.790625 0.7953125 0.790625 0.921875 0.70625 0.921875
2 0.640625 0.80625 0.71875 0.80625 0.71875 0.91875 0.640625 0.91875
2 0.7109375 0.7 0.8015625 0.7 0.8015625 0.796875 0.7109375 0.796875
0 0.7109375 0.41875 0.809375 0.41875 0.809375 0.5140625 0.7109375 0.5140625
0 0.7125 0.3078125 0.8015625 0.3078125 0.8015625 0.4046875 0.7125 0.4046875
0 0.7015625 0.20625 0.796875 0.20625 0.796875 0.315625 0.7015625 0.315625
0 0.71875 0.1234375 0.796875 0.1234375 0.796875 0.2203125 0.71875 0.2203125
0 0.646875 0.1015625 0.7234375 0.1015625 0.7234375 0.2109375 0.646875 0.2109375
0 0.5703125 0.08125 0.6484375 0.08125 0.6484375 0.20625 0.5703125 0.20625
0 0.4953125 0.1 0.5609375 0.1 0.5609375 0.209375 0.4953125 0.209375