0 0.6921875 0.0625 0.8296875 0.0625 0.8296875 0.16875 0.6921875 0.16875
0 0.734375 0.171875 0.821875 0.171875 0.821875 0.275 0.734375 0.275
0 0.659375 0.275 0.734375 0.275 0.734375 0.3671875 0.659375 0.3671875
0 0.5125 0.2609375 0.584375 0.2609375 0.584375 0.36875 0.5125 0.36875
0 0.3734375 0.246875 0.4296875 0.246875 0.4296875 0.3734375 0.3734375 0.3734375
0 0.29375 0.1734375 0.353125 0.1734375 0.353125 0.303125 0.29375 0.303125
0 0.2125 0.05625 0.278125 0.05625 0.278125 0.190625 0.2125 0.190625
2 0.5125 0.3765625 0.590625 0.3765625 0.590625 0.4796875 0.5125 0.4796875
2 0.353125 0.5828125 0.4375 0.5828125 0.4375 0.6859375 0.353125 0.6859375
2 0.675 0.5796875 0.7625 0.5796875 0.7625 0.69375 0.675 0.69375
3 0.440625 0.2828125 0.5 0.2828125 0.5 0.365625 0.440625 0.365625
3 0.4421875 0.3875 0.5 0.3875 0.5 0.475 0.4421875 0.475
3 0.4421875 0.478125 0.5 0.478125 0.5 0.565625 0.4421875 0.565625
3 0.51875 0.478125 0.584375 0.478125 0.584375 0.5671875 0.51875 0.5671875
3 0.590625 0.484375 0.659375 0.484375 0.659375 0.575 0.590625 0.575
3 0.6 0.384375 0.65 0.384375 0.65 0.471875 0.6 0.471875
3 0.5875 0.2875 0.653125 0.2875 0.653125 0.3765625 0.5875 0.3765625
5 0.1734375 0.803125 0.2765625 0.803125 0.2765625 0.934375 0.1734375 0.934375
5 0.759375 0.79375 0.846875 0.79375 0.846875 0.903125 0.759375 0.903125