7 0.1328125 0.134375 0.2375 0.134375 0.2375 0.2375 0.1328125 0.2375
10 0.69375 0.4359375 0.7828125 0.4359375 0.7828125 0.5046875 0.69375 0.5046875
10 0.1125 0.4046875 0.2171875 0.4046875 0.2171875 0.4765625 0.1125 0.4765625
10 0.1078125 0.78125 0.2125 0.78125 0.2125 0.8859375 0.1078125 0.8859375
11 0.5125 0.7984375 0.5765625 0.7984375 0.5765625 0.8796875 0.5125 0.8796875
11 0.34375 0.6 0.4078125 0.6 0.4078125 0.6609375 0.34375 0.6609375
11 0.784375 0.253125 0.875 0.253125 0.875 0.328125 0.784375 0.328125
6 0.33125 0.696875 0.390625 0.696875 0.390625 0.765625 0.33125 0.765625
6 0.2328125 0.3296875 0.3109375 0.3296875 0.3109375 0.3953125 0.2328125 0.3953125
6 0.3375 0.359375 0.396875 0.359375 0.396875 0.41875 0.3375 0.41875
6 0.509375 0.3421875 0.56875 0.3421875 0.56875 0.409375 0.509375 0.409375
6 0.5015625 0.45 0.5609375 0.45 0.5609375 0.5015625 0.5015625 0.5015625
8 0.2265625 0.4234375 0.303125 0.4234375 0.303125 0.4875 0.2265625 0.4875
8 0.3328125 0.2265625 0.4078125 0.2265625 0.4078125 0.296875 0.3328125 0.296875
8 0.51875 0.2546875 0.5828125 0.2546875 0.5828125 0.325 0.51875 0.325
8 0.2484375 0.51875 0.325 0.51875 0.325 0.58125 0.2484375 0.58125
8 0.2328125 0.784375 0.3015625 0.784375 0.3015625 0.8796875 0.2328125 0.8796875
9 0.421875 0.3421875 0.471875 0.3421875 0.471875 0.390625 0.421875 0.390625
8 0.2453125 0.2328125 0.315625 0.2328125 0.315625 0.3125 0.2453125 0.3125
7 0.1984375 0.6 0.2921875 0.6 0.2921875 0.6828125 0.1984375 0.6828125
6 0.409375 0.784375 0.4703125 0.784375 0.4703125 0.865625 0.409375 0.865625
11 0.6765625 0.69375 0.753125 0.69375 0.753125 0.771875 0.6765625 0.771875
7 0.503125 0.625 0.575 0.625 0.575 0.709375 0.503125 0.709375
4 0.3328125 0.115625 0.4109375 0.115625 0.4109375 0.225 0.3328125 0.225
4 0.771875 0.4390625 0.88125 0.4390625 0.88125 0.509375 0.771875 0.509375
4 0.596875 0.6984375 0.671875 0.6984375 0.671875 0.79375 0.596875 0.79375
5 0.3140625 0.4328125 0.3796875 0.4328125 0.3796875 0.490625 0.3140625 0.490625
5 0.528125 0.153125 0.5828125 0.153125 0.5828125 0.23125 0.528125 0.23125
5 0.4984375 0.5359375 0.559375 0.5359375 0.559375 0.5921875 0.4984375 0.5921875
5 0.421875 0.696875 0.478125 0.696875 0.478125 0.771875 0.421875 0.771875
5 0.7671875 0.81875 0.853125 0.81875 0.853125 0.9046875 0.7671875 0.9046875
5 0.76875 0.5390625 0.85 0.5390625 0.85 0.59375 0.76875 0.59375
0 0.409375 0.60625 0.4609375 0.60625 0.4609375 0.6671875 0.409375 0.6671875
0 0.1453125 0.315625 0.2234375 0.315625 0.2234375 0.3765625 0.1453125 0.3765625
0 0.4359375 0.434375 0.4875 0.434375 0.4875 0.484375 0.4359375 0.484375
1 0.5890625 0.3328125 0.6671875 0.3328125 0.6671875 0.4125 0.5890625 0.4125
1 0.7078125 0.3453125 0.7984375 0.3453125 0.7984375 0.421875 0.7078125 0.421875
2 0.59375 0.5125 0.659375 0.5125 0.659375 0.575 0.59375 0.575
2 0.6140625 0.434375 0.6734375 0.434375 0.6734375 0.49375 0.6140625 0.49375
0 0.68125 0.528125 0.75 0.528125 0.75 0.5828125 0.68125 0.5828125
3 0.6140625 0.61875 0.6671875 0.61875 0.6671875 0.6703125 0.6140625 0.6703125
0 0.7828125 0.725 0.8609375 0.725 0.8609375 0.8 0.7828125 0.8
3 0.259375 0.159375 0.3140625 0.159375 0.3140625 0.2296875 0.259375 0.2296875
2 0.4390625 0.240625 0.5 0.240625 0.5 0.3203125 0.4390625 0.3203125
1 0.69375 0.1296875 0.7875 0.1296875 0.7875 0.2390625 0.69375 0.2390625
2 0.603125 0.790625 0.6765625 0.790625 0.6765625 0.875 0.603125 0.875