0 0.2015625 0.340625 0.2765625 0.340625 0.2765625 0.40625 0.2015625 0.40625
0 0.2921875 0.446875 0.3609375 0.446875 0.3609375 0.5078125 0.2921875 0.5078125
0 0.3984375 0.4328125 0.4625 0.4328125 0.4625 0.4984375 0.3984375 0.4984375
0 0.3984375 0.7203125 0.459375 0.7203125 0.459375 0.8015625 0.3984375 0.8015625
0 0.6875 0.725 0.771875 0.725 0.771875 0.815625 0.6875 0.815625
1 0.665625 0.39375 0.775 0.39375 0.775 0.4796875 0.665625 0.4796875
1 0.6609375 0.2015625 0.7734375 0.2015625 0.7734375 0.3125 0.6609375 0.3125
1 0.39375 0.3046875 0.471875 0.3046875 0.471875 0.3984375 0.39375 0.3984375
2 0.0984375 0.23125 0.1828125 0.23125 0.1828125 0.321875 0.0984375 0.321875
2 0.3046875 0.2 0.3765625 0.2 0.3765625 0.2953125 0.3046875 0.2953125
3 0.3890625 0.1140625 0.4484375 0.1140625 0.4484375 0.184375 0.3890625 0.184375
3 0.79375 0.321875 0.8671875 0.321875 0.8671875 0.38125 0.79375 0.38125
5 0.084375 0.81875 0.178125 0.81875 0.178125 0.91875 0.084375 0.91875
5 0.296875 0.3265625 0.371875 0.3265625 0.371875 0.4078125 0.296875 0.4078125
5 0.48125 0.509375 0.546875 0.509375 0.546875 0.5765625 0.48125 0.5765625
5 0.59375 0.41875 0.665625 0.41875 0.665625 0.484375 0.59375 0.484375
5 0.4828125 0.1078125 0.559375 0.1078125 0.559375 0.2 0.4828125 0.2
8 0.0921875 0.5265625 0.1828125 0.5265625 0.1828125 0.603125 0.0921875 0.603125
8 0.4921875 0.4125 0.5703125 0.4125 0.5703125 0.4890625 0.4921875 0.4890625
8 0.484375 0.3171875 0.559375 0.3171875 0.559375 0.3953125 0.484375 0.3953125
8 0.571875 0.3265625 0.64375 0.3265625 0.64375 0.40625 0.571875 0.40625
8 0.5796875 0.10625 0.6546875 0.10625 0.6546875 0.2046875 0.5796875 0.2046875
8 0.7703125 0.709375 0.86875 0.709375 0.86875 0.784375 0.7703125 0.784375
9 0.6953125 0.81875 0.7625 0.81875 0.7625 0.8921875 0.6953125 0.8921875
6 0.0875 0.43125 0.1859375 0.43125 0.1859375 0.496875 0.0875 0.496875
6 0.5859375 0.7171875 0.6578125 0.7171875 0.6578125 0.7890625 0.5859375 0.7890625
6 0.4984375 0.7171875 0.565625 0.7171875 0.565625 0.8046875 0.4984375 0.8046875
6 0.79375 0.79375 0.9 0.79375 0.9 0.8890625 0.79375 0.8890625
6 0.7828125 0.43125 0.878125 0.43125 0.878125 0.4984375 0.7828125 0.4984375
6 0.6890625 0.6234375 0.778125 0.6234375 0.778125 0.69375 0.6890625 0.69375
4 0.2890625 0.803125 0.375 0.803125 0.375 0.93125 0.2890625 0.93125
4 0.4109375 0.609375 0.4828125 0.609375 0.4828125 0.696875 0.4109375 0.696875
4 0.5875 0.8203125 0.6890625 0.8203125 0.6890625 0.9484375 0.5875 0.9484375
2 0.1859375 0.5265625 0.28125 0.5265625 0.28125 0.6078125 0.1859375 0.6078125
2 0.503125 0.60625 0.571875 0.60625 0.571875 0.68125 0.503125 0.68125
5 0.75625 0.5125 0.8609375 0.5125 0.8609375 0.5875 0.75625 0.5875
10 0.284375 0.6953125 0.3734375 0.6953125 0.3734375 0.803125 0.284375 0.803125
10 0.5921875 0.6234375 0.6890625 0.6234375 0.6890625 0.7140625 0.5921875 0.7140625
10 0.5734375 0.2015625 0.6671875 0.2015625 0.6671875 0.3078125 0.5734375 0.3078125
11 0.7640625 0.19375 0.859375 0.19375 0.859375 0.2875 0.7640625 0.2875
11 0.3015625 0.5078125 0.3765625 0.5078125 0.3765625 0.5828125 0.3015625 0.5828125
11 0.39375 0.796875 0.465625 0.796875 0.465625 0.89375 0.39375 0.89375
11 0.403125 0.2125 0.475 0.2125 0.475 0.296875 0.403125 0.296875
7 0.3875 0.528125 0.465625 0.528125 0.465625 0.60625 0.3875 0.60625
7 0.490625 0.8171875 0.575 0.8171875 0.575 0.9421875 0.490625 0.9421875
7 0.6671875 0.1046875 0.778125 0.1046875 0.778125 0.2234375 0.6671875 0.2234375