5 0.309375 0.6109375 0.384375 0.6109375 0.384375 0.7046875 0.309375 0.7046875
5 0.2328125 0.525 0.315625 0.525 0.315625 0.6046875 0.2328125 0.6046875
0 0.3921875 0.7171875 0.4640625 0.7171875 0.4640625 0.81875 0.3921875 0.81875
0 0.15625 0.415625 0.240625 0.415625 0.240625 0.50625 0.15625 0.50625
1 0.7015625 0.85 0.8015625 0.85 0.8015625 0.996875 0.7015625 0.996875
1 0.1265625 0.809375 0.2375 0.809375 0.2375 0.9375 0.1265625 0.9375
1 0.7015625 0.0625 0.7890625 0.0625 0.7890625 0.1921875 0.7015625 0.1921875
1 0.13125 0.0640625 0.246875 0.0640625 0.246875 0.19375 0.13125 0.19375
2 0.54375 0.3265625 0.615625 0.3265625 0.615625 0.4125 0.54375 0.4125
2 0.46875 0.2109375 0.540625 0.2109375 0.540625 0.303125 0.46875 0.303125
2 0.61875 0.41875 0.6875 0.41875 0.6875 0.509375 0.61875 0.509375
2 0.6203125 0.1953125 0.696875 0.1953125 0.696875 0.3109375 0.6203125 0.3109375
3 0.4765625 0.621875 0.54375 0.621875 0.54375 0.7078125 0.4765625 0.7078125
3 0.4015625 0.5234375 0.4765625 0.5234375 0.4765625 0.6078125 0.4015625 0.6078125
3 0.325 0.421875 0.3859375 0.421875 0.3859375 0.496875 0.325 0.496875
3 0.24375 0.3109375 0.31875 0.3109375 0.31875 0.3859375 0.24375 0.3859375
3 0.5484375 0.528125 0.6078125 0.528125 0.6078125 0.5953125 0.5484375 0.5953125
3 0.4734375 0.4203125 0.53125 0.4203125 0.53125 0.4921875 0.4734375 0.4921875
3 0.4 0.3125 0.465625 0.3125 0.465625 0.39375 0.4 0.39375
4 0.2109375 0.7140625 0.3125 0.7140625 0.3125 0.8234375 0.2109375 0.8234375