3 0.8046875 0.2125 0.896875 0.2125 0.896875 0.2703125 0.8046875 0.2703125
3 0.7890625 0.290625 0.8828125 0.290625 0.8828125 0.34375 0.7890625 0.34375
3 0.7984375 0.3625 0.8859375 0.3625 0.8859375 0.415625 0.7984375 0.415625
3 0.7796875 0.440625 0.8640625 0.440625 0.8640625 0.484375 0.7796875 0.484375
3 0.771875 0.5234375 0.871875 0.5234375 0.871875 0.5671875 0.771875 0.5671875
3 0.7828125 0.5671875 0.88125 0.5671875 0.88125 0.615625 0.7828125 0.615625
3 0.79375 0.634375 0.884375 0.634375 0.884375 0.6875 0.79375 0.6875
3 0.803125 0.7109375 0.884375 0.7109375 0.884375 0.7671875 0.803125 0.7671875
3 0.71875 0.7078125 0.8 0.7078125 0.8 0.76875 0.71875 0.76875
3 0.7078125 0.43125 0.7875 0.43125 0.7875 0.484375 0.7078125 0.484375
3 0.71875 0.3578125 0.79375 0.3578125 0.79375 0.4109375 0.71875 0.4109375
3 0.715625 0.278125 0.79375 0.278125 0.79375 0.3390625 0.715625 0.3390625
3 0.70625 0.209375 0.78125 0.209375 0.78125 0.271875 0.70625 0.271875
3 0.61875 0.2015625 0.690625 0.2015625 0.690625 0.2640625 0.61875 0.2640625
3 0.6296875 0.275 0.70625 0.275 0.70625 0.3375 0.6296875 0.3375
3 0.6125 0.4296875 0.690625 0.4296875 0.690625 0.48125 0.6125 0.48125
3 0.615625 0.7078125 0.69375 0.7078125 0.69375 0.76875 0.615625 0.76875
3 0.53125 0.5640625 0.603125 0.5640625 0.603125 0.6171875 0.53125 0.6171875
3 0.521875 0.6515625 0.60625 0.6515625 0.60625 0.7109375 0.521875 0.7109375
3 0.45 0.715625 0.528125 0.715625 0.528125 0.78125 0.45 0.78125
3 0.440625 0.640625 0.50625 0.640625 0.50625 0.6984375 0.440625 0.6984375
3 0.525 0.4265625 0.596875 0.4265625 0.596875 0.4796875 0.525 0.4796875
3 0.53125 0.353125 0.5984375 0.353125 0.5984375 0.409375 0.53125 0.409375
3 0.525 0.278125 0.603125 0.278125 0.603125 0.3375 0.525 0.3375
3 0.51875 0.209375 0.59375 0.209375 0.59375 0.271875 0.51875 0.271875
3 0.43125 0.19375 0.5015625 0.19375 0.5015625 0.25625 0.43125 0.25625
3 0.440625 0.35625 0.50625 0.35625 0.50625 0.409375 0.440625 0.409375
3 0.440625 0.5046875 0.509375 0.5046875 0.509375 0.55 0.440625 0.55
3 0.340625 0.575 0.40625 0.575 0.40625 0.628125 0.340625 0.628125
3 0.33125 0.6453125 0.40625 0.6453125 0.40625 0.7078125 0.33125 0.7078125
3 0.3359375 0.43125 0.40625 0.43125 0.40625 0.484375 0.3359375 0.484375
3 0.3421875 0.28125 0.4171875 0.28125 0.4171875 0.340625 0.3421875 0.340625
3 0.3375 0.1921875 0.409375 0.1921875 0.409375 0.2578125 0.3375 0.2578125
3 0.228125 0.259375 0.3 0.259375 0.3 0.321875 0.228125 0.321875
3 0.2375 0.359375 0.3171875 0.359375 0.3171875 0.409375 0.2375 0.409375
3 0.2375 0.5 0.3125 0.5 0.3125 0.559375 0.2375 0.559375
3 0.2421875 0.5890625 0.3125 0.5890625 0.3125 0.6421875 0.2421875 0.6421875
3 0.2375 0.6515625 0.3125 0.6515625 0.3125 0.7109375 0.2375 0.7109375
3 0.234375 0.734375 0.315625 0.734375 0.315625 0.8 0.234375 0.8
3 0.128125 0.7265625 0.203125 0.7265625 0.203125 0.7921875 0.128125 0.7921875
3 0.134375 0.58125 0.21875 0.58125 0.21875 0.6375 0.134375 0.6375
3 0.134375 0.5046875 0.21875 0.5046875 0.21875 0.5578125 0.134375 0.5578125
3 0.1390625 0.4265625 0.2140625 0.4265625 0.2140625 0.484375 0.1390625 0.484375
3 0.140625 0.33125 0.215625 0.33125 0.215625 0.390625 0.140625 0.390625