7 0.1484375 0.29375 0.21875 0.29375 0.21875 0.475 0.1484375 0.475
8 0.203125 0.73125 0.2671875 0.73125 0.2671875 0.853125 0.203125 0.853125
8 0.3484375 0.75625 0.396875 0.75625 0.396875 0.8734375 0.3484375 0.8734375
11 0.434375 0.428125 0.4796875 0.428125 0.4796875 0.5578125 0.434375 0.5578125
6 0.2515625 0.196875 0.2953125 0.196875 0.2953125 0.3421875 0.2515625 0.3421875
10 0.421875 0.196875 0.4640625 0.196875 0.4640625 0.371875 0.421875 0.371875
11 0.43125 0.103125 0.471875 0.103125 0.471875 0.2328125 0.43125 0.2328125
6 0.5 0.6109375 0.5453125 0.6109375 0.5453125 0.73125 0.5 0.73125
0 0.3 0.215625 0.35 0.215625 0.35 0.353125 0.3 0.353125
1 0.2875 0.4421875 0.35 0.4421875 0.35 0.6140625 0.2875 0.6140625
4 0.490625 0.3078125 0.540625 0.3078125 0.540625 0.4828125 0.490625 0.4828125
5 0.48125 0.0109375 0.5203125 0.0109375 0.5203125 0.1578125 0.48125 0.1578125
0 0.6046875 0.2390625 0.6421875 0.2390625 0.6421875 0.375 0.6046875 0.375
5 0.4171875 0.5953125 0.471875 0.5953125 0.471875 0.728125 0.4171875 0.728125
5 0.365625 0.334375 0.4109375 0.334375 0.4109375 0.459375 0.365625 0.459375
5 0.4921875 0.8921875 0.546875 0.8921875 0.546875 1 0.4921875 1