4 0.2109375 0.046875 0.3453125 0.046875 0.3453125 0.1890625 0.2109375 0.1890625
3 0.1578125 0.6015625 0.2453125 0.6015625 0.2453125 0.6890625 0.1578125 0.6890625
3 0.0609375 0.503125 0.1640625 0.503125 0.1640625 0.575 0.0609375 0.575
3 0.0578125 0.409375 0.15625 0.409375 0.15625 0.4796875 0.0578125 0.4796875
3 0.0421875 0.3046875 0.1453125 0.3046875 0.1453125 0.375 0.0421875 0.375
3 0.0484375 0.2125 0.1515625 0.2125 0.1515625 0.2875 0.0484375 0.2875
3 0.065625 0.121875 0.1625 0.121875 0.1625 0.203125 0.065625 0.203125
3 0.1640625 0.2015625 0.2546875 0.2015625 0.2546875 0.2765625 0.1640625 0.2765625
3 0.1546875 0.2921875 0.24375 0.2921875 0.24375 0.38125 0.1546875 0.38125
3 0.265625 0.3859375 0.346875 0.3859375 0.346875 0.4609375 0.265625 0.4609375
3 0.3375 0.0859375 0.421875 0.0859375 0.421875 0.178125 0.3375 0.178125
3 0.453125 0.18125 0.51875 0.18125 0.51875 0.275 0.453125 0.275
3 0.5625 0.0453125 0.6375 0.0453125 0.6375 0.1484375 0.5625 0.1484375
3 0.675 0.1328125 0.753125 0.1328125 0.753125 0.2296875 0.675 0.2296875
3 0.5546875 0.2734375 0.625 0.2734375 0.625 0.3671875 0.5546875 0.3671875
3 0.353125 0.5078125 0.440625 0.5078125 0.440625 0.578125 0.353125 0.578125
3 0.571875 0.4828125 0.6515625 0.4828125 0.6515625 0.5859375 0.571875 0.5859375
3 0.6640625 0.4828125 0.746875 0.4828125 0.746875 0.5671875 0.6640625 0.5671875
3 0.80625 0.815625 0.890625 0.815625 0.890625 0.915625 0.80625 0.915625
3 0.0515625 0.6984375 0.15 0.6984375 0.15 0.7734375 0.0515625 0.7734375
3 0.15625 0.7 0.25 0.7 0.25 0.7828125 0.15625 0.7828125
3 0.1578125 0.784375 0.2421875 0.784375 0.2421875 0.8765625 0.1578125 0.8765625
3 0.0421875 0.803125 0.15 0.803125 0.15 0.90625 0.0421875 0.90625
3 0.2515625 0.790625 0.3359375 0.790625 0.3359375 0.884375 0.2515625 0.884375
9 0.046875 0.596875 0.14375 0.596875 0.14375 0.684375 0.046875 0.684375
9 0.575 0.3859375 0.6515625 0.3859375 0.6515625 0.465625 0.575 0.465625
9 0.571875 0.7 0.64375 0.7 0.64375 0.796875 0.571875 0.796875
9 0.6890625 0.8125 0.7640625 0.8125 0.7640625 0.909375 0.6890625 0.909375
9 0.76875 0.01875 0.853125 0.01875 0.853125 0.1296875 0.76875 0.1296875
8 0.2375 0.5828125 0.34375 0.5828125 0.34375 0.6765625 0.2375 0.6765625
8 0.4515625 0.8 0.54375 0.8 0.54375 0.903125 0.4515625 0.903125
8 0.56875 0.134375 0.65 0.134375 0.65 0.259375 0.56875 0.259375
11 0.4515625 0.26875 0.5484375 0.26875 0.5484375 0.36875 0.4515625 0.36875
5 0.7640625 0.346875 0.8703125 0.346875 0.8703125 0.45625 0.7640625 0.45625
2 0.34375 0.7859375 0.446875 0.7859375 0.446875 0.909375 0.34375 0.909375
2 0.14375 0.390625 0.25 0.390625 0.25 0.4875 0.14375 0.4875
2 0.4578125 0.58125 0.5484375 0.58125 0.5484375 0.678125 0.4578125 0.678125
2 0.66875 0.571875 0.765625 0.571875 0.765625 0.678125 0.66875 0.678125
5 0.25 0.26875 0.35625 0.26875 0.35625 0.375 0.25 0.375