3 0.4 0.5203125 0.45 0.5203125 0.45 0.5734375 0.4 0.5734375
1 0.4171875 0.3765625 0.4921875 0.3765625 0.4921875 0.45625 0.4171875 0.45625
5 0.3015625 0.490625 0.3734375 0.490625 0.3734375 0.5515625 0.3015625 0.5515625
5 0.3125 0.38125 0.3875 0.38125 0.3875 0.4453125 0.3125 0.4453125
5 0.7234375 0.165625 0.8140625 0.165625 0.8140625 0.2578125 0.7234375 0.2578125
5 0.7203125 0.5 0.809375 0.5 0.809375 0.565625 0.7203125 0.565625
5 0.8390625 0.3015625 0.9375 0.3015625 0.9375 0.3796875 0.8390625 0.3796875
1 0.609375 0.5859375 0.7015625 0.5859375 0.7015625 0.675 0.609375 0.675
0 0.609375 0.8 0.68125 0.8 0.68125 0.890625 0.609375 0.890625
5 0.1828125 0.053125 0.26875 0.053125 0.26875 0.153125 0.1828125 0.153125
2 0.303125 0.0453125 0.3734375 0.0453125 0.3734375 0.1515625 0.303125 0.1515625
1 0.2921875 0.1515625 0.384375 0.1515625 0.384375 0.2609375 0.2921875 0.2609375
3 0.20625 0.2015625 0.2734375 0.2015625 0.2734375 0.265625 0.20625 0.265625
3 0.2078125 0.4234375 0.2734375 0.4234375 0.2734375 0.4765625 0.2078125 0.4765625
3 0.109375 0.5046875 0.184375 0.5046875 0.184375 0.5609375 0.109375 0.5609375
3 0.528125 0.19375 0.5875 0.19375 0.5875 0.259375 0.528125 0.259375
3 0.2078125 0.6953125 0.2703125 0.6953125 0.2703125 0.7609375 0.2078125 0.7609375
3 0.2015625 0.625 0.26875 0.625 0.26875 0.68125 0.2015625 0.68125
3 0.728125 0.409375 0.79375 0.409375 0.79375 0.465625 0.728125 0.465625
3 0.6046875 0.0796875 0.6625 0.0796875 0.6625 0.1546875 0.6046875 0.1546875
0 0.721875 0.8015625 0.803125 0.8015625 0.803125 0.8921875 0.721875 0.8921875
4 0.7125 0.6859375 0.8265625 0.6859375 0.8265625 0.7953125 0.7125 0.7953125
4 0.5234375 0.4828125 0.603125 0.4828125 0.603125 0.559375 0.5234375 0.559375
6 0.7046875 0.5703125 0.784375 0.5703125 0.784375 0.6375 0.7046875 0.6375
9 0.5078125 0.6984375 0.5609375 0.6984375 0.5609375 0.765625 0.5078125 0.765625
9 0.403125 0.8046875 0.4609375 0.8046875 0.4609375 0.8765625 0.403125 0.8765625
8 0.6109375 0.4703125 0.6890625 0.4703125 0.6890625 0.5390625 0.6109375 0.5390625
8 0.521875 0.79375 0.6 0.79375 0.6 0.8953125 0.521875 0.8953125
7 0.5125 0.60625 0.590625 0.60625 0.590625 0.696875 0.5125 0.696875
11 0.6265625 0.7015625 0.7046875 0.7015625 0.7046875 0.7859375 0.6265625 0.7859375
10 0.6109375 0.3765625 0.7046875 0.3765625 0.7046875 0.45625 0.6109375 0.45625
11 0.421875 0.6140625 0.484375 0.6140625 0.484375 0.6875 0.421875 0.6875
7 0.521875 0.3875 0.5953125 0.3875 0.5953125 0.4625 0.521875 0.4625
0 0.41875 0.703125 0.48125 0.703125 0.48125 0.7828125 0.41875 0.7828125
10 0.8140625 0.80625 0.940625 0.80625 0.940625 0.9328125 0.8140625 0.9328125
11 0.834375 0.60625 0.9328125 0.60625 0.9328125 0.68125 0.834375 0.68125
9 0.8265625 0.4125 0.9015625 0.4125 0.9015625 0.4703125 0.8265625 0.4703125
6 0.60625 0.3 0.6796875 0.3 0.6796875 0.36875 0.60625 0.36875
6 0.515625 0.309375 0.578125 0.309375 0.578125 0.3765625 0.515625 0.3765625
9 0.8296875 0.6921875 0.9015625 0.6921875 0.9015625 0.7609375 0.8296875 0.7609375
8 0.8421875 0.4953125 0.93125 0.4953125 0.93125 0.5734375 0.8421875 0.5734375
11 0.834375 0.0484375 0.9375 0.0484375 0.9375 0.1546875 0.834375 0.1546875
3 0.834375 0.1859375 0.90625 0.1859375 0.90625 0.2515625 0.834375 0.2515625
2 0.7328125 0.3 0.8265625 0.3 0.8265625 0.371875 0.7328125 0.371875
9 0.6 0.19375 0.659375 0.19375 0.659375 0.265625 0.6 0.265625
9 0.725 0.0875 0.8 0.0875 0.8 0.159375 0.725 0.159375
9 0.09375 0.63125 0.1703125 0.63125 0.1703125 0.6875 0.09375 0.6875
9 0.09375 0.8046875 0.16875 0.8046875 0.16875 0.88125 0.09375 0.88125
9 0.071875 0.1828125 0.146875 0.1828125 0.146875 0.25 0.071875 0.25
8 0.1953125 0.503125 0.278125 0.503125 0.278125 0.571875 0.1953125 0.571875
8 0.059375 0.396875 0.165625 0.396875 0.165625 0.465625 0.059375 0.465625
6 0.0578125 0.290625 0.1515625 0.290625 0.1515625 0.3625 0.0578125 0.3625
4 0.15 0.2796875 0.26875 0.2796875 0.26875 0.371875 0.15 0.371875
8 0.2984375 0.6046875 0.3828125 0.6046875 0.3828125 0.6765625 0.2984375 0.6765625
0 0.30625 0.6984375 0.3796875 0.6984375 0.3796875 0.78125 0.30625 0.78125
6 0.3046875 0.8046875 0.375 0.8046875 0.375 0.9 0.3046875 0.9
2 0.159375 0.7859375 0.25625 0.7859375 0.25625 0.8859375 0.159375 0.8859375
10 0.3046875 0.271875 0.39375 0.271875 0.39375 0.36875 0.3046875 0.36875
7 0.0390625 0.6953125 0.175 0.6953125 0.175 0.8109375 0.0390625 0.8109375
9 0.078125 0.0640625 0.1546875 0.0640625 0.1546875 0.1390625 0.078125 0.1390625
2 0.4109375 0.0703125 0.4828125 0.0703125 0.4828125 0.1625 0.4109375 0.1625
6 0.421875 0.1859375 0.4875 0.1859375 0.4875 0.26875 0.421875 0.26875
0 0.4125 0.271875 0.4734375 0.271875 0.4734375 0.3484375 0.4125 0.3484375
9 0.53125 0.09375 0.590625 0.09375 0.590625 0.171875 0.53125 0.171875