1 0.2609375 0.5421875 0.3703125 0.5421875 0.3703125 0.6046875 0.2609375 0.6046875
4 0.471875 0.403125 0.5546875 0.403125 0.5546875 0.4703125 0.471875 0.4703125
4 0.571875 0.7578125 0.6671875 0.7578125 0.6671875 0.8515625 0.571875 0.8515625
4 0.3734375 0.7640625 0.4640625 0.7640625 0.4640625 0.8625 0.3734375 0.8625
4 0.265625 0.6171875 0.36875 0.6171875 0.36875 0.690625 0.265625 0.690625
6 0.565625 0.253125 0.64375 0.253125 0.64375 0.328125 0.565625 0.328125
6 0.1765625 0.6953125 0.26875 0.6953125 0.26875 0.7578125 0.1765625 0.7578125
6 0.0828125 0.7578125 0.171875 0.7578125 0.171875 0.8328125 0.0828125 0.8328125
6 0.6734375 0.765625 0.75625 0.765625 0.75625 0.840625 0.6734375 0.840625
7 0.153125 0.4 0.2734375 0.4 0.2734375 0.4671875 0.153125 0.4671875
7 0.371875 0.225 0.4640625 0.225 0.4640625 0.3203125 0.371875 0.3203125
7 0.565625 0.4734375 0.6546875 0.4734375 0.6546875 0.5328125 0.565625 0.5328125
7 0.265625 0.7609375 0.3671875 0.7609375 0.3671875 0.85625 0.265625 0.85625
7 0.1640625 0.7609375 0.26875 0.7609375 0.26875 0.846875 0.1640625 0.846875
10 0.265625 0.240625 0.3671875 0.240625 0.3671875 0.3328125 0.265625 0.3328125
10 0.7515625 0.3171875 0.8671875 0.3171875 0.8671875 0.3953125 0.7515625 0.3953125
10 0.4671875 0.5421875 0.5484375 0.5421875 0.5484375 0.603125 0.4671875 0.603125
10 0.478125 0.6109375 0.565625 0.6109375 0.565625 0.6890625 0.478125 0.6890625
10 0.3765625 0.6875 0.471875 0.6875 0.471875 0.765625 0.3765625 0.765625
10 0.0515625 0.6171875 0.184375 0.6171875 0.184375 0.690625 0.0515625 0.690625
10 0.7703125 0.7609375 0.8796875 0.7609375 0.8796875 0.85625 0.7703125 0.85625