10 0.075 0.7765625 0.203125 0.7765625 0.203125 0.8875 0.075 0.8875
10 0.1625 0.484375 0.2984375 0.484375 0.2984375 0.5609375 0.1625 0.5609375
10 0.175 0.334375 0.29375 0.334375 0.29375 0.40625 0.175 0.40625
10 0.6 0.3484375 0.7046875 0.3484375 0.7046875 0.425 0.6 0.425
10 0.4109375 0.6984375 0.4984375 0.6984375 0.4984375 0.8046875 0.4109375 0.8046875
10 0.290625 0.5578125 0.390625 0.5578125 0.390625 0.6421875 0.290625 0.6421875
10 0.584375 0.5578125 0.6953125 0.5578125 0.6953125 0.6359375 0.584375 0.6359375
7 0.2921875 0.2515625 0.4015625 0.2515625 0.4015625 0.33125 0.2921875 0.33125
7 0.5015625 0.246875 0.5890625 0.246875 0.5890625 0.3296875 0.5015625 0.3296875
7 0.6890625 0.70625 0.796875 0.70625 0.796875 0.803125 0.6890625 0.803125
7 0.79375 0.796875 0.909375 0.796875 0.909375 0.903125 0.79375 0.903125
7 0.6984375 0.41875 0.8109375 0.41875 0.8109375 0.478125 0.6984375 0.478125
1 0.2078125 0.7078125 0.30625 0.7078125 0.30625 0.796875 0.2078125 0.796875
4 0.8046875 0.2625 0.9265625 0.2625 0.9265625 0.34375 0.8046875 0.34375
4 0.0546875 0.246875 0.1890625 0.246875 0.1890625 0.328125 0.0546875 0.328125
4 0.409375 0.4125 0.490625 0.4125 0.490625 0.471875 0.409375 0.471875
4 0.409375 0.559375 0.50625 0.559375 0.50625 0.6375 0.409375 0.6375
6 0.7953125 0.484375 0.9046875 0.484375 0.9046875 0.546875 0.7953125 0.546875
6 0.7953125 0.5625 0.884375 0.5625 0.884375 0.621875 0.7953125 0.621875
6 0.603125 0.7109375 0.6796875 0.7109375 0.6796875 0.78125 0.603125 0.78125
6 0.515625 0.7734375 0.5859375 0.7734375 0.5859375 0.8578125 0.515625 0.8578125