9 0.1640625 0.79375 0.2296875 0.79375 0.2296875 0.86875 0.1640625 0.86875
9 0.246875 0.78125 0.303125 0.78125 0.303125 0.8609375 0.246875 0.8609375
9 0.2546875 0.615625 0.303125 0.615625 0.303125 0.678125 0.2546875 0.678125
9 0.315625 0.521875 0.3671875 0.521875 0.3671875 0.5875 0.315625 0.5875
9 0.2515625 0.515625 0.3078125 0.515625 0.3078125 0.58125 0.2515625 0.58125
9 0.525 0.4328125 0.5734375 0.4328125 0.5734375 0.4984375 0.525 0.4984375
9 0.3140625 0.4375 0.3703125 0.4375 0.3703125 0.503125 0.3140625 0.503125
9 0.171875 0.4296875 0.234375 0.4296875 0.234375 0.5 0.171875 0.5
9 0.59375 0.340625 0.646875 0.340625 0.646875 0.409375 0.59375 0.409375
9 0.3875 0.3421875 0.4375 0.3421875 0.4375 0.4125 0.3875 0.4125
9 0.321875 0.25625 0.3765625 0.25625 0.3765625 0.325 0.321875 0.325
6 0.5234375 0.53125 0.575 0.53125 0.575 0.596875 0.5234375 0.596875
6 0.5890625 0.43125 0.6375 0.43125 0.6375 0.5015625 0.5890625 0.5015625
6 0.659375 0.3375 0.715625 0.3375 0.715625 0.4125 0.659375 0.4125
6 0.2328125 0.3375 0.3078125 0.3375 0.3078125 0.4125 0.2328125 0.4125
1 0.590625 0.5203125 0.65 0.5203125 0.65 0.6046875 0.590625 0.6046875
4 0.646875 0.809375 0.7234375 0.809375 0.7234375 0.928125 0.646875 0.928125
4 0.646875 0.709375 0.715625 0.709375 0.715625 0.8046875 0.646875 0.8046875
4 0.646875 0.60625 0.715625 0.60625 0.715625 0.7 0.646875 0.7
4 0.578125 0.70625 0.6375 0.70625 0.6375 0.809375 0.578125 0.809375
7 0.3 0.7875 0.375 0.7875 0.375 0.9078125 0.3 0.9078125
7 0.296875 0.609375 0.36875 0.609375 0.36875 0.69375 0.296875 0.69375
7 0.371875 0.121875 0.4484375 0.121875 0.4484375 0.24375 0.371875 0.24375
7 0.3703125 0.425 0.4453125 0.425 0.4453125 0.509375 0.3703125 0.509375
7 0.509375 0.790625 0.5703125 0.790625 0.5703125 0.915625 0.509375 0.915625
10 0.440625 0.7984375 0.5015625 0.7984375 0.5015625 0.9125 0.440625 0.9125
10 0.3703125 0.6921875 0.440625 0.6921875 0.440625 0.7953125 0.3703125 0.7953125
10 0.45 0.60625 0.509375 0.60625 0.509375 0.70625 0.45 0.70625
10 0.3703125 0.609375 0.4359375 0.609375 0.4359375 0.6984375 0.3703125 0.6984375
10 0.3671875 0.5140625 0.4375 0.5140625 0.4375 0.5984375 0.3671875 0.5984375
10 0.5265625 0.1125 0.584375 0.1125 0.584375 0.221875 0.5265625 0.221875
10 0.221875 0.096875 0.30625 0.096875 0.30625 0.225 0.221875 0.225