11 0.0671875 0.4484375 0.1609375 0.4484375 0.1609375 0.5234375 0.0671875 0.5234375
11 0.321875 0.7765625 0.3875 0.7765625 0.3875 0.8515625 0.321875 0.8515625
11 0.690625 0.684375 0.7875 0.684375 0.7875 0.753125 0.690625 0.753125
11 0.8 0.528125 0.875 0.528125 0.875 0.5875 0.8 0.5875
9 0.196875 0.69375 0.2859375 0.69375 0.2859375 0.753125 0.196875 0.753125
9 0.2140625 0.6046875 0.2765625 0.6046875 0.2765625 0.68125 0.2140625 0.68125
9 0.1984375 0.4515625 0.2828125 0.4515625 0.2828125 0.521875 0.1984375 0.521875
9 0.2015625 0.3765625 0.2859375 0.3765625 0.2859375 0.4390625 0.2015625 0.4390625
9 0.190625 0.3 0.29375 0.3 0.29375 0.359375 0.190625 0.359375
9 0.3078125 0.3078125 0.3828125 0.3078125 0.3828125 0.3609375 0.3078125 0.3609375
9 0.3 0.221875 0.384375 0.221875 0.384375 0.290625 0.3 0.290625
9 0.5109375 0.3890625 0.596875 0.3890625 0.596875 0.4421875 0.5109375 0.4421875
9 0.6078125 0.321875 0.6921875 0.321875 0.6921875 0.375 0.6078125 0.375
9 0.509375 0.7609375 0.5921875 0.7609375 0.5921875 0.8265625 0.509375 0.8265625
9 0.3 0.7015625 0.384375 0.7015625 0.384375 0.759375 0.3 0.759375
8 0.303125 0.384375 0.4015625 0.384375 0.4015625 0.44375 0.303125 0.44375
8 0.70625 0.509375 0.79375 0.509375 0.79375 0.59375 0.70625 0.59375
8 0.8078125 0.603125 0.90625 0.603125 0.90625 0.659375 0.8078125 0.659375
8 0.7921875 0.678125 0.909375 0.678125 0.909375 0.7328125 0.7921875 0.7328125
7 0.515625 0.6765625 0.621875 0.6765625 0.621875 0.753125 0.515625 0.753125
6 0.403125 0.615625 0.5 0.615625 0.5 0.675 0.403125 0.675
6 0.509375 0.5359375 0.603125 0.5359375 0.603125 0.596875 0.509375 0.596875
6 0.7890625 0.38125 0.9046875 0.38125 0.9046875 0.440625 0.7890625 0.440625
6 0.415625 0.3875 0.5 0.3875 0.5 0.44375 0.415625 0.44375
6 0.30625 0.4609375 0.390625 0.4609375 0.390625 0.5265625 0.30625 0.5265625
5 0.7859375 0.74375 0.8921875 0.74375 0.8921875 0.8109375 0.7859375 0.8109375
5 0.515625 0.60625 0.6046875 0.60625 0.6046875 0.6625 0.515625 0.6625
3 0.303125 0.609375 0.3921875 0.609375 0.3921875 0.6765625 0.303125 0.6765625
3 0.5125 0.45625 0.59375 0.45625 0.59375 0.5078125 0.5125 0.5078125
3 0.60625 0.54375 0.678125 0.54375 0.678125 0.59375 0.60625 0.59375
3 0.6875 0.60625 0.778125 0.60625 0.778125 0.6625 0.6875 0.6625
3 0.69375 0.378125 0.778125 0.378125 0.778125 0.44375 0.69375 0.44375
3 0.7 0.30625 0.7828125 0.30625 0.7828125 0.36875 0.7 0.36875
3 0.696875 0.228125 0.7859375 0.228125 0.7859375 0.3 0.696875 0.3
2 0.4046875 0.5390625 0.4984375 0.5390625 0.4984375 0.5953125 0.4046875 0.5953125
2 0.2 0.1890625 0.290625 0.1890625 0.290625 0.2765625 0.2 0.2765625
2 0.5046875 0.3078125 0.5953125 0.3078125 0.5953125 0.3671875 0.5046875 0.3671875
0 0.296875 0.53125 0.378125 0.53125 0.378125 0.590625 0.296875 0.590625
0 0.4109375 0.29375 0.5 0.29375 0.5 0.3546875 0.4109375 0.3546875
0 0.596875 0.453125 0.7078125 0.453125 0.7078125 0.509375 0.596875 0.509375
0 0.7890625 0.296875 0.9046875 0.296875 0.9046875 0.36875 0.7890625 0.36875
0 0.403125 0.690625 0.4953125 0.690625 0.4953125 0.75625 0.403125 0.75625
0 0.4109375 0.7640625 0.4828125 0.7640625 0.4828125 0.8390625 0.4109375 0.8390625