11 0.0875 0.19375 0.190625 0.19375 0.190625 0.2625 0.0875 0.2625
11 0.1046875 0.7625 0.221875 0.7625 0.221875 0.846875 0.1046875 0.846875
11 0.3546875 0.3671875 0.43125 0.3671875 0.43125 0.434375 0.3546875 0.434375
11 0.428125 0.2875 0.53125 0.2875 0.53125 0.3609375 0.428125 0.3609375
9 0.225 0.2046875 0.31875 0.2046875 0.31875 0.2765625 0.225 0.2765625
9 0.2375 0.2890625 0.321875 0.2890625 0.321875 0.3578125 0.2375 0.3578125
9 0.24375 0.365625 0.3203125 0.365625 0.3203125 0.434375 0.24375 0.434375
9 0.2328125 0.4453125 0.3203125 0.4453125 0.3203125 0.509375 0.2328125 0.509375
9 0.2359375 0.5125 0.3203125 0.5125 0.3203125 0.5859375 0.2359375 0.5859375
9 0.240625 0.590625 0.3203125 0.590625 0.3203125 0.6546875 0.240625 0.6546875
9 0.240625 0.6765625 0.3140625 0.6765625 0.3140625 0.7390625 0.240625 0.7390625
9 0.253125 0.7421875 0.3296875 0.7421875 0.3296875 0.8078125 0.253125 0.8078125
9 0.3546875 0.665625 0.421875 0.665625 0.421875 0.7359375 0.3546875 0.7359375
9 0.453125 0.2203125 0.525 0.2203125 0.525 0.278125 0.453125 0.278125
9 0.3390625 0.290625 0.4109375 0.290625 0.4109375 0.353125 0.3390625 0.353125
8 0.3265625 0.190625 0.4140625 0.190625 0.4140625 0.275 0.3265625 0.275
8 0.0953125 0.3640625 0.2265625 0.3640625 0.2265625 0.4359375 0.0953125 0.4359375
8 0.115625 0.59375 0.2109375 0.59375 0.2109375 0.665625 0.115625 0.665625
8 0.34375 0.746875 0.434375 0.746875 0.434375 0.8375 0.34375 0.8375
6 0.115625 0.2765625 0.2234375 0.2765625 0.2234375 0.35625 0.115625 0.35625
6 0.121875 0.6875 0.21875 0.6875 0.21875 0.759375 0.121875 0.759375
6 0.3375 0.5953125 0.421875 0.5953125 0.421875 0.6640625 0.3375 0.6640625
6 0.446875 0.3640625 0.53125 0.3640625 0.53125 0.44375 0.446875 0.44375
6 0.334375 0.4421875 0.4328125 0.4421875 0.4328125 0.509375 0.334375 0.509375
7 0.0953125 0.440625 0.221875 0.440625 0.221875 0.5109375 0.0953125 0.5109375
5 0.840625 0.2046875 0.9453125 0.2046875 0.9453125 0.28125 0.840625 0.28125
5 0.8265625 0.7328125 0.946875 0.7328125 0.946875 0.8125 0.8265625 0.8125
0 0.8375 0.290625 0.9265625 0.290625 0.9265625 0.353125 0.8375 0.353125
0 0.8375 0.653125 0.9625 0.653125 0.9625 0.7328125 0.8375 0.7328125
0 0.6546875 0.7328125 0.7234375 0.7328125 0.7234375 0.80625 0.6546875 0.80625
0 0.634375 0.65625 0.7171875 0.65625 0.7171875 0.7328125 0.634375 0.7328125
0 0.640625 0.5828125 0.7265625 0.5828125 0.7265625 0.659375 0.640625 0.659375
0 0.7375 0.503125 0.8265625 0.503125 0.8265625 0.5875 0.7375 0.5875
0 0.821875 0.4390625 0.9359375 0.4390625 0.9359375 0.50625 0.821875 0.50625
3 0.7328125 0.215625 0.8015625 0.215625 0.8015625 0.278125 0.7328125 0.278125
3 0.7421875 0.2890625 0.815625 0.2890625 0.815625 0.35625 0.7421875 0.35625
3 0.7390625 0.3765625 0.8109375 0.3765625 0.8109375 0.4390625 0.7390625 0.4390625
3 0.728125 0.453125 0.8171875 0.453125 0.8171875 0.503125 0.728125 0.503125
3 0.7390625 0.59375 0.8109375 0.59375 0.8109375 0.6484375 0.7390625 0.6484375
3 0.7375 0.65625 0.8125 0.65625 0.8125 0.721875 0.7375 0.721875
3 0.7421875 0.7390625 0.8234375 0.7390625 0.8234375 0.83125 0.7421875 0.83125
2 0.8359375 0.365625 0.9484375 0.365625 0.9484375 0.4296875 0.8359375 0.4296875
2 0.84375 0.5140625 0.940625 0.5140625 0.940625 0.5796875 0.84375 0.5796875
2 0.828125 0.5921875 0.965625 0.5921875 0.965625 0.6484375 0.828125 0.6484375