3 0.321875 0.2421875 0.39375 0.2421875 0.39375 0.3078125 0.321875 0.3078125
3 0.4265625 0.3140625 0.48125 0.3140625 0.48125 0.3671875 0.4265625 0.3671875
3 0.528125 0.315625 0.6078125 0.315625 0.6078125 0.3859375 0.528125 0.3859375
3 0.8328125 0.4046875 0.93125 0.4046875 0.93125 0.4578125 0.8328125 0.4578125
3 0.7390625 0.475 0.8078125 0.475 0.8078125 0.5296875 0.7390625 0.5296875
3 0.825 0.7109375 0.9140625 0.7109375 0.9140625 0.7765625 0.825 0.7765625
3 0.725 0.715625 0.8140625 0.715625 0.8140625 0.7765625 0.725 0.7765625
3 0.6265625 0.628125 0.703125 0.628125 0.703125 0.6890625 0.6265625 0.6890625
3 0.615625 0.5421875 0.6875 0.5421875 0.6875 0.60625 0.615625 0.60625
3 0.50625 0.6109375 0.5859375 0.6109375 0.5859375 0.6828125 0.50625 0.6828125
3 0.3375 0.465625 0.40625 0.465625 0.40625 0.5234375 0.3375 0.5234375
3 0.31875 0.39375 0.4078125 0.39375 0.4078125 0.4421875 0.31875 0.4421875
3 0.2140625 0.2984375 0.3140625 0.2984375 0.3140625 0.3546875 0.2140625 0.3546875
3 0.09375 0.384375 0.1875 0.384375 0.1875 0.44375 0.09375 0.44375
3 0.0671875 0.6140625 0.1765625 0.6140625 0.1765625 0.6796875 0.0671875 0.6796875
4 0.2828125 0.7703125 0.3890625 0.7703125 0.3890625 0.8875 0.2828125 0.8875
8 0.7234375 0.628125 0.8234375 0.628125 0.8234375 0.703125 0.7234375 0.703125
8 0.2984375 0.540625 0.3984375 0.540625 0.3984375 0.609375 0.2984375 0.609375
2 0.1921875 0.459375 0.296875 0.459375 0.296875 0.5203125 0.1921875 0.5203125
2 0.5296875 0.6984375 0.609375 0.6984375 0.609375 0.7890625 0.5296875 0.7890625
2 0.725 0.553125 0.834375 0.553125 0.834375 0.61875 0.725 0.61875
2 0.41875 0.396875 0.5046875 0.396875 0.5046875 0.45625 0.41875 0.45625
5 0.0734375 0.540625 0.1828125 0.540625 0.1828125 0.6 0.0734375 0.6
5 0.4109375 0.703125 0.4953125 0.703125 0.4953125 0.784375 0.4109375 0.784375