10 0.4125 0.5390625 0.50625 0.5390625 0.50625 0.5984375 0.4125 0.5984375
10 0.621875 0.534375 0.70625 0.534375 0.70625 0.6 0.621875 0.6
10 0.521875 0.6640625 0.61875 0.6640625 0.61875 0.746875 0.521875 0.746875
10 0.68125 0.6015625 0.7921875 0.6015625 0.7921875 0.671875 0.68125 0.671875
10 0.7703125 0.465625 0.8953125 0.465625 0.8953125 0.5265625 0.7703125 0.5265625
10 0.6078125 0.3984375 0.7015625 0.3984375 0.7015625 0.459375 0.6078125 0.459375
10 0.409375 0.396875 0.5109375 0.396875 0.5109375 0.4671875 0.409375 0.4671875
7 0.103125 0.6078125 0.2171875 0.6078125 0.2171875 0.6828125 0.103125 0.6828125
7 0.3265625 0.6640625 0.4125 0.6640625 0.4125 0.7515625 0.3265625 0.7515625
7 0.7765625 0.7328125 0.909375 0.7328125 0.909375 0.821875 0.7765625 0.821875
7 0.515625 0.4671875 0.603125 0.4671875 0.603125 0.5328125 0.515625 0.5328125
7 0.6015625 0.234375 0.7 0.234375 0.7 0.3328125 0.6015625 0.3328125
6 0.2265625 0.465625 0.309375 0.465625 0.309375 0.5265625 0.2265625 0.5265625
6 0.5140625 0.740625 0.59375 0.740625 0.59375 0.815625 0.5140625 0.815625
6 0.521875 0.603125 0.596875 0.603125 0.596875 0.66875 0.521875 0.66875
6 0.6953125 0.33125 0.7796875 0.33125 0.7796875 0.3921875 0.6953125 0.3921875
4 0.3140625 0.528125 0.4171875 0.528125 0.4171875 0.6078125 0.3140625 0.6078125
4 0.221875 0.74375 0.3140625 0.74375 0.3140625 0.846875 0.221875 0.846875
4 0.409375 0.23125 0.50625 0.23125 0.50625 0.3234375 0.409375 0.3234375
4 0.1171875 0.2265625 0.2234375 0.2265625 0.2234375 0.315625 0.1171875 0.315625
1 0.509375 0.534375 0.6 0.534375 0.6 0.6 0.509375 0.6