3 0.303125 0.3078125 0.3640625 0.3078125 0.3640625 0.384375 0.303125 0.384375
3 0.44375 0.315625 0.5015625 0.315625 0.5015625 0.3953125 0.44375 0.3953125
3 0.3 0.5203125 0.3625 0.5203125 0.3625 0.5875 0.3 0.5875
3 0.4546875 0.5265625 0.50625 0.5265625 0.50625 0.5921875 0.4546875 0.5921875
3 0.528125 0.6171875 0.5890625 0.6171875 0.5890625 0.696875 0.528125 0.696875
3 0.66875 0.3125 0.7359375 0.3125 0.7359375 0.3890625 0.66875 0.3890625
3 0.6625 0.521875 0.7375 0.521875 0.7375 0.5921875 0.6625 0.5921875
1 0.196875 0.0609375 0.290625 0.0609375 0.290625 0.1984375 0.196875 0.1984375
1 0.74375 0.0609375 0.846875 0.0609375 0.846875 0.2078125 0.74375 0.2078125
1 0.7453125 0.821875 0.85625 0.821875 0.85625 0.9375 0.7453125 0.9375
1 0.171875 0.8234375 0.278125 0.8234375 0.278125 0.96875 0.171875 0.96875
0 0.2859375 0.6078125 0.3578125 0.6078125 0.3578125 0.6921875 0.2859375 0.6921875
0 0.66875 0.60625 0.7484375 0.60625 0.7484375 0.69375 0.66875 0.69375
5 0.6625 0.409375 0.7515625 0.409375 0.7515625 0.4984375 0.6625 0.4984375
5 0.2734375 0.4234375 0.35625 0.4234375 0.35625 0.50625 0.2734375 0.50625
4 0.5125 0.4046875 0.5875 0.4046875 0.5875 0.5078125 0.5125 0.5078125
2 0.284375 0.196875 0.3609375 0.196875 0.3609375 0.2859375 0.284375 0.2859375
2 0.26875 0.715625 0.3546875 0.715625 0.3546875 0.803125 0.26875 0.803125
2 0.66875 0.715625 0.7609375 0.715625 0.7609375 0.803125 0.66875 0.803125
2 0.665625 0.20625 0.75625 0.20625 0.75625 0.303125 0.665625 0.303125