11 0.721875 0.415625 0.796875 0.415625 0.796875 0.5 0.721875 0.5
11 0.49375 0.525 0.55 0.525 0.55 0.61875 0.49375 0.61875
11 0.3375 0.6125 0.409375 0.6125 0.409375 0.709375 0.3375 0.709375
11 0.3265625 0.096875 0.4015625 0.096875 0.4015625 0.2125 0.3265625 0.2125
9 0.715625 0.646875 0.7765625 0.646875 0.7765625 0.71875 0.715625 0.71875
9 0.478125 0.615625 0.540625 0.615625 0.540625 0.6875 0.478125 0.6875
9 0.409375 0.5171875 0.4625 0.5171875 0.4625 0.6 0.409375 0.6
9 0.4109375 0.4265625 0.4671875 0.4265625 0.4671875 0.50625 0.4109375 0.50625
9 0.359375 0.3296875 0.4125 0.3296875 0.4125 0.4125 0.359375 0.4125
9 0.1875 0.325 0.259375 0.325 0.259375 0.403125 0.1875 0.403125
9 0.56875 0.1140625 0.61875 0.1140625 0.61875 0.2125 0.56875 0.2125
9 0.709375 0.234375 0.76875 0.234375 0.76875 0.321875 0.709375 0.321875
9 0.65 0.846875 0.7140625 0.846875 0.7140625 0.93125 0.65 0.93125
9 0.1984375 0.7328125 0.2578125 0.7328125 0.2578125 0.803125 0.1984375 0.803125
9 0.1921875 0.628125 0.2625 0.628125 0.2625 0.7 0.1921875 0.7
8 0.721875 0.7328125 0.796875 0.7328125 0.796875 0.834375 0.721875 0.834375
8 0.7125 0.103125 0.784375 0.103125 0.784375 0.21875 0.7125 0.21875
8 0.6421875 0.09375 0.7046875 0.09375 0.7046875 0.2125 0.6421875 0.2125
8 0.3359375 0.4234375 0.40625 0.4234375 0.40625 0.5109375 0.3359375 0.5109375
7 0.48125 0.41875 0.546875 0.41875 0.546875 0.521875 0.48125 0.521875
6 0.5625 0.63125 0.621875 0.63125 0.621875 0.721875 0.5625 0.721875
6 0.41875 0.61875 0.478125 0.61875 0.478125 0.715625 0.41875 0.715625
6 0.253125 0.7046875 0.3375 0.7046875 0.3375 0.803125 0.253125 0.803125
6 0.3234375 0.80625 0.3953125 0.80625 0.3953125 0.9265625 0.3234375 0.9265625
6 0.3359375 0.521875 0.40625 0.521875 0.40625 0.6078125 0.3359375 0.6078125
5 0.4140625 0.8234375 0.4734375 0.8234375 0.4734375 0.93125 0.4140625 0.93125
5 0.56875 0.5375 0.628125 0.5375 0.628125 0.621875 0.56875 0.621875
3 0.184375 0.81875 0.253125 0.81875 0.253125 0.9078125 0.184375 0.9078125
3 0.190625 0.409375 0.2625 0.409375 0.2625 0.4921875 0.190625 0.4921875
3 0.190625 0.2328125 0.259375 0.2328125 0.259375 0.3171875 0.190625 0.3171875
3 0.5 0.33125 0.55 0.33125 0.55 0.409375 0.5 0.409375
3 0.4125 0.328125 0.4625 0.328125 0.4625 0.409375 0.4125 0.409375
3 0.728125 0.35 0.7859375 0.35 0.7859375 0.428125 0.728125 0.428125
3 0.7234375 0.5234375 0.784375 0.5234375 0.784375 0.6078125 0.7234375 0.6078125
2 0.571875 0.41875 0.634375 0.41875 0.634375 0.509375 0.571875 0.509375
2 0.559375 0.309375 0.6203125 0.309375 0.6203125 0.409375 0.559375 0.409375
2 0.1875 0.115625 0.271875 0.115625 0.271875 0.21875 0.1875 0.21875
0 0.4890625 0.1078125 0.55625 0.1078125 0.55625 0.21875 0.4890625 0.21875
0 0.4234375 0.0921875 0.475 0.0921875 0.475 0.2109375 0.4234375 0.2109375
0 0.65 0.184375 0.7109375 0.184375 0.7109375 0.3 0.65 0.3
0 0.5625 0.8140625 0.6234375 0.8140625 0.6234375 0.9484375 0.5625 0.9484375
0 0.484375 0.8125 0.54375 0.8125 0.54375 0.9453125 0.484375 0.9453125
0 0.25 0.8125 0.325 0.8125 0.325 0.9375 0.25 0.9375
0 0.1734375 0.515625 0.25625 0.515625 0.25625 0.590625 0.1734375 0.590625