10 0.51875 0.675 0.571875 0.675 0.571875 0.765625 0.51875 0.765625
10 0.45 0.6734375 0.503125 0.6734375 0.503125 0.7609375 0.45 0.7609375
10 0.3734375 0.678125 0.4296875 0.678125 0.4296875 0.7671875 0.3734375 0.7671875
10 0.7734375 0.05 0.8640625 0.05 0.8640625 0.1625 0.7734375 0.1625
10 0.634375 0.0421875 0.7109375 0.0421875 0.7109375 0.1546875 0.634375 0.1546875
10 0.515625 0.503125 0.56875 0.503125 0.56875 0.56875 0.515625 0.56875
10 0.5203125 0.3078125 0.5734375 0.3078125 0.5734375 0.390625 0.5203125 0.390625
9 0.640625 0.5125 0.6875 0.5125 0.6875 0.565625 0.640625 0.565625
9 0.578125 0.596875 0.625 0.596875 0.625 0.65625 0.578125 0.65625
9 0.3859375 0.59375 0.428125 0.59375 0.428125 0.6546875 0.3859375 0.6546875
9 0.6484375 0.34375 0.6953125 0.34375 0.6953125 0.4 0.6484375 0.4
9 0.7046875 0.25625 0.7578125 0.25625 0.7578125 0.321875 0.7046875 0.321875
9 0.3921875 0.3375 0.4390625 0.3375 0.4390625 0.4 0.3921875 0.4
9 0.321875 0.171875 0.365625 0.171875 0.365625 0.240625 0.321875 0.240625
9 0.3921875 0.5203125 0.4328125 0.5203125 0.4328125 0.571875 0.3921875 0.571875
9 0.390625 0.4265625 0.4359375 0.4265625 0.4359375 0.4796875 0.390625 0.4796875
9 0.321875 0.6859375 0.365625 0.6859375 0.365625 0.740625 0.321875 0.740625
9 0.70625 0.4265625 0.753125 0.4265625 0.753125 0.4875 0.70625 0.4875
7 0.6390625 0.6765625 0.7078125 0.6765625 0.7078125 0.7609375 0.6390625 0.7609375
7 0.70625 0.5875 0.7875 0.5875 0.7875 0.665625 0.70625 0.665625
7 0.3109375 0.5015625 0.3765625 0.5015625 0.3765625 0.5734375 0.3109375 0.5734375
7 0.3109375 0.4046875 0.3765625 0.4046875 0.3765625 0.478125 0.3109375 0.478125
7 0.4453125 0.5015625 0.496875 0.5015625 0.496875 0.571875 0.4453125 0.571875
6 0.653125 0.596875 0.7046875 0.596875 0.7046875 0.65625 0.653125 0.65625
6 0.321875 0.5875 0.3734375 0.5875 0.3734375 0.65 0.321875 0.65
6 0.31875 0.259375 0.3765625 0.259375 0.3765625 0.3265625 0.31875 0.3265625
6 0.3078125 0.0640625 0.3625 0.0640625 0.3625 0.1484375 0.3078125 0.1484375
4 0.4578125 0.0453125 0.5109375 0.0453125 0.5109375 0.15625 0.4578125 0.15625
4 0.4484375 0.5890625 0.4984375 0.5890625 0.4984375 0.65625 0.4484375 0.65625
4 0.515625 0.5875 0.56875 0.5875 0.56875 0.65625 0.515625 0.65625
4 0.7703125 0.684375 0.8625 0.684375 0.8625 0.7609375 0.7703125 0.7609375
1 0.771875 0.334375 0.8609375 0.334375 0.8609375 0.415625 0.771875 0.415625