3 0.6203125 0.434375 0.671875 0.434375 0.671875 0.4984375 0.6203125 0.4984375
3 0.621875 0.2203125 0.6734375 0.2203125 0.6734375 0.2859375 0.621875 0.2859375
3 0.534375 0.1109375 0.584375 0.1109375 0.584375 0.1921875 0.534375 0.1921875
3 0.4625 0.2265625 0.51875 0.2265625 0.51875 0.2921875 0.4625 0.2921875
3 0.471875 0.4265625 0.521875 0.4265625 0.521875 0.48125 0.471875 0.48125
3 0.5453125 0.4265625 0.59375 0.4265625 0.59375 0.48125 0.5453125 0.48125
3 0.553125 0.5234375 0.6015625 0.5234375 0.6015625 0.5828125 0.553125 0.5828125
3 0.4765625 0.5203125 0.525 0.5203125 0.525 0.5765625 0.4765625 0.5765625
3 0.3171875 0.6296875 0.375 0.6296875 0.375 0.6953125 0.3171875 0.6953125
3 0.478125 0.7234375 0.53125 0.7234375 0.53125 0.7890625 0.478125 0.7890625
3 0.54375 0.621875 0.6 0.621875 0.6 0.6796875 0.54375 0.6796875
3 0.6171875 0.628125 0.6703125 0.628125 0.6703125 0.690625 0.6171875 0.690625
3 0.6234375 0.8296875 0.6796875 0.8296875 0.6796875 0.9125 0.6234375 0.9125
3 0.3265625 0.8109375 0.378125 0.8109375 0.378125 0.8859375 0.3265625 0.8859375
3 0.25 0.815625 0.303125 0.815625 0.303125 0.89375 0.25 0.89375
2 0.3015625 0.21875 0.3734375 0.21875 0.3734375 0.30625 0.3015625 0.30625
2 0.6890625 0.3171875 0.7671875 0.3171875 0.7671875 0.3921875 0.6890625 0.3921875
2 0.69375 0.7203125 0.775 0.7203125 0.775 0.8125 0.69375 0.8125
2 0.546875 0.7203125 0.6046875 0.7203125 0.6046875 0.815625 0.546875 0.815625
5 0.3046875 0.4359375 0.38125 0.4359375 0.38125 0.5046875 0.3046875 0.5046875
5 0.6203125 0.5234375 0.675 0.5234375 0.675 0.590625 0.6203125 0.590625
8 0.6125 0.3140625 0.678125 0.3140625 0.678125 0.403125 0.6125 0.403125
8 0.384375 0.815625 0.45 0.815625 0.45 0.9140625 0.384375 0.9140625
4 0.5390625 0.3171875 0.6 0.3171875 0.6 0.4046875 0.5390625 0.4046875