0 0.6703125 0.665625 0.759375 0.665625 0.759375 0.7328125 0.6703125 0.7328125
0 0.753125 0.2703125 0.85625 0.2703125 0.85625 0.3453125 0.753125 0.3453125
1 0.103125 0.678125 0.23125 0.678125 0.23125 0.778125 0.103125 0.778125
1 0.21875 0.175 0.3296875 0.175 0.3296875 0.28125 0.21875 0.28125
1 0.58125 0.746875 0.6875 0.746875 0.6875 0.85625 0.58125 0.85625
1 0.45 0.175 0.540625 0.175 0.540625 0.271875 0.45 0.271875
2 0.353125 0.75625 0.4375 0.75625 0.4375 0.84375 0.353125 0.84375
2 0.753125 0.4296875 0.859375 0.4296875 0.859375 0.5 0.753125 0.5
2 0.8328125 0.178125 0.953125 0.178125 0.953125 0.253125 0.8328125 0.253125
2 0.4328125 0.35 0.5203125 0.35 0.5203125 0.41875 0.4328125 0.41875
3 0.253125 0.5203125 0.321875 0.5203125 0.321875 0.56875 0.253125 0.56875
3 0.4625 0.675 0.5328125 0.675 0.5328125 0.728125 0.4625 0.728125
3 0.55625 0.5140625 0.628125 0.5140625 0.628125 0.5671875 0.55625 0.5671875
3 0.36875 0.4453125 0.4359375 0.4453125 0.4359375 0.4984375 0.36875 0.4984375
3 0.240625 0.284375 0.3125 0.284375 0.3125 0.340625 0.240625 0.340625
3 0.7796875 0.665625 0.8640625 0.665625 0.8640625 0.7234375 0.7796875 0.7234375
3 0.8515625 0.503125 0.9390625 0.503125 0.9390625 0.559375 0.8515625 0.559375
4 0.634375 0.16875 0.740625 0.16875 0.740625 0.275 0.634375 0.275
5 0.3578125 0.596875 0.4328125 0.596875 0.4328125 0.6625 0.3578125 0.6625
5 0.55625 0.434375 0.640625 0.434375 0.640625 0.490625 0.55625 0.490625