3 0.7953125 0.1375 0.878125 0.1375 0.878125 0.20625 0.7953125 0.20625
3 0.696875 0.6140625 0.76875 0.6140625 0.76875 0.6671875 0.696875 0.6671875
3 0.590625 0.54375 0.659375 0.54375 0.659375 0.5953125 0.590625 0.5953125
3 0.5015625 0.4609375 0.5640625 0.4609375 0.5640625 0.515625 0.5015625 0.515625
3 0.396875 0.3875 0.4609375 0.3875 0.4609375 0.44375 0.396875 0.44375
3 0.2828125 0.321875 0.35625 0.321875 0.35625 0.375 0.2828125 0.375
3 0.1796875 0.2265625 0.2609375 0.2265625 0.2609375 0.2921875 0.1796875 0.2921875
0 0.49375 0.3953125 0.5609375 0.3953125 0.5609375 0.4515625 0.49375 0.4515625
0 0.596875 0.3 0.6703125 0.3 0.6703125 0.3703125 0.596875 0.3703125
1 0.26875 0.38125 0.3640625 0.38125 0.3640625 0.4546875 0.26875 0.4546875
1 0.378125 0.4578125 0.4703125 0.4578125 0.4703125 0.5203125 0.378125 0.5203125
1 0.4796875 0.5296875 0.565625 0.5296875 0.565625 0.6 0.4796875 0.6
1 0.675 0.684375 0.775 0.684375 0.775 0.771875 0.675 0.771875
2 0.1703125 0.4546875 0.2671875 0.4546875 0.2671875 0.5140625 0.1703125 0.5140625
2 0.278125 0.5296875 0.365625 0.5296875 0.365625 0.5984375 0.278125 0.5984375
2 0.1734375 0.609375 0.26875 0.609375 0.26875 0.6796875 0.1734375 0.6796875
2 0.0609375 0.6984375 0.165625 0.6984375 0.165625 0.7734375 0.0609375 0.7734375
4 0.571875 0.6125 0.665625 0.6125 0.665625 0.68125 0.571875 0.68125
5 0.684375 0.209375 0.78125 0.209375 0.78125 0.29375 0.684375 0.29375
5 0.6 0.4609375 0.678125 0.4609375 0.678125 0.5171875 0.6 0.5171875