11 0.8 0.3078125 0.9 0.3078125 0.9 0.384375 0.8 0.384375
11 0.81875 0.8078125 0.91875 0.8078125 0.91875 0.896875 0.81875 0.896875
11 0.8078125 0.6953125 0.9125 0.6953125 0.9125 0.7859375 0.8078125 0.7859375
11 0.328125 0.0828125 0.4 0.0828125 0.4 0.1875 0.328125 0.1875
10 0.703125 0.2921875 0.8171875 0.2921875 0.8171875 0.3890625 0.703125 0.3890625
10 0.2953125 0.6 0.3984375 0.6 0.3984375 0.690625 0.2953125 0.690625
10 0.05625 0.378125 0.1875 0.378125 0.1875 0.475 0.05625 0.475
9 0.709375 0.5984375 0.7890625 0.5984375 0.7890625 0.6625 0.709375 0.6625
8 0.60625 0.49375 0.7015625 0.49375 0.7015625 0.575 0.60625 0.575
8 0.521875 0.1828125 0.5921875 0.1828125 0.5921875 0.2828125 0.521875 0.2828125
8 0.2078125 0.7875 0.2921875 0.7875 0.2921875 0.896875 0.2078125 0.896875
8 0.0875 0.696875 0.1875 0.696875 0.1875 0.8 0.0875 0.8
8 0.4078125 0.09375 0.4859375 0.09375 0.4859375 0.1953125 0.4078125 0.1953125
8 0.6015625 0.5875 0.6875 0.5875 0.6875 0.659375 0.6015625 0.659375
7 0.2921875 0.4109375 0.3859375 0.4109375 0.3859375 0.4921875 0.2921875 0.4921875
7 0.7125 0.7015625 0.8328125 0.7015625 0.8328125 0.8125 0.7125 0.8125
7 0.040625 0.4984375 0.18125 0.4984375 0.18125 0.578125 0.040625 0.578125
6 0.796875 0.415625 0.8875 0.415625 0.8875 0.4796875 0.796875 0.4796875
6 0.5140625 0.096875 0.5890625 0.096875 0.5890625 0.190625 0.5140625 0.190625
6 0.30625 0.7875 0.38125 0.7875 0.38125 0.88125 0.30625 0.88125
6 0.19375 0.61875 0.275 0.61875 0.275 0.6875 0.19375 0.6875
6 0.19375 0.396875 0.28125 0.396875 0.28125 0.4703125 0.19375 0.4703125
6 0.0921875 0.81875 0.1953125 0.81875 0.1953125 0.91875 0.0921875 0.91875
5 0.5296875 0.4 0.609375 0.4 0.609375 0.475 0.5296875 0.475
5 0.7171875 0.50625 0.80625 0.50625 0.80625 0.5765625 0.7171875 0.5765625
5 0.809375 0.5078125 0.9078125 0.5078125 0.9078125 0.5765625 0.809375 0.5765625
5 0.70625 0.41875 0.8015625 0.41875 0.8015625 0.484375 0.70625 0.484375
5 0.709375 0.225 0.8046875 0.225 0.8046875 0.3078125 0.709375 0.3078125
5 0.7109375 0.8125 0.81875 0.8125 0.81875 0.91875 0.7109375 0.91875
4 0.184375 0.034375 0.296875 0.034375 0.296875 0.1765625 0.184375 0.1765625
4 0.190625 0.2578125 0.3 0.2578125 0.3 0.375 0.190625 0.375
4 0.0359375 0.6046875 0.171875 0.6046875 0.171875 0.6890625 0.0359375 0.6890625
3 0.315625 0.7046875 0.390625 0.7046875 0.390625 0.7703125 0.315625 0.7703125
3 0.815625 0.109375 0.90625 0.109375 0.90625 0.19375 0.815625 0.19375
2 0.803125 0.2109375 0.915625 0.2109375 0.915625 0.284375 0.803125 0.284375
2 0.796875 0.5953125 0.903125 0.5953125 0.903125 0.68125 0.796875 0.68125
2 0.5171875 0.59375 0.5953125 0.59375 0.5953125 0.671875 0.5171875 0.671875
2 0.409375 0.1984375 0.484375 0.1984375 0.484375 0.2875 0.409375 0.2875
1 0.4140625 0.290625 0.49375 0.290625 0.49375 0.384375 0.4140625 0.384375
1 0.3921875 0.68125 0.4765625 0.68125 0.4765625 0.784375 0.3921875 0.784375
1 0.309375 0.50625 0.396875 0.50625 0.396875 0.5828125 0.309375 0.5828125
0 0.50625 0.303125 0.571875 0.303125 0.571875 0.375 0.50625 0.375
0 0.6046875 0.2078125 0.675 0.2078125 0.675 0.29375 0.6046875 0.29375
0 0.50625 0.7078125 0.575 0.7078125 0.575 0.790625 0.50625 0.790625
0 0.309375 0.184375 0.384375 0.184375 0.384375 0.278125 0.309375 0.278125
0 0.6109375 0.409375 0.6921875 0.409375 0.6921875 0.4734375 0.6109375 0.4734375