11 0.2015625 0.3125 0.2671875 0.3125 0.2671875 0.384375 0.2015625 0.384375
11 0.4359375 0.309375 0.5015625 0.309375 0.5015625 0.3984375 0.4359375 0.3984375
11 0.509375 0.409375 0.56875 0.409375 0.56875 0.49375 0.509375 0.49375
11 0.565625 0.78125 0.653125 0.78125 0.653125 0.88125 0.565625 0.88125
9 0.2171875 0.4109375 0.2796875 0.4109375 0.2796875 0.4765625 0.2171875 0.4765625
9 0.371875 0.5984375 0.4265625 0.5984375 0.4265625 0.675 0.371875 0.675
9 0.515625 0.5890625 0.5625 0.5890625 0.5625 0.6703125 0.515625 0.6703125
9 0.7046875 0.59375 0.7671875 0.59375 0.7671875 0.6640625 0.7046875 0.6640625
9 0.7 0.3265625 0.7578125 0.3265625 0.7578125 0.3921875 0.7 0.3921875
9 0.7015625 0.234375 0.7625 0.234375 0.7625 0.309375 0.7015625 0.309375
9 0.6359375 0.228125 0.69375 0.228125 0.69375 0.3125 0.6359375 0.3125
9 0.2859375 0.1140625 0.35 0.1140625 0.35 0.1984375 0.2859375 0.1984375
9 0.378125 0.771875 0.421875 0.771875 0.421875 0.8640625 0.378125 0.8640625
9 0.2296875 0.6890625 0.28125 0.6890625 0.28125 0.771875 0.2296875 0.771875
8 0.6359375 0.6765625 0.7 0.6765625 0.7 0.7828125 0.6359375 0.7828125
8 0.2921875 0.784375 0.3484375 0.784375 0.3484375 0.884375 0.2921875 0.884375
8 0.215625 0.7796875 0.2828125 0.7796875 0.2828125 0.8828125 0.215625 0.8828125
8 0.5734375 0.5875 0.6328125 0.5875 0.6328125 0.6796875 0.5734375 0.6796875
7 0.2015625 0.065625 0.2828125 0.065625 0.2828125 0.21875 0.2015625 0.21875
6 0.196875 0.1984375 0.2640625 0.1984375 0.2640625 0.2890625 0.196875 0.2890625
6 0.58125 0.1234375 0.646875 0.1234375 0.646875 0.215625 0.58125 0.215625
6 0.56875 0.315625 0.634375 0.315625 0.634375 0.40625 0.56875 0.40625
6 0.503125 0.5078125 0.559375 0.5078125 0.559375 0.5796875 0.503125 0.5796875
6 0.434375 0.4953125 0.496875 0.4953125 0.496875 0.58125 0.434375 0.58125
5 0.2890625 0.196875 0.3578125 0.196875 0.3578125 0.3 0.2890625 0.3
5 0.5046875 0.11875 0.5703125 0.11875 0.5703125 0.2015625 0.5046875 0.2015625
3 0.365625 0.30625 0.4234375 0.30625 0.4234375 0.396875 0.365625 0.396875
3 0.4328125 0.6015625 0.4953125 0.6015625 0.4953125 0.6703125 0.4328125 0.6703125
3 0.290625 0.6875 0.3375 0.6875 0.3375 0.765625 0.290625 0.765625
3 0.7 0.5203125 0.7671875 0.5203125 0.7671875 0.5828125 0.7 0.5828125
3 0.6984375 0.675 0.76875 0.675 0.76875 0.7484375 0.6984375 0.7484375
3 0.4328125 0.4015625 0.4890625 0.4015625 0.4890625 0.4796875 0.4328125 0.4796875
3 0.70625 0.1375 0.775 0.1375 0.775 0.21875 0.70625 0.21875
2 0.2015625 0.6078125 0.271875 0.6078125 0.271875 0.6984375 0.2015625 0.6984375
2 0.2203125 0.49375 0.29375 0.49375 0.29375 0.584375 0.2203125 0.584375
2 0.690625 0.7578125 0.771875 0.7578125 0.771875 0.853125 0.690625 0.853125
0 0.5078125 0.309375 0.5640625 0.309375 0.5640625 0.3984375 0.5078125 0.3984375
0 0.3625 0.1015625 0.425 0.1015625 0.425 0.2109375 0.3625 0.2109375
0 0.434375 0.75625 0.4890625 0.75625 0.4890625 0.875 0.434375 0.875
0 0.509375 0.771875 0.5671875 0.771875 0.5671875 0.875 0.509375 0.875
0 0.7 0.421875 0.778125 0.421875 0.778125 0.4890625 0.7 0.4890625
0 0.64375 0.10625 0.715625 0.10625 0.715625 0.225 0.64375 0.225
0 0.4328125 0.10625 0.49375 0.10625 0.49375 0.221875 0.4328125 0.221875