10 0.7921875 0.071875 0.9109375 0.071875 0.9109375 0.1875 0.7921875 0.1875
0 0.796875 0.209375 0.9015625 0.209375 0.9015625 0.2875 0.796875 0.2875
7 0.78125 0.3140625 0.90625 0.3140625 0.90625 0.403125 0.78125 0.403125
7 0.7828125 0.415625 0.8984375 0.415625 0.8984375 0.49375 0.7828125 0.49375
8 0.8015625 0.5109375 0.8859375 0.5109375 0.8859375 0.5890625 0.8015625 0.5890625
11 0.79375 0.59375 0.8796875 0.59375 0.8796875 0.65625 0.79375 0.65625
5 0.8078125 0.6875 0.9 0.6875 0.9 0.76875 0.8078125 0.76875
0 0.690625 0.1140625 0.7703125 0.1140625 0.7703125 0.2078125 0.690625 0.2078125
0 0.6796875 0.225 0.7578125 0.225 0.7578125 0.30625 0.6796875 0.30625
8 0.6953125 0.3984375 0.7828125 0.3984375 0.7828125 0.484375 0.6953125 0.484375
2 0.703125 0.49375 0.7859375 0.49375 0.7859375 0.5734375 0.703125 0.5734375
5 0.59375 0.109375 0.6703125 0.109375 0.6703125 0.2046875 0.59375 0.2046875
6 0.6015625 0.321875 0.671875 0.321875 0.671875 0.39375 0.6015625 0.39375
4 0.6125 0.4046875 0.696875 0.4046875 0.696875 0.478125 0.6125 0.478125
8 0.6234375 0.5046875 0.6953125 0.5046875 0.6953125 0.5890625 0.6234375 0.5890625
11 0.615625 0.6125 0.6875 0.6125 0.6875 0.6859375 0.615625 0.6859375
9 0.615625 0.6859375 0.6765625 0.6859375 0.6765625 0.7453125 0.615625 0.7453125
6 0.6125 0.7734375 0.6921875 0.7734375 0.6921875 0.8671875 0.6125 0.8671875
8 0.5125 0.109375 0.58125 0.109375 0.58125 0.2 0.5125 0.2
3 0.5203125 0.225 0.5828125 0.225 0.5828125 0.2953125 0.5203125 0.2953125
11 0.509375 0.34375 0.5765625 0.34375 0.5765625 0.41875 0.509375 0.41875
8 0.528125 0.41875 0.6015625 0.41875 0.6015625 0.490625 0.528125 0.490625
8 0.5078125 0.5 0.5796875 0.5 0.5796875 0.56875 0.5078125 0.56875
1 0.5078125 0.59375 0.58125 0.59375 0.58125 0.684375 0.5078125 0.684375
2 0.51875 0.69375 0.584375 0.69375 0.584375 0.7671875 0.51875 0.7671875
5 0.4 0.1171875 0.471875 0.1171875 0.471875 0.2125 0.4 0.2125
9 0.4234375 0.24375 0.4875 0.24375 0.4875 0.3078125 0.4234375 0.3078125
11 0.425 0.3296875 0.49375 0.3296875 0.49375 0.4078125 0.425 0.4078125
6 0.4078125 0.4359375 0.4765625 0.4359375 0.4765625 0.5 0.4078125 0.5
3 0.425 0.6125 0.4890625 0.6125 0.4890625 0.6765625 0.425 0.6765625
9 0.44375 0.678125 0.5 0.678125 0.5 0.7390625 0.44375 0.7390625
0 0.3109375 0.20625 0.3828125 0.20625 0.3828125 0.296875 0.3109375 0.296875
7 0.2953125 0.3234375 0.3890625 0.3234375 0.3890625 0.4125 0.2953125 0.4125
6 0.3234375 0.421875 0.3984375 0.421875 0.3984375 0.484375 0.3234375 0.484375
0 0.328125 0.6765625 0.396875 0.6765625 0.396875 0.7625 0.328125 0.7625
10 0.33125 0.778125 0.41875 0.778125 0.41875 0.903125 0.33125 0.903125
4 0.184375 0.0953125 0.2890625 0.0953125 0.2890625 0.2 0.184375 0.2
3 0.2296875 0.25625 0.2984375 0.25625 0.2984375 0.321875 0.2296875 0.321875
5 0.221875 0.3625 0.3 0.3625 0.3 0.4234375 0.221875 0.4234375
2 0.190625 0.51875 0.290625 0.51875 0.290625 0.59375 0.190625 0.59375
1 0.2046875 0.6 0.3109375 0.6 0.3109375 0.6890625 0.2046875 0.6890625
2 0.2296875 0.7953125 0.3078125 0.7953125 0.3078125 0.90625 0.2296875 0.90625
10 0.0875 0.1296875 0.2046875 0.1296875 0.2046875 0.2328125 0.0875 0.2328125
6 0.103125 0.23125 0.196875 0.23125 0.196875 0.3140625 0.103125 0.3140625
4 0.071875 0.33125 0.1953125 0.33125 0.1953125 0.4125 0.071875 0.4125
1 0.1 0.4328125 0.2171875 0.4328125 0.2171875 0.5109375 0.1 0.5109375
6 0.1125 0.534375 0.196875 0.534375 0.196875 0.603125 0.1125 0.603125
5 0.1234375 0.615625 0.2140625 0.615625 0.2140625 0.6921875 0.1234375 0.6921875
5 0.125 0.7015625 0.215625 0.7015625 0.215625 0.784375 0.125 0.784375