2 0.465625 0.7515625 0.584375 0.7515625 0.584375 0.8453125 0.465625 0.8453125
2 0.365625 0.653125 0.45625 0.653125 0.45625 0.7453125 0.365625 0.7453125
2 0.809375 0.4125 0.9171875 0.4125 0.9171875 0.490625 0.809375 0.490625
0 0.8078125 0.74375 0.915625 0.74375 0.915625 0.859375 0.8078125 0.859375
0 0.65625 0.146875 0.7640625 0.146875 0.7640625 0.246875 0.65625 0.246875
0 0.4765625 0.15625 0.6 0.15625 0.6 0.246875 0.4765625 0.246875
0 0.475 0.496875 0.578125 0.496875 0.578125 0.578125 0.475 0.578125
0 0.0453125 0.6609375 0.1609375 0.6609375 0.1609375 0.7375 0.0453125 0.7375
0 0.2828125 0.159375 0.3703125 0.159375 0.3703125 0.25 0.2828125 0.25
0 0.59375 0.4234375 0.6875 0.4234375 0.6875 0.5 0.59375 0.5
5 0.803125 0.315625 0.9015625 0.315625 0.9015625 0.4 0.803125 0.4
5 0.01875 0.190625 0.1515625 0.190625 0.1515625 0.2703125 0.01875 0.2703125
3 0.1859375 0.7484375 0.2515625 0.7484375 0.2515625 0.8328125 0.1859375 0.8328125
3 0.178125 0.6671875 0.259375 0.6671875 0.259375 0.7390625 0.178125 0.7390625
3 0.1765625 0.5828125 0.2515625 0.5828125 0.2515625 0.653125 0.1765625 0.653125
3 0.065625 0.50625 0.15625 0.50625 0.15625 0.578125 0.065625 0.578125
3 0.1796875 0.35625 0.2765625 0.35625 0.2765625 0.428125 0.1796875 0.428125
3 0.159375 0.1671875 0.26875 0.1671875 0.26875 0.2578125 0.159375 0.2578125
3 0.5890625 0.3375 0.675 0.3375 0.675 0.403125 0.5890625 0.403125
9 0.71875 0.7546875 0.7890625 0.7546875 0.7890625 0.8265625 0.71875 0.8265625
9 0.6984375 0.675 0.778125 0.675 0.778125 0.74375 0.6984375 0.74375
9 0.69375 0.584375 0.790625 0.584375 0.790625 0.65625 0.69375 0.65625
9 0.7109375 0.50625 0.7859375 0.50625 0.7859375 0.584375 0.7109375 0.584375
9 0.6953125 0.3515625 0.778125 0.3515625 0.778125 0.4265625 0.6953125 0.4265625
9 0.703125 0.25625 0.7796875 0.25625 0.7796875 0.325 0.703125 0.325
9 0.575 0.2625 0.66875 0.2625 0.66875 0.328125 0.575 0.328125
9 0.3734375 0.5796875 0.4578125 0.5796875 0.4578125 0.6515625 0.3734375 0.6515625
9 0.284375 0.659375 0.3609375 0.659375 0.3609375 0.73125 0.284375 0.73125
9 0.390625 0.18125 0.465625 0.18125 0.465625 0.2609375 0.390625 0.2609375
9 0.596875 0.66875 0.66875 0.66875 0.66875 0.740625 0.596875 0.740625
11 0.2578125 0.73125 0.3640625 0.73125 0.3640625 0.8234375 0.2578125 0.8234375
11 0.1640625 0.421875 0.2703125 0.421875 0.2703125 0.50625 0.1640625 0.50625
11 0.0640625 0.428125 0.1703125 0.428125 0.1703125 0.503125 0.0640625 0.503125
11 0.175 0.2625 0.275 0.2625 0.275 0.3453125 0.175 0.3453125
8 0.253125 0.50625 0.36875 0.50625 0.36875 0.575 0.253125 0.575
8 0.271875 0.340625 0.371875 0.340625 0.371875 0.4171875 0.271875 0.4171875
8 0.04375 0.359375 0.1578125 0.359375 0.1578125 0.43125 0.04375 0.43125
8 0.0421875 0.271875 0.1671875 0.271875 0.1671875 0.3609375 0.0421875 0.3609375
6 0.590625 0.503125 0.6875 0.503125 0.6875 0.571875 0.590625 0.571875
6 0.465625 0.3515625 0.55625 0.3515625 0.55625 0.4171875 0.465625 0.4171875
6 0.3640625 0.4265625 0.4578125 0.4265625 0.4578125 0.5015625 0.3640625 0.5015625
6 0.05 0.5921875 0.15 0.5921875 0.15 0.65 0.05 0.65
7 0.34375 0.25625 0.465625 0.25625 0.465625 0.3453125 0.34375 0.3453125
6 0.475 0.584375 0.575 0.584375 0.575 0.665625 0.475 0.665625