8 0.728125 0.09375 0.821875 0.09375 0.821875 0.19375 0.728125 0.19375
8 0.8265625 0.4921875 0.9625 0.4921875 0.9625 0.5671875 0.8265625 0.5671875
8 0.8421875 0.8 0.9609375 0.8 0.9609375 0.8875 0.8421875 0.8875
8 0.740625 0.6875 0.840625 0.6875 0.840625 0.7796875 0.740625 0.7796875
8 0.7359375 0.5921875 0.840625 0.5921875 0.840625 0.6625 0.7359375 0.6625
8 0.634375 0.69375 0.71875 0.69375 0.71875 0.7890625 0.634375 0.7890625
8 0.4234375 0.084375 0.5140625 0.084375 0.5140625 0.171875 0.4234375 0.171875
8 0.45 0.5984375 0.5265625 0.5984375 0.5265625 0.690625 0.45 0.690625
8 0.31875 0.8125 0.409375 0.8125 0.409375 0.91875 0.31875 0.91875
8 0.3265625 0.6109375 0.4109375 0.6109375 0.4109375 0.6953125 0.3265625 0.6953125
8 0.33125 0.1890625 0.40625 0.1890625 0.40625 0.2859375 0.33125 0.2859375
8 0.0890625 0.171875 0.1921875 0.171875 0.1921875 0.2671875 0.0890625 0.2671875
8 0.10625 0.2953125 0.209375 0.2953125 0.209375 0.384375 0.10625 0.384375
8 0.196875 0.503125 0.303125 0.503125 0.303125 0.6 0.196875 0.6
8 0.0875 0.7125 0.190625 0.7125 0.190625 0.8015625 0.0875 0.8015625
8 0.0890625 0.83125 0.2 0.83125 0.2 0.9375 0.0890625 0.9375
2 0.725 0.284375 0.8234375 0.284375 0.8234375 0.3828125 0.725 0.3828125
2 0.621875 0.403125 0.728125 0.403125 0.728125 0.484375 0.621875 0.484375
2 0.6296875 0.4921875 0.7171875 0.4921875 0.7171875 0.5734375 0.6296875 0.5734375
2 0.534375 0.81875 0.625 0.81875 0.625 0.903125 0.534375 0.903125
2 0.83125 0.584375 0.959375 0.584375 0.959375 0.6875 0.83125 0.6875
2 0.6296875 0.18125 0.7296875 0.18125 0.7296875 0.275 0.6296875 0.275
2 0.5234375 0.1875 0.6203125 0.1875 0.6203125 0.28125 0.5234375 0.28125
2 0.4390625 0.3046875 0.5203125 0.3046875 0.5203125 0.3828125 0.4390625 0.3828125
2 0.4328125 0.409375 0.521875 0.409375 0.521875 0.490625 0.4328125 0.490625
2 0.325 0.5046875 0.40625 0.5046875 0.40625 0.5859375 0.325 0.5859375
2 0.43125 0.7046875 0.5140625 0.7046875 0.5140625 0.7875 0.43125 0.7875
2 0.3125 0.040625 0.4 0.040625 0.4 0.1703125 0.3125 0.1703125
2 0.2234375 0.3859375 0.3078125 0.3859375 0.3078125 0.4765625 0.2234375 0.4765625