5 0.703125 0.7203125 0.7984375 0.7203125 0.7984375 0.7765625 0.703125 0.7765625
5 0.45 0.43125 0.5625 0.43125 0.5625 0.4734375 0.45 0.4734375
10 0.5546875 0.5453125 0.690625 0.5453125 0.690625 0.59375 0.5546875 0.59375
9 0.4890625 0.5984375 0.575 0.5984375 0.575 0.6296875 0.4890625 0.6296875
9 0.046875 0.7484375 0.15 0.7484375 0.15 0.7921875 0.046875 0.7921875
9 0.021875 0.646875 0.1234375 0.646875 0.1234375 0.6859375 0.021875 0.6859375
9 0.1234375 0.6484375 0.21875 0.6484375 0.21875 0.684375 0.1234375 0.684375
9 0.059375 0.509375 0.1546875 0.509375 0.1546875 0.5375 0.059375 0.5375
8 0.1140625 0.55 0.2421875 0.55 0.2421875 0.590625 0.1140625 0.590625
8 0.134375 0.446875 0.25625 0.446875 0.25625 0.4859375 0.134375 0.4859375
7 0.678125 0.6 0.8203125 0.6 0.8203125 0.6546875 0.678125 0.6546875
6 0.721875 0.36875 0.809375 0.36875 0.809375 0.4203125 0.721875 0.4203125
11 0.0140625 0.6 0.1453125 0.6 0.1453125 0.640625 0.0140625 0.640625
3 0.4765625 0.7734375 0.5625 0.7734375 0.5625 0.8171875 0.4765625 0.8171875
3 0.353125 0.3953125 0.4421875 0.3953125 0.4421875 0.4328125 0.353125 0.4328125
3 0.040625 0.6921875 0.134375 0.6921875 0.134375 0.7296875 0.040625 0.7296875
3 0.06875 0.3875 0.153125 0.3875 0.153125 0.428125 0.06875 0.428125
3 0.0515625 0.453125 0.1375 0.453125 0.1375 0.4859375 0.0515625 0.4859375
7 0.3046875 0.4859375 0.45 0.4859375 0.45 0.534375 0.3046875 0.534375
0 0.3453125 0.6625 0.4578125 0.6625 0.4578125 0.7015625 0.3453125 0.7015625
0 0.4671875 0.7234375 0.575 0.7234375 0.575 0.76875 0.4671875 0.76875
6 0.221875 0.6 0.346875 0.6 0.346875 0.6375 0.221875 0.6375