8 0.125 0.675 0.2578125 0.675 0.2578125 0.734375 0.125 0.734375
8 0 0.4390625 0.1015625 0.4390625 0.1015625 0.490625 0 0.490625
10 0.559375 0.6 0.71875 0.6 0.71875 0.64375 0.559375 0.64375
7 0.2875 0.2828125 0.459375 0.2828125 0.459375 0.346875 0.2875 0.346875
11 0.0921875 0.5609375 0.2109375 0.5609375 0.2109375 0.6140625 0.0921875 0.6140625
11 0.059375 0.3171875 0.1875 0.3171875 0.1875 0.3703125 0.059375 0.3703125
6 0.38125 0.4625 0.5203125 0.4625 0.5203125 0.496875 0.38125 0.496875
9 0.45 0.35 0.534375 0.35 0.534375 0.3875 0.45 0.3875
9 0.4640625 0.3984375 0.5625 0.3984375 0.5625 0.4375 0.4640625 0.4375
9 0.5921875 0.44375 0.6859375 0.44375 0.6859375 0.478125 0.5921875 0.478125
9 0.5375 0.5515625 0.6375 0.5515625 0.6375 0.5859375 0.5375 0.5859375
9 0.703125 0.5296875 0.80625 0.5296875 0.80625 0.5609375 0.703125 0.5609375
9 0.615625 0.49375 0.7234375 0.49375 0.7234375 0.525 0.615625 0.525
9 0.56875 0.390625 0.659375 0.390625 0.659375 0.425 0.56875 0.425
9 0.534375 0.340625 0.6375 0.340625 0.6375 0.378125 0.534375 0.378125
6 0.2046875 0.55625 0.3328125 0.55625 0.3328125 0.596875 0.2046875 0.596875
4 0.4171875 0.2796875 0.5703125 0.2796875 0.5703125 0.340625 0.4171875 0.340625
1 0.4640625 0.615625 0.6203125 0.615625 0.6203125 0.66875 0.4640625 0.66875
5 0.1703125 0.496875 0.303125 0.496875 0.303125 0.5375 0.1703125 0.5375
5 0.6640625 0.4328125 0.7921875 0.4328125 0.7921875 0.459375 0.6640625 0.459375
5 0.65625 0.371875 0.771875 0.371875 0.771875 0.4171875 0.65625 0.4171875
0 0.4171875 0.515625 0.5390625 0.515625 0.5390625 0.5546875 0.4171875 0.5546875
0 0.5171875 0.5078125 0.6515625 0.5078125 0.6515625 0.5421875 0.5171875 0.5421875
3 0.215625 0.371875 0.30625 0.371875 0.30625 0.409375 0.215625 0.409375
3 0.246875 0.4375 0.334375 0.4375 0.334375 0.471875 0.246875 0.471875
3 0.3625 0.409375 0.4625 0.409375 0.4625 0.44375 0.3625 0.44375
3 0.303125 0.4890625 0.4015625 0.4890625 0.4015625 0.515625 0.303125 0.515625
3 0.353125 0.5875 0.45 0.5875 0.45 0.6234375 0.353125 0.6234375
3 0.446875 0.5734375 0.55625 0.5734375 0.55625 0.6078125 0.446875 0.6078125
3 0.321875 0.5359375 0.425 0.5359375 0.425 0.5671875 0.321875 0.5671875
3 0.496875 0.453125 0.6046875 0.453125 0.6046875 0.484375 0.496875 0.484375
5 0.14375 0.440625 0.25 0.440625 0.25 0.484375 0.14375 0.484375