11 0.46875 0.5515625 0.5296875 0.5515625 0.5296875 0.6328125 0.46875 0.6328125
11 0.459375 0.46875 0.534375 0.46875 0.534375 0.54375 0.459375 0.54375
11 0.6109375 0.6515625 0.6765625 0.6515625 0.6765625 0.7359375 0.6109375 0.7359375
11 0.3859375 0.171875 0.4453125 0.171875 0.4453125 0.2640625 0.3859375 0.2640625
9 0.2640625 0.5625 0.3296875 0.5625 0.3296875 0.6375 0.2640625 0.6375
9 0.3296875 0.56875 0.3828125 0.56875 0.3828125 0.6390625 0.3296875 0.6390625
9 0.6078125 0.553125 0.6703125 0.553125 0.6703125 0.6203125 0.6078125 0.6203125
9 0.5484375 0.75 0.6015625 0.75 0.6015625 0.8328125 0.5484375 0.8328125
9 0.271875 0.728125 0.328125 0.728125 0.328125 0.825 0.271875 0.825
9 0.3453125 0.7359375 0.390625 0.7359375 0.390625 0.8125 0.3453125 0.8125
9 0.328125 0.3921875 0.3953125 0.3921875 0.3953125 0.45625 0.328125 0.45625
9 0.2640625 0.3921875 0.3296875 0.3921875 0.3296875 0.4515625 0.2640625 0.4515625
9 0.396875 0.3796875 0.4515625 0.3796875 0.4515625 0.4421875 0.396875 0.4421875
9 0.525 0.28125 0.584375 0.28125 0.584375 0.353125 0.525 0.353125
9 0.6 0.3734375 0.6625 0.3734375 0.6625 0.4390625 0.6 0.4390625
8 0.390625 0.284375 0.4609375 0.284375 0.4609375 0.384375 0.390625 0.384375
8 0.4609375 0.2765625 0.5171875 0.2765625 0.5171875 0.3703125 0.4609375 0.3703125
8 0.5953125 0.175 0.6625 0.175 0.6625 0.26875 0.5953125 0.26875
8 0.5296875 0.546875 0.5953125 0.546875 0.5953125 0.6296875 0.5296875 0.6296875
7 0.459375 0.6390625 0.525 0.6390625 0.525 0.753125 0.459375 0.753125
6 0.39375 0.471875 0.4515625 0.471875 0.4515625 0.55625 0.39375 0.55625
6 0.3171875 0.634375 0.3953125 0.634375 0.3953125 0.7359375 0.3171875 0.7359375
6 0.390625 0.828125 0.459375 0.828125 0.459375 0.9234375 0.390625 0.9234375
6 0.678125 0.7390625 0.746875 0.7390625 0.746875 0.8390625 0.678125 0.8390625
6 0.4703125 0.734375 0.525 0.734375 0.525 0.8296875 0.4703125 0.8296875
5 0.4828125 0.834375 0.5328125 0.834375 0.5328125 0.9265625 0.4828125 0.9265625
5 0.60625 0.734375 0.66875 0.734375 0.66875 0.8265625 0.60625 0.8265625
3 0.403125 0.5671875 0.4609375 0.5671875 0.4609375 0.6234375 0.403125 0.6234375
3 0.5390625 0.4796875 0.6 0.4796875 0.6 0.5390625 0.5390625 0.5390625
3 0.525 0.3796875 0.590625 0.3796875 0.590625 0.4515625 0.525 0.4515625
3 0.6078125 0.28125 0.671875 0.28125 0.671875 0.3578125 0.6078125 0.3578125
3 0.25625 0.2984375 0.328125 0.2984375 0.328125 0.371875 0.25625 0.371875
3 0.259375 0.825 0.3265625 0.825 0.3265625 0.9046875 0.259375 0.9046875
3 0.68125 0.6578125 0.740625 0.6578125 0.740625 0.7359375 0.68125 0.7359375
2 0.2515625 0.1921875 0.33125 0.1921875 0.33125 0.2796875 0.2515625 0.2796875
2 0.6765625 0.3640625 0.7421875 0.3640625 0.7421875 0.440625 0.6765625 0.440625
2 0.6734375 0.453125 0.7375 0.453125 0.7375 0.534375 0.6734375 0.534375
0 0.4578125 0.175 0.5140625 0.175 0.5140625 0.2703125 0.4578125 0.2703125
0 0.4578125 0.375 0.521875 0.375 0.521875 0.453125 0.4578125 0.453125
0 0.33125 0.8265625 0.3921875 0.8265625 0.3921875 0.934375 0.33125 0.934375
0 0.39375 0.734375 0.453125 0.734375 0.453125 0.828125 0.39375 0.828125
0 0.6140625 0.8359375 0.66875 0.8359375 0.66875 0.9359375 0.6140625 0.9359375
0 0.5421875 0.8375 0.5953125 0.8375 0.5953125 0.9375 0.5421875 0.9375
0 0.5984375 0.4578125 0.6609375 0.4578125 0.6609375 0.5265625 0.5984375 0.5265625