5 0.659375 0.0625 0.728125 0.0625 0.728125 0.1828125 0.659375 0.1828125
5 0.7421875 0.1890625 0.8203125 0.1890625 0.8203125 0.29375 0.7421875 0.29375
3 0.7390625 0.509375 0.809375 0.509375 0.809375 0.59375 0.7390625 0.59375
3 0.746875 0.603125 0.81875 0.603125 0.81875 0.6953125 0.746875 0.6953125
3 0.7234375 0.709375 0.7953125 0.709375 0.7953125 0.80625 0.7234375 0.80625
3 0.7296875 0.8171875 0.8 0.8171875 0.8 0.915625 0.7296875 0.915625
3 0.6609375 0.8125 0.7390625 0.8125 0.7390625 0.909375 0.6609375 0.909375
3 0.5859375 0.8078125 0.659375 0.8078125 0.659375 0.909375 0.5859375 0.909375
3 0.509375 0.7875 0.5765625 0.7875 0.5765625 0.8921875 0.509375 0.8921875
2 0.209375 0.078125 0.29375 0.078125 0.29375 0.2046875 0.209375 0.2046875
2 0.2828125 0.08125 0.3609375 0.08125 0.3609375 0.19375 0.2828125 0.19375
2 0.1984375 0.2046875 0.2890625 0.2046875 0.2890625 0.3015625 0.1984375 0.3015625
0 0.190625 0.4859375 0.2890625 0.4859375 0.2890625 0.58125 0.190625 0.58125
0 0.1984375 0.596875 0.2875 0.596875 0.2875 0.69375 0.1984375 0.69375
0 0.203125 0.684375 0.2984375 0.684375 0.2984375 0.7953125 0.203125 0.7953125
0 0.2046875 0.7796875 0.2828125 0.7796875 0.2828125 0.8765625 0.2046875 0.8765625
0 0.2765625 0.790625 0.353125 0.790625 0.353125 0.9 0.2765625 0.9
0 0.3515625 0.79375 0.4296875 0.79375 0.4296875 0.91875 0.3515625 0.91875
0 0.4390625 0.7921875 0.5046875 0.7921875 0.5046875 0.9015625 0.4390625 0.9015625