3 0.8640625 0.71875 0.9578125 0.71875 0.9578125 0.78125 0.8640625 0.78125
3 0.725 0.5671875 0.815625 0.5671875 0.815625 0.6296875 0.725 0.6296875
3 0.534375 0.56875 0.625 0.56875 0.625 0.628125 0.534375 0.628125
3 0.09375 0.740625 0.1921875 0.740625 0.1921875 0.8125 0.09375 0.8125
3 0.8484375 0.3296875 0.9421875 0.3296875 0.9421875 0.3953125 0.8484375 0.3953125
3 0.51875 0.4109375 0.603125 0.4109375 0.603125 0.4703125 0.51875 0.4703125
3 0.0640625 0.4296875 0.1796875 0.4296875 0.1796875 0.4859375 0.0640625 0.4859375
1 0.428125 0.659375 0.51875 0.659375 0.51875 0.765625 0.428125 0.765625
1 0.6390625 0.4875 0.7453125 0.4875 0.7453125 0.553125 0.6390625 0.553125
1 0.5265625 0.1234375 0.625 0.1234375 0.625 0.2375 0.5265625 0.2375
1 0.409375 0.228125 0.509375 0.228125 0.509375 0.321875 0.409375 0.321875
2 0.6375 0.6484375 0.73125 0.6484375 0.73125 0.7359375 0.6375 0.7359375
2 0.190625 0.646875 0.315625 0.646875 0.315625 0.73125 0.190625 0.73125
2 0.725 0.234375 0.846875 0.234375 0.846875 0.3 0.725 0.3
2 0.1921875 0.328125 0.290625 0.328125 0.290625 0.409375 0.1921875 0.409375
5 0.303125 0.4984375 0.39375 0.4984375 0.39375 0.5640625 0.303125 0.5640625
5 0.6296875 0.240625 0.71875 0.240625 0.71875 0.309375 0.6296875 0.309375
4 0.415625 0.4875 0.5171875 0.4875 0.5171875 0.55625 0.415625 0.55625
0 0.290625 0.153125 0.384375 0.153125 0.384375 0.240625 0.290625 0.240625
0 0.0375 0.159375 0.165625 0.159375 0.165625 0.24375 0.0375 0.24375