5 0.1359375 0.1578125 0.2921875 0.1578125 0.2921875 0.225 0.1359375 0.225
6 0.5015625 0.209375 0.6578125 0.209375 0.6578125 0.253125 0.5015625 0.253125
1 0.746875 0.228125 0.9515625 0.228125 0.9515625 0.2875 0.746875 0.2875
9 0.671875 0.3375 0.7921875 0.3375 0.7921875 0.3796875 0.671875 0.3796875
3 0.5 0.3359375 0.61875 0.3359375 0.61875 0.375 0.5 0.375
9 0.4 0.3359375 0.51875 0.3359375 0.51875 0.3765625 0.4 0.3765625
10 0.671875 0.4015625 0.8703125 0.4015625 0.8703125 0.4421875 0.671875 0.4421875
5 0.521875 0.459375 0.665625 0.459375 0.665625 0.5 0.521875 0.5
4 0.396875 0.4453125 0.5953125 0.4453125 0.5953125 0.49375 0.396875 0.49375
6 0.678125 0.5046875 0.8328125 0.5046875 0.8328125 0.5390625 0.678125 0.5390625
8 0.7625 0.5890625 0.90625 0.5890625 0.90625 0.634375 0.7625 0.634375
11 0.5921875 0.6109375 0.7359375 0.6109375 0.7359375 0.6578125 0.5921875 0.6578125
7 0.38125 0.559375 0.5921875 0.559375 0.5921875 0.6140625 0.38125 0.6140625
5 0.1609375 0.584375 0.3328125 0.584375 0.3328125 0.634375 0.1609375 0.634375