5 0.271875 0.15 0.35 0.15 0.35 0.2515625 0.271875 0.2515625
5 0.51875 0.253125 0.575 0.253125 0.575 0.346875 0.51875 0.346875
4 0.728125 0.5734375 0.8296875 0.5734375 0.8296875 0.6640625 0.728125 0.6640625
3 0.2015625 0.0578125 0.2671875 0.0578125 0.2671875 0.14375 0.2015625 0.14375
3 0.2921875 0.378125 0.3453125 0.378125 0.3453125 0.44375 0.2921875 0.44375
3 0.2875 0.68125 0.340625 0.68125 0.340625 0.75625 0.2875 0.75625
3 0.44375 0.7609375 0.496875 0.7609375 0.496875 0.8421875 0.44375 0.8421875
3 0.446875 0.484375 0.4984375 0.484375 0.4984375 0.546875 0.446875 0.546875
3 0.665625 0.1796875 0.725 0.1796875 0.725 0.25625 0.665625 0.25625
3 0.584375 0.059375 0.6453125 0.059375 0.6453125 0.146875 0.584375 0.146875
2 0.5078125 0.6765625 0.5703125 0.6765625 0.5703125 0.7609375 0.5078125 0.7609375
2 0.5875 0.3671875 0.653125 0.3671875 0.653125 0.4484375 0.5875 0.4484375
2 0.75 0.78125 0.8375 0.78125 0.8375 0.8703125 0.75 0.8703125
2 0.184375 0.2625 0.2703125 0.2625 0.2703125 0.3453125 0.184375 0.3453125
1 0.440625 0.0140625 0.5078125 0.0140625 0.5078125 0.159375 0.440625 0.159375
1 0.515625 0.4765625 0.578125 0.4765625 0.578125 0.5609375 0.515625 0.5609375
1 0.440625 0.575 0.5046875 0.575 0.5046875 0.6578125 0.440625 0.6578125
1 0.7296875 0.3921875 0.821875 0.3921875 0.821875 0.471875 0.7296875 0.471875
0 0.3671875 0.259375 0.4265625 0.259375 0.4265625 0.34375 0.3671875 0.34375
0 0.45625 0.375 0.503125 0.375 0.503125 0.446875 0.45625 0.446875