5 0.0125 0.7734375 0.15625 0.7734375 0.15625 0.8609375 0.0125 0.8609375
5 0.14375 0.6734375 0.259375 0.6734375 0.259375 0.7453125 0.14375 0.7453125
3 0.390625 0.7609375 0.4671875 0.7609375 0.4671875 0.8453125 0.390625 0.8453125
3 0.2671875 0.6765625 0.3515625 0.6765625 0.3515625 0.7484375 0.2671875 0.7484375
3 0.1546875 0.775 0.2390625 0.775 0.2390625 0.8546875 0.1546875 0.8546875
3 0.5875 0.29375 0.6703125 0.29375 0.6703125 0.365625 0.5875 0.365625
3 0.4875 0.221875 0.565625 0.221875 0.565625 0.284375 0.4875 0.284375
3 0.6890625 0.2171875 0.7859375 0.2171875 0.7859375 0.2828125 0.6890625 0.2828125
3 0.775 0.2921875 0.8765625 0.2921875 0.8765625 0.359375 0.775 0.359375
2 0.6765625 0.359375 0.76875 0.359375 0.76875 0.434375 0.6765625 0.434375
2 0.78125 0.434375 0.9109375 0.434375 0.9109375 0.5109375 0.78125 0.5109375
2 0.703125 0.525 0.8015625 0.525 0.8015625 0.590625 0.703125 0.590625
0 0.159375 0.453125 0.26875 0.453125 0.26875 0.525 0.159375 0.525
0 0.165625 0.2890625 0.26875 0.2890625 0.26875 0.3640625 0.165625 0.3640625
0 0.375 0.4453125 0.459375 0.4453125 0.459375 0.5109375 0.375 0.5109375
0 0.5921875 0.7671875 0.703125 0.7671875 0.703125 0.8515625 0.5921875 0.8515625
0 0.578125 0.59375 0.68125 0.59375 0.68125 0.66875 0.578125 0.66875
0 0.81875 0.7609375 0.959375 0.7609375 0.959375 0.85 0.81875 0.85
0 0.590625 0.4390625 0.6828125 0.4390625 0.6828125 0.5046875 0.590625 0.5046875