10 0.346875 0.371875 0.44375 0.371875 0.44375 0.440625 0.346875 0.440625
10 0.346875 0.45625 0.4328125 0.45625 0.4328125 0.5359375 0.346875 0.5359375
10 0.3515625 0.8265625 0.4453125 0.8265625 0.4453125 0.9296875 0.3515625 0.9296875
10 0.346875 0.728125 0.4375 0.728125 0.4375 0.834375 0.346875 0.834375
10 0.5359375 0.2625 0.6109375 0.2625 0.6109375 0.35625 0.5359375 0.35625
10 0.534375 0.1671875 0.63125 0.1671875 0.63125 0.2625 0.534375 0.2625
10 0.6328125 0.640625 0.7265625 0.640625 0.7265625 0.74375 0.6328125 0.74375
10 0.6375 0.7328125 0.721875 0.7328125 0.721875 0.8359375 0.6375 0.8359375
10 0.346875 0.265625 0.446875 0.265625 0.446875 0.353125 0.346875 0.353125
7 0.6265625 0.3609375 0.71875 0.3609375 0.71875 0.4484375 0.6265625 0.4484375
7 0.6265625 0.45 0.7265625 0.45 0.7265625 0.5359375 0.6265625 0.5359375
7 0.6359375 0.825 0.7203125 0.825 0.7203125 0.94375 0.6359375 0.94375
7 0.6203125 0.25625 0.734375 0.25625 0.734375 0.35 0.6203125 0.35
7 0.346875 0.54375 0.446875 0.54375 0.446875 0.6359375 0.346875 0.6359375
7 0.34375 0.6421875 0.434375 0.6421875 0.434375 0.7359375 0.34375 0.7359375
7 0.3421875 0.15 0.4453125 0.15 0.4453125 0.253125 0.3421875 0.253125
7 0.6234375 0.540625 0.7265625 0.540625 0.7265625 0.6296875 0.6234375 0.6296875
4 0.5375 0.3578125 0.628125 0.3578125 0.628125 0.4484375 0.5375 0.4484375
4 0.5390625 0.45 0.621875 0.45 0.621875 0.5359375 0.5390625 0.5359375
4 0.5328125 0.5390625 0.621875 0.5390625 0.621875 0.628125 0.5328125 0.628125
4 0.5359375 0.63125 0.6234375 0.63125 0.6234375 0.721875 0.5359375 0.721875
4 0.540625 0.7234375 0.628125 0.7234375 0.628125 0.8296875 0.540625 0.8296875
4 0.5453125 0.8265625 0.6328125 0.8265625 0.6328125 0.940625 0.5453125 0.940625
1 0.4515625 0.15625 0.5390625 0.15625 0.5390625 0.275 0.4515625 0.275
1 0.44375 0.2640625 0.5375 0.2640625 0.5375 0.3671875 0.44375 0.3671875
1 0.4453125 0.365625 0.53125 0.365625 0.53125 0.4375 0.4453125 0.4375
1 0.446875 0.453125 0.540625 0.453125 0.540625 0.540625 0.446875 0.540625
1 0.4484375 0.5421875 0.5328125 0.5421875 0.5328125 0.6359375 0.4484375 0.6359375
1 0.4515625 0.6375 0.5390625 0.6375 0.5390625 0.7359375 0.4515625 0.7359375
1 0.453125 0.725 0.534375 0.725 0.534375 0.834375 0.453125 0.834375
1 0.446875 0.8375 0.540625 0.8375 0.540625 0.9359375 0.446875 0.9359375