3 0.7203125 0.534375 0.8046875 0.534375 0.8046875 0.56875 0.7203125 0.56875
3 0.7203125 0.58125 0.803125 0.58125 0.803125 0.6125 0.7203125 0.6125
3 0.7265625 0.66875 0.79375 0.66875 0.79375 0.703125 0.7265625 0.703125
3 0.6375 0.7140625 0.7265625 0.7140625 0.7265625 0.7484375 0.6375 0.7484375
3 0.6328125 0.6171875 0.703125 0.6171875 0.703125 0.653125 0.6328125 0.653125
3 0.621875 0.5796875 0.696875 0.5796875 0.696875 0.6140625 0.621875 0.6140625
3 0.4484375 0.5421875 0.51875 0.5421875 0.51875 0.5703125 0.4484375 0.5703125
3 0.44375 0.5859375 0.515625 0.5859375 0.515625 0.6140625 0.44375 0.6140625
3 0.4546875 0.6203125 0.5265625 0.6203125 0.5265625 0.6484375 0.4546875 0.6484375
3 0.4609375 0.7078125 0.5359375 0.7078125 0.5359375 0.7390625 0.4609375 0.7390625
3 0.5375 0.7046875 0.609375 0.7046875 0.609375 0.7359375 0.5375 0.7359375
3 0.540625 0.665625 0.615625 0.665625 0.615625 0.696875 0.540625 0.696875
3 0.53125 0.625 0.590625 0.625 0.590625 0.65625 0.53125 0.65625
3 0.54375 0.5859375 0.6140625 0.5859375 0.6140625 0.6125 0.54375 0.6125
0 0.440625 0.6671875 0.5296875 0.6671875 0.5296875 0.7015625 0.440625 0.7015625
0 0.6375 0.66875 0.7140625 0.66875 0.7140625 0.7078125 0.6375 0.7078125
0 0.7234375 0.6328125 0.7953125 0.6328125 0.7953125 0.66875 0.7234375 0.66875
0 0.7375 0.7125 0.8171875 0.7125 0.8171875 0.753125 0.7375 0.753125
0 0.6234375 0.5359375 0.70625 0.5359375 0.70625 0.5703125 0.6234375 0.5703125
0 0.534375 0.553125 0.609375 0.553125 0.609375 0.58125 0.534375 0.58125
9 0.103125 0.5484375 0.1828125 0.5484375 0.1828125 0.578125 0.103125 0.578125
9 0.1828125 0.5421875 0.259375 0.5421875 0.259375 0.565625 0.1828125 0.565625
9 0.2703125 0.5390625 0.3421875 0.5390625 0.3421875 0.5734375 0.2703125 0.5734375
9 0.3625 0.5359375 0.4375 0.5359375 0.4375 0.565625 0.3625 0.565625
9 0.271875 0.5828125 0.3484375 0.5828125 0.3484375 0.609375 0.271875 0.609375
9 0.3390625 0.575 0.41875 0.575 0.41875 0.6046875 0.3390625 0.6046875
9 0.109375 0.6171875 0.1859375 0.6171875 0.1859375 0.6453125 0.109375 0.6453125
9 0.196875 0.665625 0.2640625 0.665625 0.2640625 0.6921875 0.196875 0.6921875
9 0.1265625 0.7 0.203125 0.7 0.203125 0.728125 0.1265625 0.728125
9 0.20625 0.70625 0.28125 0.70625 0.28125 0.740625 0.20625 0.740625
9 0.2875 0.7015625 0.3515625 0.7015625 0.3515625 0.7359375 0.2875 0.7359375
9 0.36875 0.659375 0.4359375 0.659375 0.4359375 0.690625 0.36875 0.690625
9 0.1984375 0.625 0.2640625 0.625 0.2640625 0.653125 0.1984375 0.653125
9 0.2671875 0.6203125 0.3375 0.6203125 0.3375 0.6484375 0.2671875 0.6484375
6 0.1015625 0.6578125 0.1890625 0.6578125 0.1890625 0.6921875 0.1015625 0.6921875
6 0.3578125 0.7078125 0.446875 0.7078125 0.446875 0.74375 0.3578125 0.74375
6 0.2671875 0.6625 0.35625 0.6625 0.35625 0.6984375 0.2671875 0.6984375
6 0.3375 0.6171875 0.43125 0.6171875 0.43125 0.65625 0.3375 0.65625
6 0.171875 0.5828125 0.2625 0.5828125 0.2625 0.6140625 0.171875 0.6140625
6 0.0953125 0.5765625 0.178125 0.5765625 0.178125 0.6109375 0.0953125 0.6109375