5 0.0890625 0.5375 0.1953125 0.5375 0.1953125 0.6078125 0.0890625 0.6078125
5 0.18125 0.296875 0.290625 0.296875 0.290625 0.36875 0.18125 0.36875
5 0.2984375 0.13125 0.39375 0.13125 0.39375 0.221875 0.2984375 0.221875
5 0.4171875 0.465625 0.4921875 0.465625 0.4921875 0.525 0.4171875 0.525
5 0.4046875 0.6140625 0.4890625 0.6140625 0.4890625 0.6890625 0.4046875 0.6890625
5 0.53125 0.5375 0.6125 0.5375 0.6125 0.60625 0.53125 0.60625
5 0.7078125 0.4546875 0.7984375 0.4546875 0.7984375 0.5109375 0.7078125 0.5109375
5 0.7125 0.53125 0.80625 0.53125 0.80625 0.5984375 0.7125 0.5984375
5 0.7171875 0.684375 0.8234375 0.684375 0.8234375 0.765625 0.7171875 0.765625
5 0.6203125 0.209375 0.7140625 0.209375 0.7140625 0.29375 0.6203125 0.29375
11 0.103125 0.6921875 0.2 0.6921875 0.2 0.771875 0.103125 0.771875
11 0.20625 0.615625 0.290625 0.615625 0.290625 0.690625 0.20625 0.690625
11 0.1875 0.3875 0.284375 0.3875 0.284375 0.45625 0.1875 0.45625
11 0.30625 0.4578125 0.390625 0.4578125 0.390625 0.51875 0.30625 0.51875
11 0.3203125 0.690625 0.403125 0.690625 0.403125 0.7734375 0.3203125 0.7734375
11 0.4203125 0.6828125 0.4953125 0.6828125 0.4953125 0.7671875 0.4203125 0.7671875
11 0.415625 0.296875 0.490625 0.296875 0.490625 0.36875 0.415625 0.36875
11 0.5203125 0.3796875 0.590625 0.3796875 0.590625 0.440625 0.5203125 0.440625
11 0.6125 0.3 0.696875 0.3 0.696875 0.36875 0.6125 0.36875
11 0.5234375 0.6859375 0.6078125 0.6859375 0.6078125 0.76875 0.5234375 0.76875
11 0.71875 0.29375 0.815625 0.29375 0.815625 0.3625 0.71875 0.3625
5 0.821875 0.2125 0.9234375 0.2125 0.9234375 0.2921875 0.821875 0.2921875