0 0.409375 0.309375 0.4796875 0.309375 0.4796875 0.3765625 0.409375 0.3765625
0 0.3140625 0.5359375 0.3875 0.5359375 0.3875 0.6 0.3140625 0.6
0 0.4421875 0.615625 0.503125 0.615625 0.503125 0.6859375 0.4421875 0.6859375
0 0.615625 0.709375 0.696875 0.709375 0.696875 0.796875 0.615625 0.796875
0 0.8265625 0.7171875 0.9265625 0.7171875 0.9265625 0.7953125 0.8265625 0.7953125
3 0.4140625 0.525 0.471875 0.525 0.471875 0.578125 0.4140625 0.578125
3 0.2109375 0.65 0.2765625 0.65 0.2765625 0.70625 0.2109375 0.70625
3 0.11875 0.534375 0.1921875 0.534375 0.1921875 0.590625 0.11875 0.590625
3 0.21875 0.4546875 0.2859375 0.4546875 0.2859375 0.50625 0.21875 0.50625
3 0.7234375 0.4359375 0.7921875 0.4359375 0.7921875 0.490625 0.7234375 0.490625
3 0.21875 0.2375 0.284375 0.2375 0.284375 0.30625 0.21875 0.30625
3 0.5234375 0.2296875 0.5828125 0.2296875 0.5828125 0.2984375 0.5234375 0.2984375
3 0.715625 0.24375 0.7828125 0.24375 0.7828125 0.303125 0.715625 0.303125
3 0.603125 0.115625 0.65625 0.115625 0.65625 0.1875 0.603125 0.1875
2 0.7234375 0.3296875 0.8125 0.3296875 0.8125 0.3984375 0.7234375 0.3984375
2 0.30625 0.0921875 0.3796875 0.0921875 0.3796875 0.190625 0.30625 0.190625
2 0.4140625 0.109375 0.490625 0.109375 0.490625 0.2078125 0.4140625 0.2078125
1 0.296875 0.1921875 0.39375 0.1921875 0.39375 0.2984375 0.296875 0.2984375
1 0.5296875 0.425 0.6109375 0.425 0.6109375 0.503125 0.5296875 0.503125
4 0.1671875 0.3125 0.2796875 0.3125 0.2796875 0.40625 0.1671875 0.40625
4 0.4078125 0.4078125 0.4828125 0.4078125 0.4828125 0.4890625 0.4078125 0.4890625
4 0.6125 0.3125 0.70625 0.3125 0.70625 0.409375 0.6125 0.409375
5 0.80625 0.2234375 0.9 0.2234375 0.9 0.309375 0.80625 0.309375
5 0.815625 0.4 0.9125 0.4 0.9125 0.46875 0.815625 0.46875
5 0.7140625 0.5234375 0.803125 0.5234375 0.803125 0.5921875 0.7140625 0.5921875
5 0.3078125 0.61875 0.3828125 0.61875 0.3828125 0.69375 0.3078125 0.69375
7 0.5109375 0.6171875 0.59375 0.6171875 0.59375 0.709375 0.5109375 0.709375
7 0.503125 0.50625 0.58125 0.50625 0.58125 0.58125 0.503125 0.58125
10 0.3109375 0.30625 0.4015625 0.30625 0.4015625 0.403125 0.3109375 0.403125
10 0.6140625 0.421875 0.7046875 0.421875 0.7046875 0.5015625 0.6140625 0.5015625
10 0.7078125 0.8171875 0.825 0.8171875 0.825 0.9328125 0.7078125 0.9328125
6 0.415625 0.225 0.4890625 0.225 0.4890625 0.30625 0.415625 0.30625
6 0.5140625 0.340625 0.58125 0.340625 0.58125 0.4078125 0.5140625 0.4078125
6 0.6203125 0.503125 0.6953125 0.503125 0.6953125 0.571875 0.6203125 0.571875
6 0.7 0.5921875 0.7875 0.5921875 0.7875 0.6625 0.7 0.6625
6 0.071875 0.3234375 0.1671875 0.3234375 0.1671875 0.396875 0.071875 0.396875
6 0.3140625 0.8265625 0.3890625 0.8265625 0.3890625 0.925 0.3140625 0.925
11 0.4203125 0.7125 0.496875 0.7125 0.496875 0.8015625 0.4203125 0.8015625
11 0.5078125 0.709375 0.5765625 0.709375 0.5765625 0.7984375 0.5078125 0.7984375
11 0.821875 0.521875 0.925 0.521875 0.925 0.596875 0.821875 0.596875
8 0.075 0.4203125 0.175 0.4203125 0.175 0.496875 0.075 0.496875
8 0.6984375 0.721875 0.7796875 0.721875 0.7796875 0.809375 0.6984375 0.809375
8 0.825 0.628125 0.921875 0.628125 0.921875 0.7109375 0.825 0.7109375
8 0.415625 0.8203125 0.49375 0.8203125 0.49375 0.9140625 0.415625 0.9140625
8 0.60625 0.6046875 0.690625 0.6046875 0.690625 0.6765625 0.60625 0.6765625
7 0.059375 0.7234375 0.184375 0.7234375 0.184375 0.8390625 0.059375 0.8390625
9 0.090625 0.1078125 0.1703125 0.1078125 0.1703125 0.1890625 0.090625 0.1890625
9 0.0890625 0.2203125 0.1640625 0.2203125 0.1640625 0.2859375 0.0890625 0.2859375
9 0.71875 0.128125 0.7828125 0.128125 0.7828125 0.2015625 0.71875 0.2015625
9 0.5984375 0.234375 0.6609375 0.234375 0.6609375 0.296875 0.5984375 0.296875
9 0.5296875 0.134375 0.5859375 0.134375 0.5859375 0.2125 0.5296875 0.2125
9 0.225 0.5296875 0.296875 0.5296875 0.296875 0.5921875 0.225 0.5921875
9 0.10625 0.653125 0.184375 0.653125 0.184375 0.721875 0.10625 0.721875
9 0.3109375 0.71875 0.3765625 0.71875 0.3765625 0.7890625 0.3109375 0.7890625
9 0.828125 0.8203125 0.9046875 0.8203125 0.9046875 0.89375 0.828125 0.89375
9 0.6109375 0.821875 0.6734375 0.821875 0.6734375 0.909375 0.6109375 0.909375
3 0.225 0.725 0.290625 0.725 0.290625 0.7859375 0.225 0.7859375
2 0.165625 0.809375 0.26875 0.809375 0.26875 0.9171875 0.165625 0.9171875
1 0.5203125 0.809375 0.6046875 0.809375 0.6046875 0.9453125 0.5203125 0.9453125
5 0.19375 0.096875 0.2734375 0.096875 0.2734375 0.20625 0.19375 0.20625
11 0.821875 0.0953125 0.915625 0.0953125 0.915625 0.1875 0.821875 0.1875
8 0.8046875 0.309375 0.9015625 0.309375 0.9015625 0.38125 0.8046875 0.38125
5 0.3234375 0.4140625 0.396875 0.4140625 0.396875 0.4796875 0.3234375 0.4796875
9 0.1015625 0.8328125 0.18125 0.8328125 0.18125 0.9125 0.1015625 0.9125