4 0.496875 0.1640625 0.5671875 0.1640625 0.5671875 0.284375 0.496875 0.284375
0 0.3515625 0.83125 0.4125 0.83125 0.4125 0.95 0.3515625 0.95
0 0.2609375 0.8265625 0.3328125 0.8265625 0.3328125 0.9328125 0.2609375 0.9328125
1 0.575 0.2671875 0.659375 0.2671875 0.659375 0.39375 0.575 0.39375
1 0.640625 0.3984375 0.7375 0.3984375 0.7375 0.4875 0.640625 0.4875
1 0.803125 0.6015625 0.921875 0.6015625 0.921875 0.715625 0.803125 0.715625
1 0.3984375 0.034375 0.4734375 0.034375 0.4734375 0.18125 0.3984375 0.18125
2 0.2609375 0.4046875 0.3375 0.4046875 0.3375 0.49375 0.2609375 0.49375
2 0.2578125 0.515625 0.340625 0.515625 0.340625 0.60625 0.2578125 0.60625
2 0.259375 0.628125 0.334375 0.628125 0.334375 0.7125 0.259375 0.7125
2 0.2578125 0.7265625 0.328125 0.7265625 0.328125 0.81875 0.2578125 0.81875
3 0.3625 0.5046875 0.415625 0.5046875 0.415625 0.5796875 0.3625 0.5796875
3 0.4328125 0.5140625 0.4859375 0.5140625 0.4859375 0.5890625 0.4328125 0.5890625
3 0.509375 0.50625 0.565625 0.50625 0.565625 0.58125 0.509375 0.58125
3 0.5828125 0.509375 0.640625 0.509375 0.640625 0.58125 0.5828125 0.58125
3 0.6546875 0.509375 0.725 0.509375 0.725 0.5953125 0.6546875 0.5953125
3 0.7328125 0.509375 0.7984375 0.509375 0.7984375 0.5890625 0.7328125 0.5890625
3 0.80625 0.5109375 0.88125 0.5109375 0.88125 0.58125 0.80625 0.58125
5 0.25625 0.1859375 0.33125 0.1859375 0.33125 0.2875 0.25625 0.2875
5 0.2546875 0.290625 0.33125 0.290625 0.33125 0.375 0.2546875 0.375