4 0.84375 0.7875 0.9640625 0.7875 0.9640625 0.8953125 0.84375 0.8953125
4 0.365625 0.5046875 0.4453125 0.5046875 0.4453125 0.5734375 0.365625 0.5734375
4 0.640625 0.090625 0.7265625 0.090625 0.7265625 0.209375 0.640625 0.209375
0 0.7484375 0.80625 0.828125 0.80625 0.828125 0.8875 0.7484375 0.8875
0 0.8296875 0.69375 0.91875 0.69375 0.91875 0.765625 0.8296875 0.765625
0 0.825 0.5359375 0.9125 0.5359375 0.9125 0.5984375 0.825 0.5984375
0 0.6546875 0.515625 0.721875 0.515625 0.721875 0.575 0.6546875 0.575
0 0.371875 0.1359375 0.434375 0.1359375 0.434375 0.221875 0.371875 0.221875
6 0.6375 0.79375 0.70625 0.79375 0.70625 0.878125 0.6375 0.878125
6 0.4625 0.7953125 0.525 0.7953125 0.525 0.8765625 0.4625 0.8765625
6 0.1765625 0.615625 0.2578125 0.615625 0.2578125 0.678125 0.1765625 0.678125
6 0.1984375 0.1421875 0.278125 0.1421875 0.278125 0.2265625 0.1984375 0.2265625
6 0.659375 0.328125 0.73125 0.328125 0.73125 0.396875 0.659375 0.396875
6 0.7390625 0.128125 0.8171875 0.128125 0.8171875 0.215625 0.7390625 0.215625
2 0.540625 0.80625 0.609375 0.80625 0.609375 0.9015625 0.540625 0.9015625
2 0.8296875 0.6125 0.93125 0.6125 0.93125 0.68125 0.8296875 0.68125
2 0.465625 0.6015625 0.5328125 0.6015625 0.5328125 0.6671875 0.465625 0.6671875
2 0.3796875 0.4140625 0.4453125 0.4140625 0.4453125 0.4859375 0.3796875 0.4859375
5 0.35625 0.8140625 0.425 0.8140625 0.425 0.9046875 0.35625 0.9046875
5 0.3796875 0.6125 0.446875 0.6125 0.446875 0.678125 0.3796875 0.678125
5 0.48125 0.2296875 0.540625 0.2296875 0.540625 0.3109375 0.48125 0.3109375
5 0.4625 0.13125 0.525 0.13125 0.525 0.221875 0.4625 0.221875
5 0.1921875 0.328125 0.2734375 0.328125 0.2734375 0.403125 0.1921875 0.403125
5 0.190625 0.2421875 0.2734375 0.2421875 0.2734375 0.321875 0.190625 0.321875
8 0.259375 0.8 0.3328125 0.8 0.3328125 0.89375 0.259375 0.89375
8 0.1890625 0.6953125 0.2671875 0.6953125 0.2671875 0.7765625 0.1890625 0.7765625
8 0.6578125 0.609375 0.728125 0.609375 0.728125 0.684375 0.6578125 0.684375
8 0.565625 0.6015625 0.63125 0.6015625 0.63125 0.671875 0.565625 0.671875
8 0.828125 0.23125 0.91875 0.23125 0.91875 0.3203125 0.828125 0.3203125
8 0.8296875 0.1265625 0.9234375 0.1265625 0.9234375 0.221875 0.8296875 0.221875
10 0.1515625 0.7828125 0.2609375 0.7828125 0.2609375 0.8875 0.1515625 0.8875
10 0.475 0.4125 0.546875 0.4125 0.546875 0.4875 0.475 0.4875
10 0.8265625 0.415625 0.9453125 0.415625 0.9453125 0.49375 0.8265625 0.49375
9 0.83125 0.328125 0.9 0.328125 0.9 0.384375 0.83125 0.384375
3 0.7265625 0.246875 0.7875 0.246875 0.7875 0.30625 0.7265625 0.30625
3 0.553125 0.534375 0.60625 0.534375 0.60625 0.584375 0.553125 0.584375
11 0.646875 0.434375 0.7203125 0.434375 0.7203125 0.5 0.646875 0.5
11 0.559375 0.43125 0.621875 0.43125 0.621875 0.496875 0.559375 0.496875
11 0.4703125 0.346875 0.53125 0.346875 0.53125 0.4171875 0.4703125 0.4171875
11 0.184375 0.4203125 0.26875 0.4203125 0.26875 0.4859375 0.184375 0.4859375
7 0.4640625 0.5125 0.5375 0.5125 0.5375 0.5828125 0.4640625 0.5828125
7 0.146875 0.515625 0.25625 0.515625 0.25625 0.590625 0.146875 0.590625
7 0.55625 0.3234375 0.63125 0.3234375 0.63125 0.4125 0.55625 0.4125
1 0.5453125 0.109375 0.61875 0.109375 0.61875 0.2265625 0.5453125 0.2265625
1 0.26875 0.125 0.359375 0.125 0.359375 0.240625 0.26875 0.240625
1 0.3625 0.3203125 0.440625 0.3203125 0.440625 0.4109375 0.3625 0.4109375