11 0.3015625 0.5421875 0.3734375 0.5421875 0.3734375 0.621875 0.3015625 0.621875
11 0.525 0.709375 0.5875 0.709375 0.5875 0.8140625 0.525 0.8140625
11 0.74375 0.6265625 0.815625 0.6265625 0.815625 0.7109375 0.74375 0.7109375
11 0.365625 0.1421875 0.4328125 0.1421875 0.4328125 0.2390625 0.365625 0.2390625
9 0.2390625 0.3515625 0.2953125 0.3515625 0.2953125 0.434375 0.2390625 0.434375
9 0.25 0.63125 0.315625 0.63125 0.315625 0.703125 0.25 0.703125
9 0.2453125 0.7203125 0.3078125 0.7203125 0.3078125 0.796875 0.2453125 0.796875
9 0.31875 0.7125 0.3703125 0.7125 0.3703125 0.796875 0.31875 0.796875
9 0.6703125 0.81875 0.7296875 0.81875 0.7296875 0.903125 0.6703125 0.903125
9 0.740625 0.5375 0.7953125 0.5375 0.7953125 0.6078125 0.740625 0.6078125
9 0.728125 0.2484375 0.784375 0.2484375 0.784375 0.3234375 0.728125 0.3234375
9 0.578125 0.2546875 0.6484375 0.2546875 0.6484375 0.33125 0.578125 0.33125
9 0.584375 0.159375 0.640625 0.159375 0.640625 0.25 0.584375 0.25
9 0.509375 0.2578125 0.58125 0.2578125 0.58125 0.3390625 0.509375 0.3390625
9 0.3734375 0.265625 0.4421875 0.265625 0.4421875 0.3421875 0.3734375 0.3421875
8 0.3078125 0.2296875 0.3734375 0.2296875 0.3734375 0.34375 0.3078125 0.34375
8 0.30625 0.346875 0.371875 0.346875 0.371875 0.4359375 0.30625 0.4359375
8 0.6546875 0.1359375 0.7203125 0.1359375 0.7203125 0.228125 0.6546875 0.228125
8 0.7296875 0.125 0.7953125 0.125 0.7953125 0.2234375 0.7296875 0.2234375
7 0.5078125 0.425 0.578125 0.425 0.578125 0.521875 0.5078125 0.521875
6 0.375 0.71875 0.4390625 0.71875 0.4390625 0.809375 0.375 0.809375
6 0.7421875 0.7171875 0.81875 0.7171875 0.81875 0.809375 0.7421875 0.809375
6 0.3703125 0.8 0.434375 0.8 0.434375 0.9046875 0.3703125 0.9046875
6 0.3140625 0.621875 0.3796875 0.621875 0.3796875 0.7109375 0.3140625 0.7109375
6 0.2921875 0.4421875 0.3765625 0.4421875 0.3765625 0.5265625 0.2921875 0.5265625
5 0.459375 0.8078125 0.5140625 0.8078125 0.5140625 0.9125 0.459375 0.9125
5 0.6640625 0.73125 0.7390625 0.73125 0.7390625 0.828125 0.6640625 0.828125
3 0.240625 0.26875 0.3 0.26875 0.3 0.346875 0.240625 0.346875
3 0.453125 0.2546875 0.50625 0.2546875 0.50625 0.33125 0.453125 0.33125
3 0.665625 0.2421875 0.721875 0.2421875 0.721875 0.3171875 0.665625 0.3171875
3 0.6640625 0.634375 0.725 0.634375 0.725 0.696875 0.6640625 0.696875
3 0.590625 0.7296875 0.64375 0.7296875 0.64375 0.809375 0.590625 0.809375
3 0.2421875 0.803125 0.303125 0.803125 0.303125 0.884375 0.2421875 0.884375
3 0.240625 0.4390625 0.3078125 0.4390625 0.3078125 0.5140625 0.240625 0.5140625
2 0.2296875 0.146875 0.3109375 0.146875 0.3109375 0.25 0.2296875 0.25
2 0.725 0.4265625 0.7953125 0.4265625 0.7953125 0.50625 0.725 0.50625
2 0.7328125 0.3171875 0.80625 0.3171875 0.80625 0.40625 0.7328125 0.40625
0 0.4421875 0.1328125 0.5046875 0.1328125 0.5046875 0.24375 0.4421875 0.24375
0 0.51875 0.1390625 0.578125 0.1390625 0.578125 0.2578125 0.51875 0.2578125
0 0.59375 0.80625 0.65625 0.80625 0.65625 0.9140625 0.59375 0.9140625
0 0.5203125 0.80625 0.5859375 0.80625 0.5859375 0.9078125 0.5203125 0.9078125
0 0.446875 0.73125 0.5109375 0.73125 0.5109375 0.8078125 0.446875 0.8078125
0 0.3046875 0.8046875 0.365625 0.8046875 0.365625 0.91875 0.3046875 0.91875
0 0.2265625 0.5296875 0.3046875 0.5296875 0.3046875 0.6078125 0.2265625 0.6078125