1 0.315625 0.540625 0.40625 0.540625 0.40625 0.64375 0.315625 0.64375
1 0.3859375 0.43125 0.4734375 0.43125 0.4734375 0.528125 0.3859375 0.528125
1 0.2875 0.315625 0.39375 0.315625 0.39375 0.4171875 0.2875 0.4171875
1 0.296875 0.73125 0.3984375 0.73125 0.3984375 0.8734375 0.296875 0.8734375
0 0.63125 0.6359375 0.709375 0.6359375 0.709375 0.7421875 0.63125 0.7421875
0 0.63125 0.4359375 0.715625 0.4359375 0.715625 0.5296875 0.63125 0.5296875
2 0.70625 0.7578125 0.784375 0.7578125 0.784375 0.85625 0.70625 0.85625
2 0.7140625 0.534375 0.7859375 0.534375 0.7859375 0.634375 0.7140625 0.634375
2 0.7125 0.315625 0.796875 0.315625 0.796875 0.425 0.7125 0.425
2 0.7125 0.1015625 0.803125 0.1015625 0.803125 0.2078125 0.7125 0.2078125
3 0.55625 0.85 0.63125 0.85 0.63125 0.9484375 0.55625 0.9484375
3 0.5578125 0.753125 0.6171875 0.753125 0.6171875 0.840625 0.5578125 0.840625
3 0.5546875 0.64375 0.6203125 0.64375 0.6203125 0.74375 0.5546875 0.74375
3 0.5546875 0.5359375 0.625 0.5359375 0.625 0.625 0.5546875 0.625
3 0.5515625 0.4375 0.6125 0.4375 0.6125 0.51875 0.5515625 0.51875
3 0.546875 0.33125 0.60625 0.33125 0.60625 0.421875 0.546875 0.421875
3 0.5515625 0.21875 0.6125 0.21875 0.6125 0.3171875 0.5515625 0.3171875
4 0.3 0.08125 0.390625 0.08125 0.390625 0.215625 0.3 0.215625
5 0.221875 0.6328125 0.30625 0.6328125 0.30625 0.7515625 0.221875 0.7515625
5 0.2234375 0.2203125 0.315625 0.2203125 0.315625 0.31875 0.2234375 0.31875