0 0.4671875 0.678125 0.5484375 0.678125 0.5484375 0.753125 0.4671875 0.753125
0 0.128125 0.509375 0.228125 0.509375 0.228125 0.58125 0.128125 0.58125
0 0.1515625 0.3453125 0.221875 0.3453125 0.221875 0.4140625 0.1515625 0.4140625
0 0.4828125 0.2578125 0.54375 0.2578125 0.54375 0.3421875 0.4828125 0.3421875
0 0.4625 0.5078125 0.54375 0.5078125 0.54375 0.5734375 0.4625 0.5734375
0 0.65625 0.665625 0.75 0.665625 0.75 0.7375 0.65625 0.7375
2 0.6609375 0.428125 0.7421875 0.428125 0.7421875 0.503125 0.6609375 0.503125
2 0.4421875 0.759375 0.5375 0.759375 0.5375 0.825 0.4421875 0.825
2 0.259375 0.1515625 0.34375 0.1515625 0.34375 0.2625 0.259375 0.2625
2 0.5546875 0.2765625 0.6609375 0.2765625 0.6609375 0.3515625 0.5546875 0.3515625
3 0.7421875 0.5859375 0.8328125 0.5859375 0.8328125 0.6640625 0.7421875 0.6640625
3 0.73125 0.2828125 0.8328125 0.2828125 0.8328125 0.3640625 0.73125 0.3640625
3 0.7421875 0.2109375 0.8390625 0.2109375 0.8390625 0.2875 0.7421875 0.2875
3 0.5578125 0.440625 0.65 0.440625 0.65 0.484375 0.5578125 0.484375
3 0.35 0.5984375 0.41875 0.5984375 0.41875 0.6515625 0.35 0.6515625
3 0.1359375 0.2421875 0.225 0.2421875 0.225 0.33125 0.1359375 0.33125
5 0.84375 0.7390625 0.95 0.7390625 0.95 0.8078125 0.84375 0.8078125
6 0.840625 0.5859375 0.9453125 0.5859375 0.9453125 0.65625 0.840625 0.65625
6 0.4625 0.34375 0.54375 0.34375 0.54375 0.4359375 0.4625 0.4359375
6 0.3546875 0.421875 0.4359375 0.421875 0.4359375 0.496875 0.3546875 0.496875
6 0.2390625 0.5828125 0.3046875 0.5828125 0.3046875 0.646875 0.2390625 0.646875
6 0.56875 0.5078125 0.659375 0.5078125 0.659375 0.5765625 0.56875 0.5765625
5 0.5515625 0.5890625 0.65 0.5890625 0.65 0.6546875 0.5515625 0.6546875
3 0.6703125 0.5203125 0.7421875 0.5203125 0.7421875 0.58125 0.6703125 0.58125
7 0.8390625 0.6625 1 0.6625 1 0.740625 0.8390625 0.740625
8 0.865625 0.434375 0.95625 0.434375 0.95625 0.509375 0.865625 0.509375
8 0.8390625 0.375 0.95 0.375 0.95 0.4203125 0.8390625 0.4203125
8 0.8390625 0.2953125 0.95 0.2953125 0.95 0.3484375 0.8390625 0.3484375
8 0.3453125 0.509375 0.4453125 0.509375 0.4453125 0.571875 0.3453125 0.571875
9 0.65625 0.7421875 0.740625 0.7421875 0.740625 0.8078125 0.65625 0.8078125
9 0.5546875 0.734375 0.6359375 0.734375 0.6359375 0.809375 0.5546875 0.809375
9 0.3421875 0.6671875 0.4421875 0.6671875 0.4421875 0.7359375 0.3421875 0.7359375
9 0.2390625 0.6796875 0.3234375 0.6796875 0.3234375 0.7328125 0.2390625 0.7328125
9 0.2484375 0.41875 0.31875 0.41875 0.31875 0.5 0.2484375 0.5
9 0.259375 0.3484375 0.34375 0.3484375 0.34375 0.4140625 0.259375 0.4140625
9 0.2625 0.26875 0.3375 0.26875 0.3375 0.34375 0.2625 0.34375
9 0.353125 0.26875 0.43125 0.26875 0.43125 0.34375 0.353125 0.34375
9 0.365625 0.1875 0.4390625 0.1875 0.4390625 0.253125 0.365625 0.253125
9 0.5640625 0.3640625 0.6453125 0.3640625 0.6453125 0.4265625 0.5640625 0.4265625
9 0.853125 0.228125 0.9484375 0.228125 0.9484375 0.290625 0.853125 0.290625
11 0.115625 0.4265625 0.2203125 0.4265625 0.2203125 0.5015625 0.115625 0.5015625
11 0.84375 0.5171875 0.9421875 0.5171875 0.9421875 0.5703125 0.84375 0.5703125
11 0.7515625 0.51875 0.840625 0.51875 0.840625 0.578125 0.7515625 0.578125
11 0.765625 0.440625 0.85 0.440625 0.85 0.51875 0.765625 0.51875