5 0.490625 0.1640625 0.575 0.1640625 0.575 0.2578125 0.490625 0.2578125
5 0.596875 0.2625 0.6921875 0.2625 0.6921875 0.33125 0.596875 0.33125
5 0.49375 0.3453125 0.5828125 0.3453125 0.5828125 0.4140625 0.49375 0.4140625
5 0.5984375 0.4234375 0.6875 0.4234375 0.6875 0.4921875 0.5984375 0.4921875
5 0.4828125 0.5078125 0.571875 0.5078125 0.571875 0.5734375 0.4828125 0.5734375
5 0.7015625 0.5046875 0.8125 0.5046875 0.8125 0.5703125 0.7015625 0.5703125
5 0.5984375 0.6125 0.690625 0.6125 0.690625 0.6828125 0.5984375 0.6828125
5 0.803125 0.596875 0.9234375 0.596875 0.9234375 0.6609375 0.803125 0.6609375
5 0.7015625 0.6703125 0.8015625 0.6703125 0.8015625 0.746875 0.7015625 0.746875
5 0.8171875 0.671875 0.9421875 0.671875 0.9421875 0.7421875 0.8171875 0.7421875
5 0.8015625 0.7515625 0.934375 0.7515625 0.934375 0.83125 0.8015625 0.83125