4 0.2078125 0.1890625 0.3109375 0.1890625 0.3109375 0.2921875 0.2078125 0.2921875
0 0.4625 0.084375 0.534375 0.084375 0.534375 0.1875 0.4625 0.1875
0 0.228125 0.425 0.315625 0.425 0.315625 0.503125 0.228125 0.503125
1 0.709375 0.81875 0.8 0.81875 0.8 0.9625 0.709375 0.9625
1 0.7109375 0.034375 0.8125 0.034375 0.8125 0.171875 0.7109375 0.171875
1 0.11875 0.0734375 0.2421875 0.0734375 0.2421875 0.2 0.11875 0.2
1 0.128125 0.815625 0.24375 0.815625 0.24375 0.9578125 0.128125 0.9578125
2 0.54375 0.6125 0.6203125 0.6125 0.6203125 0.7078125 0.54375 0.7078125
2 0.628125 0.5109375 0.7015625 0.5109375 0.7015625 0.60625 0.628125 0.60625
2 0.46875 0.7078125 0.540625 0.7078125 0.540625 0.8109375 0.46875 0.8109375
2 0.628125 0.7203125 0.70625 0.7203125 0.70625 0.8359375 0.628125 0.8359375
3 0.54375 0.2 0.615625 0.2 0.615625 0.29375 0.54375 0.29375
3 0.4734375 0.315625 0.534375 0.315625 0.534375 0.390625 0.4734375 0.390625
3 0.5546875 0.4171875 0.6140625 0.4171875 0.6140625 0.4984375 0.5546875 0.4984375
3 0.48125 0.515625 0.5359375 0.515625 0.5359375 0.596875 0.48125 0.596875
3 0.39375 0.421875 0.465625 0.421875 0.465625 0.50625 0.39375 0.50625
3 0.31875 0.5140625 0.3859375 0.5140625 0.3859375 0.5984375 0.31875 0.5984375
3 0.403125 0.61875 0.4625 0.61875 0.4625 0.703125 0.403125 0.703125
5 0.3765625 0.196875 0.4609375 0.196875 0.4609375 0.3 0.3765625 0.3
5 0.3125 0.3140625 0.3875 0.3140625 0.3875 0.3984375 0.3125 0.3984375