2 0.059375 0.60625 0.165625 0.60625 0.165625 0.6828125 0.059375 0.6828125
2 0.0375 0.403125 0.15625 0.403125 0.15625 0.484375 0.0375 0.484375
2 0.0421875 0.190625 0.1515625 0.190625 0.1515625 0.2859375 0.0421875 0.2859375
2 0.146875 0.065625 0.25625 0.065625 0.25625 0.165625 0.146875 0.165625
2 0.153125 0.2015625 0.2625 0.2015625 0.2625 0.2828125 0.153125 0.2828125
2 0.1484375 0.596875 0.2671875 0.596875 0.2671875 0.671875 0.1484375 0.671875
2 0.2734375 0.784375 0.3609375 0.784375 0.3609375 0.8765625 0.2734375 0.8765625
2 0.378125 0.696875 0.459375 0.696875 0.459375 0.775 0.378125 0.775
2 0.378125 0.590625 0.465625 0.590625 0.465625 0.66875 0.378125 0.66875
2 0.271875 0.4015625 0.359375 0.4015625 0.359375 0.475 0.271875 0.475
2 0.3671875 0.19375 0.453125 0.19375 0.453125 0.284375 0.3671875 0.284375
2 0.4703125 0.4796875 0.5421875 0.4796875 0.5421875 0.5546875 0.4703125 0.5546875
2 0.5796875 0.59375 0.6671875 0.59375 0.6671875 0.671875 0.5796875 0.671875
8 0.184375 0.5 0.275 0.5 0.275 0.56875 0.184375 0.56875
8 0.284375 0.6953125 0.359375 0.6953125 0.359375 0.76875 0.284375 0.76875
8 0.3859375 0.7875 0.465625 0.7875 0.465625 0.88125 0.3859375 0.88125
8 0.3796875 0.4 0.4609375 0.4 0.4609375 0.4640625 0.3796875 0.4640625
8 0.48125 0.2984375 0.55625 0.2984375 0.55625 0.371875 0.48125 0.371875
8 0.275 0.1953125 0.3640625 0.1953125 0.3640625 0.2796875 0.275 0.2796875
8 0.4765625 0.084375 0.5625 0.084375 0.5625 0.1875 0.4765625 0.1875
8 0.6625 0.184375 0.75625 0.184375 0.75625 0.278125 0.6625 0.278125
8 0.775 0.065625 0.896875 0.065625 0.896875 0.1703125 0.775 0.1703125
8 0.771875 0.1765625 0.8875 0.1765625 0.8875 0.2640625 0.771875 0.2640625
8 0.7734375 0.296875 0.89375 0.296875 0.89375 0.3625 0.7734375 0.3625
8 0.7875 0.39375 0.884375 0.39375 0.884375 0.4671875 0.7875 0.4671875
8 0.675 0.3953125 0.775 0.3953125 0.775 0.46875 0.675 0.46875
8 0.6734375 0.696875 0.7890625 0.696875 0.7890625 0.775 0.6734375 0.775
8 0.7953125 0.79375 0.9140625 0.79375 0.9140625 0.8953125 0.7953125 0.8953125