5 0.6796875 0.5625 0.7671875 0.5625 0.7671875 0.625 0.6796875 0.625
5 0.8046875 0.6421875 0.9 0.6421875 0.9 0.71875 0.8046875 0.71875
4 0.2671875 0.6421875 0.38125 0.6421875 0.38125 0.7203125 0.2671875 0.7203125
3 0.7828125 0.109375 0.8640625 0.109375 0.8640625 0.18125 0.7828125 0.18125
3 0.6890625 0.1875 0.759375 0.1875 0.759375 0.253125 0.6890625 0.253125
3 0.5890625 0.2734375 0.6671875 0.2734375 0.6671875 0.3328125 0.5890625 0.3328125
3 0.4875 0.3546875 0.559375 0.3546875 0.559375 0.403125 0.4875 0.403125
3 0.390625 0.43125 0.46875 0.43125 0.46875 0.48125 0.390625 0.48125
3 0.296875 0.5 0.3625 0.5 0.3625 0.5453125 0.296875 0.5453125
3 0.1875 0.5765625 0.278125 0.5765625 0.278125 0.6296875 0.1875 0.6296875
2 0.4859375 0.425 0.565625 0.425 0.565625 0.4859375 0.4859375 0.4859375
2 0.590625 0.3453125 0.6828125 0.3453125 0.6828125 0.409375 0.590625 0.409375
2 0.4859375 0.5734375 0.5703125 0.5734375 0.5703125 0.640625 0.4859375 0.640625
2 0.5796875 0.50625 0.6640625 0.50625 0.6640625 0.5671875 0.5796875 0.5671875
1 0.2671875 0.2671875 0.3734375 0.2671875 0.3734375 0.346875 0.2671875 0.346875
1 0.3859375 0.1640625 0.48125 0.1640625 0.48125 0.271875 0.3859375 0.271875
1 0.390625 0.503125 0.471875 0.503125 0.471875 0.5609375 0.390625 0.5609375
1 0.2578125 0.4140625 0.371875 0.4140625 0.371875 0.4796875 0.2578125 0.4796875
0 0.6796875 0.425 0.7640625 0.425 0.7640625 0.48125 0.6796875 0.48125
0 0.790625 0.5 0.88125 0.5 0.88125 0.5546875 0.790625 0.5546875