10 0.075 0.059375 0.20625 0.059375 0.20625 0.18125 0.075 0.18125
0 0.2203125 0.08125 0.30625 0.08125 0.30625 0.175 0.2203125 0.175
5 0.3421875 0.1078125 0.4109375 0.1078125 0.4109375 0.1984375 0.3421875 0.1984375
8 0.5234375 0.103125 0.60625 0.103125 0.60625 0.1921875 0.5234375 0.1921875
5 0.709375 0.0921875 0.79375 0.0921875 0.79375 0.1875 0.709375 0.1875
0 0.1203125 0.2125 0.2125 0.2125 0.2125 0.284375 0.1203125 0.284375
0 0.2265625 0.21875 0.3109375 0.21875 0.3109375 0.3 0.2265625 0.3
8 0.4203125 0.2015625 0.4953125 0.2015625 0.4953125 0.2921875 0.4203125 0.2921875
2 0.5046875 0.20625 0.5703125 0.20625 0.5703125 0.284375 0.5046875 0.284375
10 0.625 0.1875 0.7140625 0.1875 0.7140625 0.290625 0.625 0.290625
11 0.7140625 0.2140625 0.7875 0.2140625 0.7875 0.296875 0.7140625 0.296875
8 0.7921875 0.2109375 0.8890625 0.2109375 0.8890625 0.2953125 0.7921875 0.2953125
7 0.20625 0.3046875 0.3046875 0.3046875 0.3046875 0.3875 0.20625 0.3875
6 0.3140625 0.315625 0.3984375 0.315625 0.3984375 0.390625 0.3140625 0.390625
8 0.5234375 0.3 0.5953125 0.3 0.5953125 0.371875 0.5234375 0.371875
9 0.6859375 0.3265625 0.75625 0.3265625 0.75625 0.384375 0.6859375 0.384375
8 0.803125 0.3 0.903125 0.3 0.903125 0.3734375 0.803125 0.3734375
3 0.225 0.4046875 0.296875 0.4046875 0.296875 0.4609375 0.225 0.4609375
0 0.3140625 0.40625 0.3890625 0.40625 0.3890625 0.465625 0.3140625 0.465625
2 0.4140625 0.4171875 0.484375 0.4171875 0.484375 0.484375 0.4140625 0.484375
11 0.5078125 0.3953125 0.575 0.3953125 0.575 0.4609375 0.5078125 0.4609375
1 0.590625 0.4109375 0.6921875 0.4109375 0.6921875 0.4953125 0.590625 0.4953125
2 0.6984375 0.4125 0.7734375 0.4125 0.7734375 0.484375 0.6984375 0.484375
6 0.79375 0.4171875 0.88125 0.4171875 0.88125 0.4796875 0.79375 0.4796875
5 0.11875 0.5109375 0.2171875 0.5109375 0.2171875 0.575 0.11875 0.575
9 0.24375 0.496875 0.3078125 0.496875 0.3078125 0.55625 0.24375 0.55625
4 0.3125 0.49375 0.4015625 0.49375 0.4015625 0.5703125 0.3125 0.5703125
11 0.425 0.5046875 0.496875 0.5046875 0.496875 0.575 0.425 0.575
6 0.509375 0.49375 0.56875 0.49375 0.56875 0.5625 0.509375 0.5625
7 0.603125 0.5140625 0.7015625 0.5140625 0.7015625 0.5953125 0.603125 0.5953125
9 0.678125 0.5015625 0.75 0.5015625 0.75 0.55625 0.678125 0.55625
5 0.784375 0.5046875 0.884375 0.5046875 0.884375 0.5734375 0.784375 0.5734375
0 0.203125 0.5890625 0.28125 0.5890625 0.28125 0.6734375 0.203125 0.6734375
6 0.4078125 0.5953125 0.484375 0.5953125 0.484375 0.671875 0.4078125 0.671875
7 0.5109375 0.5984375 0.5921875 0.5984375 0.5921875 0.69375 0.5109375 0.69375
2 0.596875 0.575 0.671875 0.575 0.671875 0.653125 0.596875 0.653125
10 0.771875 0.5859375 0.8984375 0.5859375 0.8984375 0.6859375 0.771875 0.6859375
4 0.0875 0.6828125 0.2 0.6828125 0.2 0.8015625 0.0875 0.8015625
3 0.2515625 0.684375 0.309375 0.684375 0.309375 0.746875 0.2515625 0.746875
11 0.3296875 0.6828125 0.4015625 0.6828125 0.4015625 0.7671875 0.3296875 0.7671875
3 0.496875 0.684375 0.546875 0.684375 0.546875 0.7484375 0.496875 0.7484375
1 0.584375 0.684375 0.6734375 0.684375 0.6734375 0.8 0.584375 0.8
8 0.7 0.7 0.796875 0.7 0.796875 0.7859375 0.7 0.7859375
6 0.221875 0.7796875 0.3 0.7796875 0.3 0.8671875 0.221875 0.8671875
6 0.5140625 0.7875 0.58125 0.7875 0.58125 0.88125 0.5140625 0.88125
4 0.3125 0.7796875 0.4 0.7796875 0.4 0.9203125 0.3125 0.9203125
1 0.4171875 0.76875 0.5 0.76875 0.5 0.89375 0.4171875 0.89375
5 0.60625 0.7859375 0.678125 0.7859375 0.678125 0.871875 0.60625 0.871875
5 0.7734375 0.784375 0.859375 0.784375 0.859375 0.878125 0.7734375 0.878125