0 0.24375 0.159375 0.328125 0.159375 0.328125 0.26875 0.24375 0.26875
0 0.340625 0.1625 0.4046875 0.1625 0.4046875 0.271875 0.340625 0.271875
0 0.41875 0.153125 0.4875 0.153125 0.4875 0.259375 0.41875 0.259375
0 0.559375 0.14375 0.640625 0.14375 0.640625 0.259375 0.559375 0.259375
0 0.6484375 0.1515625 0.71875 0.1515625 0.71875 0.2796875 0.6484375 0.2796875
0 0.7265625 0.140625 0.8109375 0.140625 0.8109375 0.26875 0.7265625 0.26875
0 0.8203125 0.1390625 0.921875 0.1390625 0.921875 0.2625 0.8203125 0.2625
2 0.490625 0.371875 0.571875 0.371875 0.571875 0.49375 0.490625 0.49375
2 0.6390625 0.38125 0.7359375 0.38125 0.7359375 0.48125 0.6390625 0.48125
2 0.80625 0.375 0.9 0.375 0.9 0.4875 0.80625 0.4875
3 0.328125 0.796875 0.39375 0.796875 0.39375 0.890625 0.328125 0.890625
3 0.409375 0.80625 0.478125 0.80625 0.478125 0.9125 0.409375 0.9125
3 0.484375 0.8015625 0.5546875 0.8015625 0.5546875 0.9078125 0.484375 0.9078125
3 0.56875 0.80625 0.640625 0.80625 0.640625 0.909375 0.56875 0.909375
3 0.65 0.815625 0.728125 0.815625 0.728125 0.9265625 0.65 0.9265625
3 0.746875 0.815625 0.8125 0.815625 0.8125 0.93125 0.746875 0.93125
3 0.81875 0.8015625 0.896875 0.8015625 0.896875 0.9265625 0.81875 0.9265625
5 0.653125 0.584375 0.7359375 0.584375 0.7359375 0.709375 0.653125 0.709375
5 0.740625 0.5875 0.825 0.5875 0.825 0.703125 0.740625 0.703125