9 0.284375 0.69375 0.340625 0.69375 0.340625 0.771875 0.284375 0.771875
9 0.3515625 0.60625 0.4046875 0.60625 0.4046875 0.678125 0.3515625 0.678125
9 0.4265625 0.528125 0.4796875 0.528125 0.4796875 0.5921875 0.4265625 0.5921875
9 0.490625 0.6109375 0.540625 0.6109375 0.540625 0.6828125 0.490625 0.6828125
9 0.55625 0.696875 0.6078125 0.696875 0.6078125 0.771875 0.55625 0.771875
9 0.628125 0.7859375 0.671875 0.7859375 0.671875 0.865625 0.628125 0.865625
9 0.4921875 0.4265625 0.54375 0.4265625 0.54375 0.5015625 0.4921875 0.5015625
9 0.5578125 0.3328125 0.6078125 0.3328125 0.6078125 0.4046875 0.5578125 0.4046875
9 0.628125 0.2671875 0.675 0.2671875 0.675 0.33125 0.628125 0.33125
9 0.2890625 0.34375 0.3484375 0.34375 0.3484375 0.41875 0.2890625 0.41875
9 0.36875 0.44375 0.421875 0.44375 0.421875 0.5109375 0.36875 0.5109375
6 0.2 0.525 0.278125 0.525 0.278125 0.6 0.2 0.6
6 0.2015625 0.4296875 0.275 0.4296875 0.275 0.5046875 0.2015625 0.5046875
6 0.2015625 0.2484375 0.2703125 0.2484375 0.2703125 0.3234375 0.2015625 0.3234375
7 0.1828125 0.334375 0.2765625 0.334375 0.2765625 0.41875 0.1828125 0.41875
7 0.340625 0.340625 0.41875 0.340625 0.41875 0.4265625 0.340625 0.4265625
7 0.3390625 0.78125 0.415625 0.78125 0.415625 0.8921875 0.3390625 0.8921875
7 0.6859375 0.509375 0.7703125 0.509375 0.7703125 0.5984375 0.6859375 0.5984375
7 0.615625 0.60625 0.684375 0.60625 0.684375 0.70625 0.615625 0.70625
10 0.1875 0.1234375 0.278125 0.1234375 0.278125 0.2296875 0.1875 0.2296875
10 0.3375 0.5171875 0.421875 0.5171875 0.421875 0.603125 0.3375 0.603125
10 0.48125 0.7734375 0.5421875 0.7734375 0.5421875 0.8953125 0.48125 0.8953125
10 0.5546875 0.778125 0.6203125 0.778125 0.6203125 0.896875 0.5546875 0.896875
10 0.684375 0.6796875 0.765625 0.6796875 0.765625 0.7953125 0.684375 0.7953125
10 0.6203125 0.334375 0.6890625 0.334375 0.6890625 0.425 0.6203125 0.425
1 0.684375 0.1234375 0.7703125 0.1234375 0.7703125 0.2390625 0.684375 0.2390625
4 0.3421875 0.240625 0.4125 0.240625 0.4125 0.334375 0.3421875 0.334375
4 0.55 0.1234375 0.609375 0.1234375 0.609375 0.2421875 0.55 0.2421875
4 0.5515625 0.5171875 0.6125 0.5171875 0.6125 0.603125 0.5515625 0.603125
4 0.340625 0.690625 0.421875 0.690625 0.421875 0.784375 0.340625 0.784375
10 0.4890625 0.34375 0.5453125 0.34375 0.5453125 0.425 0.4890625 0.425
6 0.2125 0.7 0.2796875 0.7 0.2796875 0.78125 0.2125 0.78125