6 0.140625 0.3234375 0.215625 0.3234375 0.215625 0.3578125 0.140625 0.3578125
6 0.25 0.371875 0.33125 0.371875 0.33125 0.40625 0.25 0.40625
6 0.3421875 0.4203125 0.421875 0.4203125 0.421875 0.4515625 0.3421875 0.4515625
6 0.246875 0.465625 0.328125 0.465625 0.328125 0.49375 0.246875 0.49375
6 0.1609375 0.41875 0.2328125 0.41875 0.2328125 0.446875 0.1609375 0.446875
6 0.153125 0.471875 0.228125 0.471875 0.228125 0.5 0.153125 0.5
0 0.2328125 0.325 0.3125 0.325 0.3125 0.365625 0.2328125 0.365625
0 0.3390625 0.38125 0.4140625 0.38125 0.4140625 0.409375 0.3390625 0.409375
0 0.14375 0.3703125 0.2140625 0.3703125 0.2140625 0.4046875 0.14375 0.4046875
0 0.2421875 0.421875 0.325 0.421875 0.325 0.453125 0.2421875 0.453125
0 0.321875 0.465625 0.396875 0.465625 0.396875 0.490625 0.321875 0.490625
0 0.23125 0.503125 0.3125 0.503125 0.3125 0.53125 0.23125 0.53125