3 0.6265625 0.3953125 0.7109375 0.3953125 0.7109375 0.4484375 0.6265625 0.4484375
3 0.5234375 0.465625 0.5984375 0.465625 0.5984375 0.515625 0.5234375 0.515625
3 0.4140625 0.55625 0.490625 0.55625 0.490625 0.60625 0.4140625 0.60625
3 0.634375 0.715625 0.709375 0.715625 0.709375 0.7828125 0.634375 0.7828125
3 0.75625 0.715625 0.8453125 0.715625 0.8453125 0.778125 0.75625 0.778125
3 0.8625 0.6375 0.9578125 0.6375 0.9578125 0.6921875 0.8625 0.6921875
3 0.8484375 0.5421875 0.9546875 0.5421875 0.9546875 0.596875 0.8484375 0.596875
3 0.64375 0.546875 0.7234375 0.546875 0.7234375 0.596875 0.64375 0.596875
3 0.3015625 0.453125 0.3765625 0.453125 0.3765625 0.5109375 0.3015625 0.5109375
3 0.2 0.553125 0.2890625 0.553125 0.2890625 0.60625 0.2 0.60625
3 0.1671875 0.625 0.259375 0.625 0.259375 0.68125 0.1671875 0.68125
3 0.159375 0.7140625 0.2515625 0.7140625 0.2515625 0.7734375 0.159375 0.7734375
3 0.2921875 0.7046875 0.3765625 0.7046875 0.3765625 0.7703125 0.2921875 0.7703125
3 0.409375 0.7 0.4875 0.7 0.4875 0.7625 0.409375 0.7625
3 0.0859375 0.45625 0.1765625 0.45625 0.1765625 0.515625 0.0859375 0.515625
2 0.5125 0.628125 0.6046875 0.628125 0.6046875 0.6921875 0.5125 0.6921875
2 0.7328125 0.475 0.853125 0.475 0.853125 0.534375 0.7328125 0.534375
2 0.290625 0.2796875 0.3875 0.2796875 0.3875 0.3578125 0.290625 0.3578125
2 0.4046875 0.78125 0.4890625 0.78125 0.4890625 0.8796875 0.4046875 0.8796875
5 0.6296875 0.2859375 0.7234375 0.2859375 0.7234375 0.35625 0.6296875 0.35625
5 0.1625 0.3734375 0.2796875 0.3734375 0.2796875 0.434375 0.1625 0.434375
8 0.73125 0.553125 0.821875 0.553125 0.821875 0.61875 0.73125 0.61875
8 0.04375 0.5359375 0.1625 0.5359375 0.1625 0.6015625 0.04375 0.6015625
4 0.403125 0.3703125 0.5 0.3703125 0.5 0.4421875 0.403125 0.4421875