11 0.50625 0.090625 0.559375 0.090625 0.559375 0.184375 0.50625 0.184375
11 0.5109375 0.1875 0.5703125 0.1875 0.5703125 0.2765625 0.5109375 0.2765625
11 0.434375 0.1734375 0.50625 0.1734375 0.50625 0.271875 0.434375 0.271875
11 0.4375 0.475 0.5 0.475 0.5 0.54375 0.4375 0.54375
9 0.225 0.0875 0.284375 0.0875 0.284375 0.175 0.225 0.175
9 0.2234375 0.290625 0.2796875 0.290625 0.2796875 0.3578125 0.2234375 0.3578125
9 0.3 0.284375 0.353125 0.284375 0.353125 0.359375 0.3 0.359375
9 0.225 0.478125 0.284375 0.478125 0.284375 0.55 0.225 0.55
9 0.2234375 0.565625 0.284375 0.565625 0.284375 0.640625 0.2234375 0.640625
9 0.290625 0.48125 0.353125 0.48125 0.353125 0.546875 0.290625 0.546875
9 0.29375 0.575 0.346875 0.575 0.346875 0.640625 0.29375 0.640625
9 0.578125 0.4578125 0.634375 0.4578125 0.634375 0.534375 0.578125 0.534375
9 0.65 0.46875 0.703125 0.46875 0.703125 0.559375 0.65 0.559375
9 0.7171875 0.3765625 0.7703125 0.3765625 0.7703125 0.4515625 0.7171875 0.4515625
9 0.7125 0.28125 0.76875 0.28125 0.76875 0.3515625 0.7125 0.3515625
8 0.3609375 0.084375 0.428125 0.084375 0.428125 0.184375 0.3609375 0.184375
8 0.2890625 0.0859375 0.35 0.0859375 0.35 0.1890625 0.2890625 0.1890625
8 0.440625 0.08125 0.5 0.08125 0.5 0.16875 0.440625 0.16875
8 0.7 0.1625 0.78125 0.1625 0.78125 0.271875 0.7 0.271875
7 0.6375 0.05625 0.715625 0.05625 0.715625 0.18125 0.6375 0.18125
6 0.503125 0.359375 0.571875 0.359375 0.571875 0.453125 0.503125 0.453125
6 0.575 0.2796875 0.640625 0.2796875 0.640625 0.36875 0.575 0.36875
6 0.640625 0.3734375 0.7 0.3734375 0.7 0.4484375 0.640625 0.4484375
6 0.371875 0.2734375 0.43125 0.2734375 0.43125 0.3578125 0.371875 0.3578125
6 0.5734375 0.08125 0.6328125 0.08125 0.6328125 0.184375 0.5734375 0.184375
5 0.7171875 0.075 0.7703125 0.075 0.7703125 0.159375 0.7171875 0.159375
5 0.5734375 0.36875 0.63125 0.36875 0.63125 0.453125 0.5734375 0.453125
3 0.2984375 0.19375 0.3609375 0.19375 0.3609375 0.275 0.2984375 0.275
3 0.2265625 0.19375 0.2875 0.19375 0.2875 0.278125 0.2265625 0.278125
3 0.4375 0.378125 0.4875 0.378125 0.4875 0.45 0.4375 0.45
3 0.509375 0.2828125 0.5625 0.2828125 0.5625 0.3546875 0.509375 0.3546875
3 0.575 0.190625 0.634375 0.190625 0.634375 0.2734375 0.575 0.2734375
3 0.715625 0.46875 0.79375 0.46875 0.79375 0.5484375 0.715625 0.5484375
3 0.440625 0.5515625 0.50625 0.5515625 0.50625 0.6453125 0.440625 0.6453125
2 0.3671875 0.359375 0.4328125 0.359375 0.4328125 0.453125 0.3671875 0.453125
2 0.3 0.3671875 0.359375 0.3671875 0.359375 0.4546875 0.3 0.4546875
2 0.2171875 0.3546875 0.2921875 0.3546875 0.2921875 0.4703125 0.2171875 0.4703125
0 0.365625 0.1828125 0.41875 0.1828125 0.41875 0.26875 0.365625 0.26875
0 0.64375 0.1859375 0.70625 0.1859375 0.70625 0.2703125 0.64375 0.2703125
0 0.640625 0.2671875 0.7078125 0.2671875 0.7078125 0.3609375 0.640625 0.3609375
0 0.5078125 0.459375 0.5640625 0.459375 0.5640625 0.540625 0.5078125 0.540625
0 0.434375 0.28125 0.49375 0.28125 0.49375 0.3578125 0.434375 0.3578125
0 0.36875 0.4734375 0.4265625 0.4734375 0.4265625 0.5609375 0.36875 0.5609375
0 0.3625 0.5625 0.4234375 0.5625 0.4234375 0.646875 0.3625 0.646875