11 0.596875 0.221875 0.678125 0.221875 0.678125 0.30625 0.596875 0.30625
11 0.3796875 0.421875 0.46875 0.421875 0.46875 0.5046875 0.3796875 0.5046875
10 0.5984375 0.60625 0.690625 0.60625 0.690625 0.715625 0.5984375 0.715625
10 0.4078125 0.51875 0.49375 0.51875 0.49375 0.6078125 0.4078125 0.6078125
10 0.15 0.40625 0.2734375 0.40625 0.2734375 0.490625 0.15 0.490625
9 0.8046875 0.103125 0.8890625 0.103125 0.8890625 0.1859375 0.8046875 0.1859375
9 0.8125 0.815625 0.8890625 0.815625 0.8890625 0.90625 0.8125 0.90625
9 0.709375 0.3265625 0.778125 0.3265625 0.778125 0.396875 0.709375 0.396875
9 0.596875 0.709375 0.6625 0.709375 0.6625 0.7875 0.596875 0.7875
9 0.615625 0.1203125 0.68125 0.1203125 0.68125 0.2015625 0.615625 0.2015625
9 0.4984375 0.1140625 0.559375 0.1140625 0.559375 0.1921875 0.4984375 0.1921875
9 0.3015625 0.1 0.3859375 0.1 0.3859375 0.178125 0.3015625 0.178125
9 0.396875 0.7796875 0.46875 0.7796875 0.46875 0.8734375 0.396875 0.8734375
9 0.3078125 0.7015625 0.3671875 0.7015625 0.3671875 0.7796875 0.3078125 0.7796875
9 0.19375 0.8046875 0.278125 0.8046875 0.278125 0.8765625 0.19375 0.8765625
9 0.0921875 0.803125 0.178125 0.803125 0.178125 0.8921875 0.0921875 0.8921875
9 0.08125 0.6921875 0.171875 0.6921875 0.171875 0.7703125 0.08125 0.7703125
9 0.0875 0.509375 0.178125 0.509375 0.178125 0.559375 0.0875 0.559375
9 0.2015625 0.06875 0.2875 0.06875 0.2875 0.146875 0.2015625 0.146875
9 0.0625 0.1015625 0.1609375 0.1015625 0.1609375 0.1859375 0.0625 0.1859375
7 0.5953125 0.31875 0.6921875 0.31875 0.6921875 0.40625 0.5953125 0.40625
7 0.28125 0.5296875 0.3875 0.5296875 0.3875 0.61875 0.28125 0.61875
7 0.4875 0.6015625 0.571875 0.6015625 0.571875 0.7015625 0.4875 0.7015625
6 0.6953125 0.084375 0.7859375 0.084375 0.7859375 0.178125 0.6953125 0.178125
6 0.6921875 0.525 0.79375 0.525 0.79375 0.60625 0.6921875 0.60625
6 0.69375 0.615625 0.7796875 0.615625 0.7796875 0.7015625 0.69375 0.7015625
6 0.4828125 0.4359375 0.5703125 0.4359375 0.5703125 0.5046875 0.4828125 0.5046875
6 0.5 0.7125 0.578125 0.7125 0.578125 0.7984375 0.5 0.7984375
6 0.2828125 0.6125 0.3609375 0.6125 0.3609375 0.69375 0.2828125 0.69375
5 0.6015625 0.4078125 0.684375 0.4078125 0.684375 0.4828125 0.6015625 0.4828125
5 0.8125 0.6046875 0.896875 0.6046875 0.896875 0.6890625 0.8125 0.6890625
5 0.796875 0.70625 0.896875 0.70625 0.896875 0.8015625 0.796875 0.8015625
5 0.5 0.803125 0.578125 0.803125 0.578125 0.9 0.5 0.9
5 0.1671875 0.2125 0.2671875 0.2125 0.2671875 0.309375 0.1671875 0.309375
5 0.15625 0.315625 0.253125 0.315625 0.253125 0.3953125 0.15625 0.3953125
4 0.590625 0.7921875 0.66875 0.7921875 0.66875 0.9203125 0.590625 0.9203125
4 0.403125 0.1921875 0.4875 0.1921875 0.4875 0.2921875 0.403125 0.2921875
4 0.0390625 0.5984375 0.1796875 0.5984375 0.1796875 0.7015625 0.0390625 0.7015625
3 0.8125 0.2359375 0.9 0.2359375 0.9 0.2953125 0.8125 0.2953125
3 0.7921875 0.30625 0.8703125 0.30625 0.8703125 0.378125 0.7921875 0.378125
3 0.8125 0.4203125 0.8859375 0.4203125 0.8859375 0.4765625 0.8125 0.4765625
3 0.8 0.51875 0.884375 0.51875 0.884375 0.58125 0.8 0.58125
3 0.7171875 0.70625 0.7921875 0.70625 0.7921875 0.775 0.7171875 0.775
3 0.703125 0.409375 0.771875 0.409375 0.771875 0.478125 0.703125 0.478125
3 0.43125 0.10625 0.490625 0.10625 0.490625 0.1765625 0.43125 0.1765625
3 0.390625 0.7125 0.4609375 0.7125 0.4609375 0.778125 0.390625 0.778125
3 0.315625 0.8046875 0.3828125 0.8046875 0.3828125 0.8765625 0.315625 0.8765625
3 0.2046875 0.715625 0.278125 0.715625 0.278125 0.784375 0.2046875 0.784375
3 0.20625 0.5984375 0.2671875 0.5984375 0.2671875 0.6671875 0.20625 0.6671875
3 0.190625 0.509375 0.2625 0.509375 0.2625 0.571875 0.190625 0.571875
3 0.08125 0.196875 0.16875 0.196875 0.16875 0.2625 0.08125 0.2625
3 0.0703125 0.3265625 0.1546875 0.3265625 0.1546875 0.3828125 0.0703125 0.3828125
2 0.7109375 0.23125 0.809375 0.23125 0.809375 0.30625 0.7109375 0.30625
2 0.6875 0.8046875 0.8046875 0.8046875 0.8046875 0.9171875 0.6875 0.9171875
2 0.596875 0.515625 0.684375 0.515625 0.684375 0.5921875 0.596875 0.5921875
2 0.046875 0.403125 0.15625 0.403125 0.15625 0.48125 0.046875 0.48125
1 0.5078125 0.3328125 0.584375 0.3328125 0.584375 0.421875 0.5078125 0.421875
1 0.278125 0.296875 0.378125 0.296875 0.378125 0.3859375 0.278125 0.3859375
1 0.278125 0.4203125 0.3765625 0.4203125 0.3765625 0.5046875 0.278125 0.5046875
0 0.5046875 0.5109375 0.5734375 0.5109375 0.5734375 0.578125 0.5046875 0.578125
0 0.403125 0.603125 0.46875 0.603125 0.46875 0.671875 0.403125 0.671875
0 0.503125 0.23125 0.5734375 0.23125 0.5734375 0.303125 0.503125 0.303125
0 0.4046875 0.3328125 0.4828125 0.3328125 0.4828125 0.4015625 0.4046875 0.4015625
0 0.2828125 0.209375 0.3734375 0.209375 0.3734375 0.29375 0.2828125 0.29375