3 0.7796875 0.71875 0.85 0.71875 0.85 0.78125 0.7796875 0.78125
3 0.6796875 0.7109375 0.7515625 0.7109375 0.7515625 0.7765625 0.6796875 0.7765625
3 0.4125 0.70625 0.478125 0.70625 0.478125 0.7671875 0.4125 0.7671875
3 0.33125 0.7046875 0.4015625 0.7046875 0.4015625 0.7671875 0.33125 0.7671875
3 0.240625 0.696875 0.325 0.696875 0.325 0.759375 0.240625 0.759375
3 0.1390625 0.7 0.2234375 0.7 0.2234375 0.75625 0.1390625 0.75625
3 0.771875 0.65625 0.85 0.65625 0.85 0.7046875 0.771875 0.7046875
3 0.684375 0.653125 0.75625 0.653125 0.75625 0.7078125 0.684375 0.7078125
3 0.315625 0.64375 0.384375 0.64375 0.384375 0.6921875 0.315625 0.6921875
3 0.240625 0.640625 0.303125 0.640625 0.303125 0.6890625 0.240625 0.6890625
3 0.159375 0.634375 0.234375 0.634375 0.234375 0.6859375 0.159375 0.6859375
3 0.771875 0.6 0.840625 0.6 0.840625 0.6453125 0.771875 0.6453125
3 0.6921875 0.5796875 0.7640625 0.5796875 0.7640625 0.6359375 0.6921875 0.6359375
3 0.3234375 0.5765625 0.3984375 0.5765625 0.3984375 0.625 0.3234375 0.625
3 0.234375 0.571875 0.3046875 0.571875 0.3046875 0.61875 0.234375 0.61875
3 0.15 0.5734375 0.225 0.5734375 0.225 0.6171875 0.15 0.6171875
3 0.771875 0.515625 0.840625 0.515625 0.840625 0.55625 0.771875 0.55625
3 0.68125 0.509375 0.7640625 0.509375 0.7640625 0.5578125 0.68125 0.5578125
3 0.5953125 0.50625 0.6625 0.50625 0.6625 0.5515625 0.5953125 0.5515625
3 0.4234375 0.50625 0.4890625 0.50625 0.4890625 0.559375 0.4234375 0.559375
3 0.334375 0.503125 0.4 0.503125 0.4 0.5546875 0.334375 0.5546875
3 0.234375 0.5 0.31875 0.5 0.31875 0.553125 0.234375 0.553125
3 0.1515625 0.503125 0.23125 0.503125 0.23125 0.5515625 0.1515625 0.5515625
3 0.771875 0.4359375 0.840625 0.4359375 0.840625 0.4890625 0.771875 0.4890625
3 0.6890625 0.44375 0.753125 0.44375 0.753125 0.490625 0.6890625 0.490625
3 0.3328125 0.4390625 0.4 0.4390625 0.4 0.4828125 0.3328125 0.4828125
3 0.240625 0.44375 0.309375 0.44375 0.309375 0.490625 0.240625 0.490625
3 0.128125 0.43125 0.21875 0.43125 0.21875 0.4828125 0.128125 0.4828125
3 0.7734375 0.365625 0.8453125 0.365625 0.8453125 0.415625 0.7734375 0.415625
3 0.6859375 0.359375 0.7484375 0.359375 0.7484375 0.409375 0.6859375 0.409375
3 0.325 0.36875 0.390625 0.36875 0.390625 0.421875 0.325 0.421875
3 0.24375 0.371875 0.315625 0.371875 0.315625 0.4234375 0.24375 0.4234375
3 0.1390625 0.375 0.2234375 0.375 0.2234375 0.425 0.1390625 0.425
3 0.771875 0.2890625 0.840625 0.2890625 0.840625 0.3453125 0.771875 0.3453125
3 0.6921875 0.2921875 0.7640625 0.2921875 0.7640625 0.3515625 0.6921875 0.3515625
3 0.33125 0.30625 0.4015625 0.30625 0.4015625 0.359375 0.33125 0.359375
3 0.240625 0.3046875 0.3078125 0.3046875 0.3078125 0.35625 0.240625 0.35625
3 0.146875 0.309375 0.2296875 0.309375 0.2296875 0.3625 0.146875 0.3625
3 0.76875 0.225 0.8375 0.225 0.8375 0.284375 0.76875 0.284375
3 0.684375 0.21875 0.753125 0.21875 0.753125 0.278125 0.684375 0.278125
3 0.5953125 0.2296875 0.6578125 0.2296875 0.6578125 0.284375 0.5953125 0.284375
3 0.33125 0.2359375 0.40625 0.2359375 0.40625 0.2921875 0.33125 0.2921875
3 0.2328125 0.234375 0.3078125 0.234375 0.3078125 0.29375 0.2328125 0.29375
3 0.140625 0.234375 0.2171875 0.234375 0.2171875 0.29375 0.140625 0.29375