10 0.6046875 0.7609375 0.6953125 0.7609375 0.6953125 0.871875 0.6046875 0.871875
10 0.596875 0.5765625 0.6921875 0.5765625 0.6921875 0.659375 0.596875 0.659375
10 0.41875 0.375 0.5046875 0.375 0.5046875 0.4734375 0.41875 0.4734375
10 0.4265625 0.184375 0.515625 0.184375 0.515625 0.2984375 0.4265625 0.2984375
10 0.6859375 0.1796875 0.7921875 0.1796875 0.7921875 0.30625 0.6859375 0.30625
10 0.2171875 0.359375 0.31875 0.359375 0.31875 0.471875 0.2171875 0.471875
10 0.6890625 0.1796875 0.7890625 0.1796875 0.7890625 0.30625 0.6890625 0.30625
10 0.6 0.765625 0.7 0.765625 0.7 0.86875 0.6 0.86875
10 0.503125 0.1703125 0.6046875 0.1703125 0.6046875 0.2953125 0.503125 0.2953125
10 0.5171875 0.275 0.590625 0.275 0.590625 0.3890625 0.5171875 0.3890625
10 0.515625 0.284375 0.5953125 0.284375 0.5953125 0.3890625 0.515625 0.3890625
10 0.6046875 0.5671875 0.690625 0.5671875 0.690625 0.646875 0.6046875 0.646875
10 0.7875 0.665625 0.909375 0.665625 0.909375 0.7625 0.7875 0.7625
10 0.778125 0.675 0.9046875 0.675 0.9046875 0.7546875 0.778125 0.7546875
7 0.7796875 0.2625 0.903125 0.2625 0.903125 0.38125 0.7796875 0.38125
10 0.428125 0.18125 0.509375 0.18125 0.509375 0.2921875 0.428125 0.2921875
10 0.5125 0.1859375 0.6 0.1859375 0.6 0.290625 0.5125 0.290625
7 0.41875 0.475 0.5046875 0.475 0.5046875 0.565625 0.41875 0.565625
7 0.784375 0.7625 0.925 0.7625 0.925 0.8703125 0.784375 0.8703125
7 0.2109375 0.5671875 0.3265625 0.5671875 0.3265625 0.65625 0.2109375 0.65625
7 0.103125 0.475 0.2328125 0.475 0.2328125 0.5640625 0.103125 0.5640625
10 0.41875 0.3734375 0.50625 0.3734375 0.50625 0.4734375 0.41875 0.4734375
10 0.2109375 0.3671875 0.3265625 0.3671875 0.3265625 0.4671875 0.2109375 0.4671875
7 0.3234375 0.275 0.4171875 0.275 0.4171875 0.36875 0.3234375 0.36875
7 0.4140625 0.6578125 0.4953125 0.6578125 0.4953125 0.7578125 0.4140625 0.7578125
7 0.590625 0.0671875 0.7 0.0671875 0.7 0.2046875 0.590625 0.2046875
7 0.321875 0.3734375 0.4140625 0.3734375 0.4140625 0.4890625 0.321875 0.4890625
7 0.771875 0.2671875 0.9015625 0.2671875 0.9015625 0.3828125 0.771875 0.3828125
4 0.775 0.565625 0.9 0.565625 0.9 0.65625 0.775 0.65625
7 0.5984375 0.06875 0.7015625 0.06875 0.7015625 0.203125 0.5984375 0.203125
4 0.775 0.065625 0.8890625 0.065625 0.8890625 0.2125 0.775 0.2125
7 0.321875 0.2640625 0.415625 0.2640625 0.415625 0.3796875 0.321875 0.3796875
4 0.4296875 0.078125 0.5015625 0.078125 0.5015625 0.1984375 0.4296875 0.1984375
7 0.2015625 0.584375 0.3171875 0.584375 0.3171875 0.6609375 0.2015625 0.6609375
7 0.0921875 0.4734375 0.234375 0.4734375 0.234375 0.5609375 0.0921875 0.5609375
4 0.1234375 0.071875 0.2265625 0.071875 0.2265625 0.2015625 0.1234375 0.2015625
7 0.409375 0.6609375 0.5 0.6609375 0.5 0.7625 0.409375 0.7625
4 0.1171875 0.28125 0.23125 0.28125 0.23125 0.3796875 0.1171875 0.3796875
4 0.3109375 0.484375 0.4078125 0.484375 0.4078125 0.565625 0.3109375 0.565625
7 0.4140625 0.471875 0.5 0.471875 0.5 0.5625 0.4140625 0.5625
1 0.1 0.575 0.2171875 0.575 0.2171875 0.6546875 0.1 0.6546875
4 0.784375 0.565625 0.9078125 0.565625 0.9078125 0.65625 0.784375 0.65625
1 0.41875 0.765625 0.509375 0.765625 0.509375 0.8734375 0.41875 0.8734375
4 0.7796875 0.065625 0.8953125 0.065625 0.8953125 0.1984375 0.7796875 0.1984375
1 0.5109375 0.478125 0.5859375 0.478125 0.5859375 0.565625 0.5109375 0.565625
4 0.425 0.0796875 0.5 0.0796875 0.5 0.2015625 0.425 0.2015625
1 0.221875 0.1671875 0.3328125 0.1671875 0.3328125 0.29375 0.221875 0.29375
4 0.11875 0.275 0.2375 0.275 0.2375 0.384375 0.11875 0.384375
1 0.59375 0.284375 0.684375 0.284375 0.684375 0.3984375 0.59375 0.3984375
4 0.1171875 0.078125 0.2390625 0.078125 0.2390625 0.20625 0.1171875 0.20625
1 0.7796875 0.3703125 0.9 0.3703125 0.9 0.4765625 0.7796875 0.4765625
4 0.3140625 0.4703125 0.409375 0.4703125 0.409375 0.5734375 0.3140625 0.5734375
1 0.4171875 0.765625 0.5125 0.765625 0.5125 0.878125 0.4171875 0.878125
1 0.7 0.471875 0.7859375 0.471875 0.7859375 0.55 0.7 0.55
1 0.1046875 0.5671875 0.2265625 0.5671875 0.2265625 0.65625 0.1046875 0.65625
1 0.6 0.2890625 0.68125 0.2890625 0.68125 0.4046875 0.6 0.4046875
1 0.5109375 0.4796875 0.5796875 0.4796875 0.5796875 0.56875 0.5109375 0.56875
1 0.21875 0.1625 0.3296875 0.1625 0.3296875 0.29375 0.21875 0.29375
1 0.775 0.378125 0.8953125 0.378125 0.8953125 0.475 0.775 0.475
1 0.68125 0.484375 0.7875 0.484375 0.7875 0.565625 0.68125 0.565625
1 0.775 0.759375 0.925 0.759375 0.925 0.8796875 0.775 0.8796875