1 0.6203125 0.625 0.7234375 0.625 0.7234375 0.709375 0.6203125 0.709375
1 0.1015625 0.409375 0.228125 0.409375 0.228125 0.478125 0.1015625 0.478125
1 0.528125 0.409375 0.6125 0.409375 0.6125 0.4734375 0.528125 0.4734375
1 0.7359375 0.703125 0.8515625 0.703125 0.8515625 0.79375 0.7359375 0.79375
4 0.43125 0.484375 0.5234375 0.484375 0.5234375 0.55 0.43125 0.55
0 0.13125 0.2484375 0.2265625 0.2484375 0.2265625 0.31875 0.13125 0.31875
0 0.3296875 0.565625 0.415625 0.565625 0.415625 0.625 0.3296875 0.625
2 0.634375 0.334375 0.721875 0.334375 0.721875 0.3984375 0.634375 0.3984375
2 0.5375 0.559375 0.61875 0.559375 0.61875 0.625 0.5375 0.625
2 0.1203125 0.621875 0.2265625 0.621875 0.2265625 0.684375 0.1203125 0.684375
2 0.2296875 0.2609375 0.3359375 0.2609375 0.3359375 0.3296875 0.2296875 0.3296875
5 0.553125 0.253125 0.634375 0.253125 0.634375 0.3265625 0.553125 0.3265625
5 0.434375 0.7765625 0.5125 0.7765625 0.5125 0.8578125 0.434375 0.8578125
3 0.73125 0.2671875 0.809375 0.2671875 0.809375 0.3265625 0.73125 0.3265625
3 0.728125 0.4171875 0.803125 0.4171875 0.803125 0.4703125 0.728125 0.4703125
3 0.721875 0.559375 0.790625 0.559375 0.790625 0.61875 0.721875 0.61875
3 0.4453125 0.3390625 0.5171875 0.3390625 0.5171875 0.39375 0.4453125 0.39375
3 0.440625 0.56875 0.50625 0.56875 0.50625 0.61875 0.440625 0.61875
3 0.221875 0.490625 0.3015625 0.490625 0.3015625 0.54375 0.221875 0.54375
3 0.3390625 0.7140625 0.40625 0.7140625 0.40625 0.78125 0.3390625 0.78125