0 0.446875 0.046875 0.5125 0.046875 0.5125 0.1625 0.446875 0.1625
0 0.3625 0.16875 0.4234375 0.16875 0.4234375 0.2703125 0.3625 0.2703125
0 0.28125 0.26875 0.3484375 0.26875 0.3484375 0.3890625 0.28125 0.3890625
0 0.5234375 0.1796875 0.5828125 0.1796875 0.5828125 0.26875 0.5234375 0.26875
0 0.5921875 0.296875 0.6578125 0.296875 0.6578125 0.3796875 0.5921875 0.3796875
0 0.6625 0.18125 0.7421875 0.18125 0.7421875 0.284375 0.6625 0.284375
0 0.7625 0.0640625 0.85 0.0640625 0.85 0.1828125 0.7625 0.1828125
2 0.1890625 0.3875 0.265625 0.3875 0.265625 0.471875 0.1890625 0.471875
2 0.70625 0.690625 0.7890625 0.690625 0.7890625 0.79375 0.70625 0.79375
2 0.1734375 0.6625 0.25625 0.6625 0.25625 0.76875 0.1734375 0.76875
3 0.2703125 0.665625 0.3453125 0.665625 0.3453125 0.75625 0.2703125 0.75625
3 0.35625 0.6734375 0.4203125 0.6734375 0.4203125 0.765625 0.35625 0.765625
3 0.4203125 0.6875 0.471875 0.6875 0.471875 0.7671875 0.4203125 0.7671875
3 0.5078125 0.6796875 0.5640625 0.6796875 0.5640625 0.76875 0.5078125 0.76875
3 0.5765625 0.690625 0.6296875 0.690625 0.6296875 0.775 0.5765625 0.775
3 0.6421875 0.6875 0.703125 0.6875 0.703125 0.771875 0.6421875 0.771875
5 0.25 0.7765625 0.3421875 0.7765625 0.3421875 0.896875 0.25 0.896875
5 0.6359375 0.784375 0.715625 0.784375 0.715625 0.8859375 0.6359375 0.8859375
3 0.4875 0.48125 0.5625 0.48125 0.5625 0.5640625 0.4875 0.5640625