8 0.1859375 0.565625 0.3421875 0.565625 0.3421875 0.609375 0.1859375 0.609375
6 0.275 0.734375 0.428125 0.734375 0.428125 0.784375 0.275 0.784375
6 0.1890625 0.4125 0.3359375 0.4125 0.3359375 0.453125 0.1890625 0.453125
7 0.4359375 0.434375 0.63125 0.434375 0.63125 0.4875 0.4359375 0.4875
10 0.4484375 0.5609375 0.6390625 0.5609375 0.6390625 0.6109375 0.4484375 0.6109375
4 0.3484375 0.734375 0.5453125 0.734375 0.5453125 0.8 0.3484375 0.8
1 0.2328125 0.5046875 0.428125 0.5046875 0.428125 0.546875 0.2328125 0.546875
5 0.1203125 0.3640625 0.25 0.3640625 0.25 0.4046875 0.1203125 0.4046875
5 0.2078125 0.6234375 0.3484375 0.6234375 0.3484375 0.6703125 0.2078125 0.6703125
5 0.7125 0.4390625 0.85625 0.4390625 0.85625 0.4875 0.7125 0.4875
11 0.2046875 0.353125 0.3421875 0.353125 0.3421875 0.396875 0.2046875 0.396875
9 0.065625 0.609375 0.171875 0.609375 0.171875 0.646875 0.065625 0.646875
9 0.409375 0.6171875 0.525 0.6171875 0.525 0.6578125 0.409375 0.6578125
3 0.646875 0.734375 0.653125 0.734375 0.653125 0.7375 0.646875 0.7375
3 0.6390625 0.6875 0.759375 0.6875 0.759375 0.740625 0.6390625 0.740625