9 0.13125 0.8140625 0.2078125 0.8140625 0.2078125 0.8953125 0.13125 0.8953125
9 0.128125 0.5875 0.209375 0.5875 0.209375 0.65 0.128125 0.65
9 0.234375 0.615625 0.303125 0.615625 0.303125 0.68125 0.234375 0.68125
9 0.140625 0.4078125 0.21875 0.4078125 0.21875 0.4703125 0.140625 0.4703125
9 0.2515625 0.2859375 0.3171875 0.2859375 0.3171875 0.353125 0.2515625 0.353125
9 0.3578125 0.1734375 0.4171875 0.1734375 0.4171875 0.2515625 0.3578125 0.2515625
9 0.128125 0.0671875 0.2078125 0.0671875 0.2078125 0.1515625 0.128125 0.1515625
9 0.46875 0.8203125 0.5296875 0.8203125 0.5296875 0.903125 0.46875 0.903125
9 0.646875 0.578125 0.715625 0.578125 0.715625 0.6421875 0.646875 0.6421875
9 0.86875 0.7953125 0.95 0.7953125 0.95 0.8765625 0.86875 0.8765625
9 0.8640625 0.703125 0.934375 0.703125 0.934375 0.7390625 0.8640625 0.7390625
9 0.8375 0.50625 0.9234375 0.50625 0.9234375 0.56875 0.8375 0.56875
9 0.859375 0.4078125 0.94375 0.4078125 0.94375 0.46875 0.859375 0.46875
9 0.75625 0.053125 0.83125 0.053125 0.83125 0.134375 0.75625 0.134375
9 0.865625 0.053125 0.9484375 0.053125 0.9484375 0.1390625 0.865625 0.1390625
3 0.1125 0.259375 0.1921875 0.259375 0.1921875 0.328125 0.1125 0.328125
3 0.45 0.0578125 0.509375 0.0578125 0.509375 0.14375 0.45 0.14375
3 0.4359375 0.1828125 0.4953125 0.1828125 0.4953125 0.2578125 0.4359375 0.2578125
3 0.340625 0.078125 0.40625 0.078125 0.40625 0.159375 0.340625 0.159375
3 0.2515625 0.065625 0.3171875 0.065625 0.3171875 0.1484375 0.2515625 0.1484375
3 0.2625 0.5078125 0.33125 0.5078125 0.33125 0.5671875 0.2625 0.5671875
3 0.2296875 0.803125 0.3015625 0.803125 0.3015625 0.884375 0.2296875 0.884375
3 0.546875 0.7046875 0.6046875 0.7046875 0.6046875 0.7765625 0.546875 0.7765625
3 0.6515625 0.79375 0.71875 0.79375 0.71875 0.875 0.6515625 0.875
3 0.740625 0.7 0.815625 0.7 0.815625 0.775 0.740625 0.775
3 0.7515625 0.50625 0.828125 0.50625 0.828125 0.565625 0.7515625 0.565625
3 0.353125 0.8109375 0.415625 0.8109375 0.415625 0.8921875 0.353125 0.8921875
3 0.5515625 0.06875 0.6125 0.06875 0.6125 0.153125 0.5515625 0.153125
3 0.85625 0.5796875 0.940625 0.5796875 0.940625 0.64375 0.85625 0.64375
10 0.0921875 0.6875 0.2203125 0.6875 0.2203125 0.8046875 0.0921875 0.8046875
10 0.5375 0.59375 0.6265625 0.59375 0.6265625 0.690625 0.5375 0.690625
10 0.75 0.1421875 0.88125 0.1421875 0.88125 0.265625 0.75 0.265625
1 0.0875 0.4921875 0.21875 0.4921875 0.21875 0.5734375 0.0875 0.5734375
1 0.5484375 0.3875 0.6390625 0.3875 0.6390625 0.471875 0.5484375 0.471875
1 0.6484375 0.121875 0.75625 0.121875 0.75625 0.2515625 0.6484375 0.2515625
1 0.11875 0.175 0.2125 0.175 0.2125 0.2640625 0.11875 0.2640625
6 0.459375 0.703125 0.528125 0.703125 0.528125 0.7890625 0.459375 0.7890625
6 0.35 0.5953125 0.421875 0.5953125 0.421875 0.66875 0.35 0.66875
6 0.7421875 0.60625 0.8359375 0.60625 0.8359375 0.68125 0.7421875 0.68125
6 0.7421875 0.3828125 0.8359375 0.3828125 0.8359375 0.4515625 0.7421875 0.4515625
6 0.6453125 0.034375 0.7265625 0.034375 0.7265625 0.1375 0.6453125 0.1375
0 0.209375 0.7234375 0.2921875 0.7234375 0.2921875 0.809375 0.209375 0.809375
0 0.453125 0.271875 0.521875 0.271875 0.521875 0.3515625 0.453125 0.3515625
0 0.5625 0.275 0.63125 0.275 0.63125 0.35625 0.5625 0.35625
0 0.4546875 0.609375 0.5203125 0.609375 0.5203125 0.6828125 0.4546875 0.6828125
0 0.6515625 0.3671875 0.73125 0.3671875 0.73125 0.4375 0.6515625 0.4375
5 0.34375 0.7125 0.4203125 0.7125 0.4203125 0.80625 0.34375 0.80625
5 0.646875 0.6703125 0.73125 0.6703125 0.73125 0.7640625 0.646875 0.7640625
5 0.634375 0.4859375 0.721875 0.4859375 0.721875 0.55625 0.634375 0.55625
5 0.734375 0.2765625 0.8328125 0.2765625 0.8328125 0.3609375 0.734375 0.3609375
5 0.571875 0.803125 0.65 0.803125 0.65 0.9109375 0.571875 0.9109375
5 0.346875 0.2734375 0.421875 0.2734375 0.421875 0.3578125 0.346875 0.3578125
11 0.35625 0.4875 0.4328125 0.4875 0.4328125 0.559375 0.35625 0.559375
11 0.2328125 0.396875 0.3234375 0.396875 0.3234375 0.4703125 0.2328125 0.4703125
11 0.4546875 0.478125 0.5375 0.478125 0.5375 0.5625 0.4546875 0.5625
7 0.321875 0.4 0.415625 0.4 0.415625 0.4828125 0.321875 0.4828125
7 0.628125 0.2484375 0.734375 0.2484375 0.734375 0.3546875 0.628125 0.3546875
4 0.5328125 0.1515625 0.61875 0.1515625 0.61875 0.271875 0.5328125 0.271875
4 0.74375 0.7984375 0.86875 0.7984375 0.86875 0.934375 0.74375 0.934375
4 0.4484375 0.384375 0.5390625 0.384375 0.5390625 0.471875 0.4484375 0.471875