3 0.0921875 0.228125 0.1640625 0.228125 0.1640625 0.2875 0.0921875 0.2875
3 0.5921875 0.253125 0.6671875 0.253125 0.6671875 0.3125 0.5921875 0.3125
3 0.390625 0.2390625 0.4609375 0.2390625 0.4609375 0.3 0.390625 0.3
3 0.309375 0.3109375 0.378125 0.3109375 0.378125 0.36875 0.309375 0.36875
3 0.2125 0.3875 0.275 0.3875 0.275 0.440625 0.2125 0.440625
3 0.30625 0.4625 0.371875 0.4625 0.371875 0.509375 0.30625 0.509375
3 0.403125 0.4609375 0.465625 0.4609375 0.465625 0.5046875 0.403125 0.5046875
3 0.5875 0.40625 0.6625 0.40625 0.6625 0.45 0.5875 0.45
3 0.775 0.33125 0.85 0.33125 0.85 0.3828125 0.775 0.3828125
3 0.76875 0.759375 0.853125 0.759375 0.853125 0.821875 0.76875 0.821875
3 0.58125 0.671875 0.653125 0.671875 0.653125 0.728125 0.58125 0.728125
3 0.49375 0.603125 0.55625 0.603125 0.55625 0.65625 0.49375 0.65625
3 0.4953125 0.5375 0.5609375 0.5375 0.5609375 0.584375 0.4953125 0.584375
3 0.39375 0.675 0.4625 0.675 0.4625 0.728125 0.39375 0.728125
3 0.3 0.7453125 0.3609375 0.7453125 0.3609375 0.8171875 0.3 0.8171875
8 0.2015625 0.296875 0.29375 0.296875 0.29375 0.371875 0.2015625 0.371875
8 0.571875 0.7421875 0.66875 0.7421875 0.66875 0.8296875 0.571875 0.8296875
4 0.4890625 0.3 0.58125 0.3 0.58125 0.375 0.4890625 0.375
2 0.1703125 0.6640625 0.2640625 0.6640625 0.2640625 0.7390625 0.1703125 0.7390625
2 0.28125 0.5296875 0.3609375 0.5296875 0.3609375 0.5921875 0.28125 0.5921875
2 0.49375 0.459375 0.571875 0.459375 0.571875 0.51875 0.49375 0.51875
2 0.671875 0.321875 0.7625 0.321875 0.7625 0.39375 0.671875 0.39375
5 0.284375 0.6734375 0.359375 0.6734375 0.359375 0.7375 0.284375 0.7375
5 0.665625 0.46875 0.75625 0.46875 0.75625 0.528125 0.665625 0.528125