8 0.5765625 0.325 0.6109375 0.325 0.6109375 0.4109375 0.5765625 0.4109375
8 0.44375 0.090625 0.478125 0.090625 0.478125 0.1875 0.44375 0.1875
6 0.4375 0.2953125 0.46875 0.2953125 0.46875 0.3703125 0.4375 0.3703125
6 0.49375 0.08125 0.51875 0.08125 0.51875 0.16875 0.49375 0.16875
11 0.61875 0.409375 0.659375 0.409375 0.659375 0.4796875 0.61875 0.4796875
11 0.4890625 0.203125 0.5203125 0.203125 0.5203125 0.2875 0.4890625 0.2875
5 0.353125 0.165625 0.3875 0.165625 0.3875 0.2484375 0.353125 0.2484375
1 0.284375 0.48125 0.3359375 0.48125 0.3359375 0.5578125 0.284375 0.5578125
5 0.4796875 0.59375 0.5109375 0.59375 0.5109375 0.66875 0.4796875 0.66875
4 0.39375 0.184375 0.434375 0.184375 0.434375 0.2875 0.39375 0.2875
5 0.5359375 0.1859375 0.5671875 0.1859375 0.5671875 0.2703125 0.5359375 0.2703125
0 0.578125 0.10625 0.609375 0.10625 0.609375 0.1875 0.578125 0.1875
0 0.621875 0.1890625 0.65625 0.1890625 0.65625 0.271875 0.621875 0.271875
7 0.2953125 0.165625 0.34375 0.165625 0.34375 0.2625 0.2953125 0.2625
10 0.3921875 0.059375 0.4328125 0.059375 0.4328125 0.171875 0.3921875 0.171875
5 0.5734375 0.525 0.6078125 0.525 0.6078125 0.5875 0.5734375 0.5875