0 0.190625 0.39375 0.2890625 0.39375 0.2890625 0.4375 0.190625 0.4375
10 0.81875 0.3890625 0.9921875 0.3890625 0.9921875 0.4328125 0.81875 0.4328125
0 0.1875 0.3953125 0.28125 0.3953125 0.28125 0.43125 0.1875 0.43125
9 0.8296875 0.30625 0.9328125 0.30625 0.9328125 0.340625 0.8296875 0.340625
3 0.521875 0.403125 0.609375 0.403125 0.609375 0.4328125 0.521875 0.4328125
8 0.8265625 0.6328125 0.9265625 0.6328125 0.9265625 0.6859375 0.8265625 0.6859375
3 0.525 0.54375 0.609375 0.54375 0.609375 0.575 0.525 0.575
8 0.634375 0.3484375 0.7734375 0.3484375 0.7734375 0.3921875 0.634375 0.3921875
3 0.8234375 0.54375 0.9140625 0.54375 0.9140625 0.571875 0.8234375 0.571875
8 0.0609375 0.66875 0.1890625 0.66875 0.1890625 0.7234375 0.0609375 0.7234375
6 0.7125 0.6453125 0.8296875 0.6453125 0.8296875 0.6828125 0.7125 0.6828125
6 0.71875 0.640625 0.83125 0.640625 0.83125 0.690625 0.71875 0.690625
7 0.425 0.3265625 0.571875 0.3265625 0.571875 0.3734375 0.425 0.3734375
7 0.428125 0.31875 0.5734375 0.31875 0.5734375 0.375 0.428125 0.375
9 0.4140625 0.5015625 0.5 0.5015625 0.5 0.5328125 0.4140625 0.5328125
10 0.3234375 0.434375 0.4578125 0.434375 0.4578125 0.484375 0.3234375 0.484375
9 0.209375 0.503125 0.29375 0.503125 0.29375 0.534375 0.209375 0.534375
11 0.41875 0.5921875 0.534375 0.5921875 0.534375 0.634375 0.41875 0.634375
9 0.83125 0.309375 0.9234375 0.309375 0.9234375 0.3375 0.83125 0.3375
11 0.0671875 0.2640625 0.1765625 0.2640625 0.1765625 0.3109375 0.0671875 0.3109375
11 0.4234375 0.5921875 0.5328125 0.5921875 0.5328125 0.63125 0.4234375 0.63125
4 0.203125 0.603125 0.334375 0.603125 0.334375 0.65625 0.203125 0.65625
11 0.0734375 0.265625 0.175 0.265625 0.175 0.3109375 0.0734375 0.3109375
4 0.6375 0.4421875 0.7859375 0.4421875 0.7859375 0.4859375 0.6375 0.4859375
10 0.3140625 0.4375 0.4546875 0.4375 0.4546875 0.48125 0.3140625 0.48125
3 0.5234375 0.4015625 0.6078125 0.4015625 0.6078125 0.4359375 0.5234375 0.4359375
8 0.828125 0.634375 0.934375 0.634375 0.934375 0.6765625 0.828125 0.6765625
1 0.5265625 0.546875 0.6109375 0.546875 0.6109375 0.575 0.5265625 0.575
8 0.071875 0.66875 0.1765625 0.66875 0.1765625 0.7171875 0.071875 0.7171875
1 0.3234375 0.31875 0.4453125 0.31875 0.4453125 0.375 0.3234375 0.375
8 0.6390625 0.353125 0.7609375 0.353125 0.7609375 0.390625 0.6390625 0.390625
5 0.64375 0.5453125 0.75625 0.5453125 0.75625 0.5796875 0.64375 0.5796875
9 0.83125 0.309375 0.925 0.309375 0.925 0.3375 0.83125 0.3375
10 0.81875 0.3875 0.99375 0.3875 0.99375 0.4328125 0.81875 0.4328125
8 0.828125 0.634375 0.934375 0.634375 0.934375 0.6765625 0.828125 0.6765625
6 0.7109375 0.6453125 0.8265625 0.6453125 0.8265625 0.6828125 0.7109375 0.6828125
8 0.0734375 0.6703125 0.1765625 0.6703125 0.1765625 0.715625 0.0734375 0.715625
11 0.4203125 0.5921875 0.5328125 0.5921875 0.5328125 0.63125 0.4203125 0.63125
9 0.209375 0.503125 0.29375 0.503125 0.29375 0.534375 0.209375 0.534375
9 0.4125 0.503125 0.5015625 0.503125 0.5015625 0.5328125 0.4125 0.5328125
10 0.3125 0.4375 0.4546875 0.4375 0.4546875 0.48125 0.3125 0.48125
11 0.071875 0.2640625 0.175 0.2640625 0.175 0.3109375 0.071875 0.3109375
7 0.425 0.325 0.571875 0.325 0.571875 0.375 0.425 0.375
8 0.6359375 0.353125 0.759375 0.353125 0.759375 0.390625 0.6359375 0.390625
0 0.1875 0.39375 0.28125 0.39375 0.28125 0.4328125 0.1875 0.4328125
4 0.2 0.603125 0.334375 0.603125 0.334375 0.65625 0.2 0.65625
1 0.303125 0.321875 0.4453125 0.321875 0.4453125 0.371875 0.303125 0.371875
3 0.521875 0.403125 0.60625 0.403125 0.60625 0.4328125 0.521875 0.4328125
3 0.5265625 0.54375 0.609375 0.54375 0.609375 0.575 0.5265625 0.575
4 0.6390625 0.4421875 0.7828125 0.4421875 0.7828125 0.4859375 0.6390625 0.4859375
5 0.640625 0.5453125 0.75 0.5453125 0.75 0.5796875 0.640625 0.5796875
3 0.8234375 0.54375 0.9140625 0.54375 0.9140625 0.571875 0.8234375 0.571875