10 0.290625 0.4796875 0.3703125 0.4796875 0.3703125 0.55625 0.290625 0.55625
10 0.515625 0.6765625 0.5859375 0.6765625 0.5859375 0.7796875 0.515625 0.7796875
10 0.5921875 0.68125 0.6609375 0.68125 0.6609375 0.778125 0.5921875 0.778125
10 0.73125 0.578125 0.8328125 0.578125 0.8328125 0.6703125 0.73125 0.6703125
10 0.7359375 0.678125 0.834375 0.678125 0.834375 0.7796875 0.7359375 0.7796875
10 0.7359375 0.0609375 0.821875 0.0609375 0.821875 0.1796875 0.7359375 0.1796875
10 0.51875 0.1625 0.5859375 0.1625 0.5859375 0.2828125 0.51875 0.2828125
7 0.4515625 0.05625 0.5078125 0.05625 0.5078125 0.19375 0.4515625 0.19375
7 0.29375 0.2765625 0.3703125 0.2765625 0.3703125 0.378125 0.29375 0.378125
7 0.359375 0.6703125 0.4375 0.6703125 0.4375 0.7796875 0.359375 0.7796875
7 0.73125 0.2640625 0.821875 0.2640625 0.821875 0.3734375 0.73125 0.3734375
7 0.6640625 0.05625 0.7453125 0.05625 0.7453125 0.1890625 0.6640625 0.1890625
6 0.221875 0.065625 0.2953125 0.065625 0.2953125 0.178125 0.221875 0.178125
6 0.39375 0.284375 0.446875 0.284375 0.446875 0.3671875 0.39375 0.3671875
6 0.2921875 0.684375 0.35625 0.684375 0.35625 0.7546875 0.2921875 0.7546875
6 0.6671875 0.4921875 0.73125 0.4921875 0.73125 0.56875 0.6671875 0.56875
4 0.440625 0.484375 0.509375 0.484375 0.509375 0.5734375 0.440625 0.5734375
4 0.515625 0.378125 0.584375 0.378125 0.584375 0.4625 0.515625 0.4625
4 0.7421875 0.38125 0.83125 0.38125 0.83125 0.46875 0.7421875 0.46875
4 0.1953125 0.56875 0.29375 0.56875 0.29375 0.6640625 0.1953125 0.6640625
1 0.59375 0.4828125 0.6609375 0.4828125 0.6609375 0.5734375 0.59375 0.5734375