3 0.1015625 0.71875 0.1859375 0.71875 0.1859375 0.7859375 0.1015625 0.7859375
3 0.1015625 0.58125 0.19375 0.58125 0.19375 0.640625 0.1015625 0.640625
3 0.1015625 0.515625 0.203125 0.515625 0.203125 0.571875 0.1015625 0.571875
3 0.1046875 0.3703125 0.2015625 0.3703125 0.2015625 0.428125 0.1046875 0.428125
3 0.10625 0.225 0.196875 0.225 0.196875 0.29375 0.10625 0.29375
3 0.203125 0.721875 0.2875 0.721875 0.2875 0.7828125 0.203125 0.7828125
3 0.2046875 0.6578125 0.2921875 0.6578125 0.2921875 0.7125 0.2046875 0.7125
3 0.19375 0.5875 0.284375 0.5875 0.284375 0.6484375 0.19375 0.6484375
3 0.2125 0.515625 0.2953125 0.515625 0.2953125 0.5734375 0.2125 0.5734375
3 0.1984375 0.4484375 0.284375 0.4484375 0.284375 0.5015625 0.1984375 0.5015625
3 0.2109375 0.3703125 0.28125 0.3703125 0.28125 0.4234375 0.2109375 0.4234375
3 0.2125 0.3 0.296875 0.3 0.296875 0.353125 0.2125 0.353125
3 0.2078125 0.2234375 0.2921875 0.2234375 0.2921875 0.284375 0.2078125 0.284375
3 0.296875 0.721875 0.371875 0.721875 0.371875 0.78125 0.296875 0.78125
3 0.3 0.659375 0.378125 0.659375 0.378125 0.715625 0.3 0.715625
3 0.3 0.525 0.384375 0.525 0.384375 0.578125 0.3 0.578125
3 0.290625 0.453125 0.375 0.453125 0.375 0.503125 0.290625 0.503125
3 0.2875 0.375 0.36875 0.375 0.36875 0.428125 0.2875 0.428125
3 0.3 0.225 0.378125 0.225 0.378125 0.284375 0.3 0.284375
3 0.3890625 0.7265625 0.4734375 0.7265625 0.4734375 0.7921875 0.3890625 0.7921875
3 0.4046875 0.6625 0.4796875 0.6625 0.4796875 0.7171875 0.4046875 0.7171875
3 0.4 0.5828125 0.475 0.5828125 0.475 0.6453125 0.4 0.6453125
3 0.3953125 0.5125 0.475 0.5125 0.475 0.5625 0.3953125 0.5625
3 0.4 0.4453125 0.484375 0.4453125 0.484375 0.5015625 0.4 0.5015625
3 0.3890625 0.378125 0.4734375 0.378125 0.4734375 0.43125 0.3890625 0.43125
3 0.3875 0.3046875 0.46875 0.3046875 0.46875 0.3578125 0.3875 0.3578125
3 0.403125 0.225 0.48125 0.225 0.48125 0.284375 0.403125 0.284375
3 0.4828125 0.728125 0.5625 0.728125 0.5625 0.790625 0.4828125 0.790625
3 0.5 0.6625 0.575 0.6625 0.575 0.721875 0.5 0.721875
3 0.49375 0.5203125 0.56875 0.5203125 0.56875 0.5734375 0.49375 0.5734375
3 0.4875 0.459375 0.5625 0.459375 0.5625 0.509375 0.4875 0.509375
3 0.50625 0.3765625 0.571875 0.3765625 0.571875 0.4296875 0.50625 0.4296875
3 0.496875 0.3 0.571875 0.3 0.571875 0.353125 0.496875 0.353125
3 0.6 0.659375 0.6625 0.659375 0.6625 0.734375 0.6 0.734375
3 0.575 0.59375 0.6515625 0.59375 0.6515625 0.65 0.575 0.65
3 0.5984375 0.509375 0.6734375 0.509375 0.6734375 0.5609375 0.5984375 0.5609375
3 0.596875 0.44375 0.659375 0.44375 0.659375 0.5 0.596875 0.5
3 0.6984375 0.6703125 0.7828125 0.6703125 0.7828125 0.7359375 0.6984375 0.7359375
3 0.690625 0.6015625 0.775 0.6015625 0.775 0.6578125 0.690625 0.6578125
3 0.690625 0.509375 0.775 0.509375 0.775 0.5671875 0.690625 0.5671875
3 0.7859375 0.6671875 0.8703125 0.6671875 0.8703125 0.734375 0.7859375 0.734375
3 0.803125 0.59375 0.884375 0.59375 0.884375 0.6515625 0.803125 0.6515625
3 0.784375 0.509375 0.8625 0.509375 0.8625 0.5609375 0.784375 0.5609375
3 0.796875 0.4375 0.88125 0.4375 0.88125 0.496875 0.796875 0.496875