5 0.840625 0.8234375 0.9515625 0.8234375 0.9515625 0.9328125 0.840625 0.9328125
5 0.6375 0.434375 0.7234375 0.434375 0.7234375 0.5140625 0.6375 0.5140625
5 0.440625 0.7203125 0.51875 0.7203125 0.51875 0.815625 0.440625 0.815625
5 0.2171875 0.5140625 0.3078125 0.5140625 0.3078125 0.6046875 0.2171875 0.6046875
5 0.2171875 0.73125 0.3109375 0.73125 0.3109375 0.8359375 0.2171875 0.8359375
5 0.0828125 0.440625 0.1890625 0.440625 0.1890625 0.521875 0.0828125 0.521875
4 0.83125 0.6203125 0.984375 0.6203125 0.984375 0.7375 0.83125 0.7375
4 0.6234375 0.0828125 0.728125 0.0828125 0.728125 0.2265625 0.6234375 0.2265625
4 0.1890625 0.1984375 0.3125 0.1984375 0.3125 0.315625 0.1890625 0.315625
3 0.8546875 0.409375 0.9546875 0.409375 0.9546875 0.4875 0.8546875 0.4875
3 0.7421875 0.2421875 0.81875 0.2421875 0.81875 0.325 0.7421875 0.325
3 0.7609375 0.43125 0.8453125 0.43125 0.8453125 0.4921875 0.7609375 0.4921875
3 0.7359375 0.528125 0.8140625 0.528125 0.8140625 0.6078125 0.7359375 0.6078125
3 0.73125 0.721875 0.8171875 0.721875 0.8171875 0.8078125 0.73125 0.8078125
3 0.4515625 0.640625 0.5203125 0.640625 0.5203125 0.7125 0.4515625 0.7125
3 0.4515625 0.2265625 0.521875 0.2265625 0.521875 0.3078125 0.4515625 0.3078125
3 0.221875 0.4234375 0.303125 0.4234375 0.303125 0.4953125 0.221875 0.4953125
3 0.1375 0.628125 0.2171875 0.628125 0.2171875 0.7046875 0.1375 0.7046875
3 0.35625 0.8234375 0.4265625 0.8234375 0.4265625 0.9265625 0.35625 0.9265625
2 0.6390625 0.828125 0.73125 0.828125 0.73125 0.95625 0.6390625 0.95625
2 0.528125 0.8046875 0.6109375 0.8046875 0.6109375 0.93125 0.528125 0.93125
2 0.5203125 0.1015625 0.6171875 0.1015625 0.6171875 0.221875 0.5203125 0.221875
2 0.1015625 0.3421875 0.2234375 0.3421875 0.2234375 0.4296875 0.1015625 0.4296875
1 0.5234375 0.325 0.6125 0.325 0.6125 0.41875 0.5234375 0.41875
1 0.3046875 0.3203125 0.4234375 0.3203125 0.4234375 0.43125 0.3046875 0.43125
1 0.6265625 0.7203125 0.7359375 0.7203125 0.7359375 0.8484375 0.6265625 0.8484375
0 0.8578125 0.0765625 0.971875 0.0765625 0.971875 0.1984375 0.8578125 0.1984375
0 0.528125 0.525 0.6109375 0.525 0.6109375 0.603125 0.528125 0.603125
0 0.546875 0.7125 0.634375 0.7125 0.634375 0.796875 0.546875 0.796875
0 0.421875 0.1203125 0.509375 0.1203125 0.509375 0.221875 0.421875 0.221875
0 0.2015625 0.084375 0.3078125 0.084375 0.3078125 0.2 0.2015625 0.2
6 0.3265625 0.7140625 0.4140625 0.7140625 0.4140625 0.815625 0.3265625 0.815625
6 0.2359375 0.35625 0.3328125 0.35625 0.3328125 0.45 0.2359375 0.45
6 0.528125 0.434375 0.6078125 0.434375 0.6078125 0.51875 0.528125 0.51875
6 0.5265625 0.6359375 0.603125 0.6359375 0.603125 0.734375 0.5265625 0.734375
6 0.64375 0.5125 0.7265625 0.5125 0.7265625 0.6 0.64375 0.6
6 0.7390625 0.61875 0.8390625 0.61875 0.8390625 0.71875 0.7390625 0.71875
7 0.6453125 0.3296875 0.759375 0.3296875 0.759375 0.4265625 0.6453125 0.4265625
7 0.4203125 0.421875 0.5078125 0.421875 0.5078125 0.521875 0.4203125 0.521875
7 0.4234375 0.53125 0.5140625 0.53125 0.5140625 0.625 0.4234375 0.625
8 0.84375 0.2015625 0.975 0.2015625 0.975 0.2984375 0.84375 0.2984375
8 0.846875 0.53125 0.9625 0.53125 0.9625 0.6171875 0.846875 0.6171875
8 0.7515625 0.325 0.8578125 0.325 0.8578125 0.4203125 0.7515625 0.4203125
8 0.3140625 0.1015625 0.4203125 0.1015625 0.4203125 0.2171875 0.3140625 0.2171875
8 0.20625 0.625 0.309375 0.625 0.309375 0.7359375 0.20625 0.7359375
8 0.0984375 0.73125 0.2140625 0.73125 0.2140625 0.840625 0.0984375 0.840625
9 0.846875 0.30625 0.9359375 0.30625 0.9359375 0.384375 0.846875 0.384375
9 0.8625 0.7328125 0.9515625 0.7328125 0.9515625 0.8265625 0.8625 0.8265625
9 0.7390625 0.815625 0.821875 0.815625 0.821875 0.9125 0.7390625 0.9125
9 0.75 0.09375 0.8328125 0.09375 0.8328125 0.2015625 0.75 0.2015625
9 0.6609375 0.190625 0.74375 0.190625 0.74375 0.278125 0.6609375 0.278125
9 0.4296875 0.8125 0.5 0.8125 0.5 0.9046875 0.4296875 0.9046875
9 0.3546875 0.621875 0.440625 0.621875 0.440625 0.7125 0.3546875 0.7125
9 0.3296875 0.5234375 0.40625 0.5234375 0.40625 0.6 0.3296875 0.6
9 0.2390625 0.81875 0.3140625 0.81875 0.3140625 0.9140625 0.2390625 0.9140625
9 0.1234375 0.209375 0.21875 0.209375 0.21875 0.30625 0.1234375 0.30625
10 0.325 0.428125 0.428125 0.428125 0.428125 0.5265625 0.325 0.5265625
10 0.6203125 0.61875 0.7234375 0.61875 0.7234375 0.7359375 0.6203125 0.7359375
10 0.0671875 0.521875 0.209375 0.521875 0.209375 0.640625 0.0671875 0.640625
11 0.09375 0.828125 0.209375 0.828125 0.209375 0.94375 0.09375 0.94375
11 0.0703125 0.1125 0.2015625 0.1125 0.2015625 0.225 0.0703125 0.225
11 0.3109375 0.215625 0.4140625 0.215625 0.4140625 0.3234375 0.3109375 0.3234375
11 0.5234375 0.2171875 0.6234375 0.2171875 0.6234375 0.3234375 0.5234375 0.3234375
9 0.4328125 0.3296875 0.509375 0.3296875 0.509375 0.41875 0.4328125 0.41875