1 0.68125 0.640625 0.7953125 0.640625 0.7953125 0.721875 0.68125 0.721875
4 0.1546875 0.6453125 0.2796875 0.6453125 0.2796875 0.725 0.1546875 0.725
4 0.1734375 0.7234375 0.2921875 0.7234375 0.2921875 0.815625 0.1734375 0.815625
4 0.28125 0.71875 0.3875 0.71875 0.3875 0.803125 0.28125 0.803125
4 0.05 0.71875 0.1875 0.71875 0.1875 0.809375 0.05 0.809375
6 0.071875 0.184375 0.178125 0.184375 0.178125 0.265625 0.071875 0.265625
6 0.4890625 0.5 0.5734375 0.5 0.5734375 0.559375 0.4890625 0.559375
6 0.378125 0.64375 0.475 0.64375 0.475 0.7140625 0.378125 0.7140625
6 0.396875 0.725 0.475 0.725 0.475 0.796875 0.396875 0.796875
9 0.284375 0.2 0.36875 0.2 0.36875 0.265625 0.284375 0.265625
9 0.19375 0.2859375 0.278125 0.2859375 0.278125 0.346875 0.19375 0.346875
9 0.2859375 0.35625 0.378125 0.35625 0.378125 0.4171875 0.2859375 0.4171875
9 0.3890625 0.434375 0.4734375 0.434375 0.4734375 0.484375 0.3890625 0.484375
9 0.490625 0.275 0.575 0.275 0.575 0.340625 0.490625 0.340625
9 0.5875 0.275 0.6671875 0.275 0.6671875 0.340625 0.5875 0.340625
9 0.784375 0.275 0.8765625 0.275 0.8765625 0.3375 0.784375 0.3375
9 0.4046875 0.56875 0.4765625 0.56875 0.4765625 0.61875 0.4046875 0.61875
9 0.4875 0.6453125 0.565625 0.6453125 0.565625 0.7046875 0.4875 0.7046875
9 0.5921875 0.64375 0.6671875 0.64375 0.6671875 0.703125 0.5921875 0.703125
9 0.8109375 0.7203125 0.9046875 0.7203125 0.9046875 0.7859375 0.8109375 0.7859375
10 0.16875 0.5609375 0.2875 0.5609375 0.2875 0.63125 0.16875 0.63125
10 0.159375 0.49375 0.28125 0.49375 0.28125 0.55625 0.159375 0.55625
10 0.0578125 0.490625 0.1828125 0.490625 0.1828125 0.5625 0.0578125 0.5625
10 0.05 0.5671875 0.184375 0.5671875 0.184375 0.64375 0.05 0.64375
10 0.28125 0.575 0.3828125 0.575 0.3828125 0.646875 0.28125 0.646875
10 0.2859375 0.6390625 0.3890625 0.6390625 0.3890625 0.7140625 0.2859375 0.7140625
10 0.0578125 0.64375 0.1859375 0.64375 0.1859375 0.709375 0.0578125 0.709375
7 0.675 0.2515625 0.784375 0.2515625 0.784375 0.346875 0.675 0.346875
7 0.675 0.34375 0.775 0.34375 0.775 0.41875 0.675 0.41875
7 0.675 0.421875 0.790625 0.421875 0.790625 0.4875 0.675 0.4875
7 0.675 0.490625 0.784375 0.490625 0.784375 0.5625 0.675 0.5625
7 0.678125 0.565625 0.790625 0.565625 0.790625 0.640625 0.678125 0.640625