11 0.496875 0.40625 0.5625 0.40625 0.5625 0.4859375 0.496875 0.4859375
11 0.4234375 0.309375 0.4859375 0.309375 0.4859375 0.390625 0.4234375 0.390625
11 0.1875 0.3046875 0.2578125 0.3046875 0.2578125 0.3890625 0.1875 0.3890625
11 0.56875 0.771875 0.6375 0.771875 0.6375 0.8796875 0.56875 0.8796875
9 0.196875 0.4109375 0.2625 0.4109375 0.2625 0.471875 0.196875 0.471875
9 0.3625 0.5984375 0.415625 0.5984375 0.415625 0.659375 0.3625 0.659375
9 0.496875 0.5875 0.5515625 0.5875 0.5515625 0.6671875 0.496875 0.6671875
9 0.703125 0.296875 0.759375 0.296875 0.759375 0.39375 0.703125 0.39375
9 0.63125 0.2171875 0.696875 0.2171875 0.696875 0.296875 0.63125 0.296875
9 0.696875 0.215625 0.75625 0.215625 0.75625 0.284375 0.696875 0.284375
9 0.265625 0.1 0.3375 0.1 0.3375 0.178125 0.265625 0.178125
9 0.6984375 0.59375 0.7734375 0.59375 0.7734375 0.665625 0.6984375 0.665625
9 0.3578125 0.7765625 0.4109375 0.7765625 0.4109375 0.8609375 0.3578125 0.8609375
9 0.209375 0.68125 0.275 0.68125 0.275 0.765625 0.209375 0.765625
8 0.5625 0.5828125 0.628125 0.5828125 0.628125 0.671875 0.5625 0.671875
8 0.634375 0.6796875 0.696875 0.6796875 0.696875 0.7828125 0.634375 0.7828125
8 0.278125 0.7859375 0.35 0.7859375 0.35 0.8890625 0.278125 0.8890625
8 0.203125 0.78125 0.278125 0.78125 0.278125 0.8875 0.203125 0.8875
7 0.1703125 0.059375 0.2640625 0.059375 0.2640625 0.1875 0.1703125 0.1875
6 0.1828125 0.2 0.2578125 0.2 0.2578125 0.290625 0.1828125 0.290625
6 0.5671875 0.103125 0.6375 0.103125 0.6375 0.20625 0.5671875 0.20625
6 0.565625 0.3109375 0.621875 0.3109375 0.621875 0.3953125 0.565625 0.3953125
6 0.496875 0.49375 0.5578125 0.49375 0.5578125 0.5765625 0.496875 0.5765625
6 0.4265625 0.490625 0.4828125 0.490625 0.4828125 0.578125 0.4265625 0.578125
5 0.26875 0.1890625 0.328125 0.1890625 0.328125 0.2765625 0.26875 0.2765625
5 0.490625 0.0984375 0.55 0.0984375 0.55 0.20625 0.490625 0.20625
3 0.346875 0.3 0.4125 0.3 0.4125 0.3875 0.346875 0.3875
3 0.4203125 0.40625 0.4828125 0.40625 0.4828125 0.471875 0.4203125 0.471875
3 0.4265625 0.5953125 0.4875 0.5953125 0.4875 0.671875 0.4265625 0.671875
3 0.6984375 0.5171875 0.7703125 0.5171875 0.7703125 0.5828125 0.6984375 0.5828125
3 0.703125 0.11875 0.765625 0.11875 0.765625 0.2078125 0.703125 0.2078125
3 0.275 0.69375 0.3234375 0.69375 0.3234375 0.775 0.275 0.775
3 0.703125 0.678125 0.765625 0.678125 0.765625 0.75 0.703125 0.75
2 0.190625 0.609375 0.259375 0.609375 0.259375 0.69375 0.190625 0.69375
2 0.19375 0.490625 0.284375 0.490625 0.284375 0.58125 0.19375 0.58125
2 0.7 0.759375 0.7765625 0.759375 0.7765625 0.86875 0.7 0.86875
0 0.35 0.096875 0.4125 0.096875 0.4125 0.19375 0.35 0.19375
0 0.41875 0.09375 0.478125 0.09375 0.478125 0.209375 0.41875 0.209375
0 0.640625 0.090625 0.7 0.090625 0.7 0.1984375 0.640625 0.1984375
0 0.7015625 0.4140625 0.7765625 0.4140625 0.7765625 0.4859375 0.7015625 0.4859375
0 0.496875 0.778125 0.5625 0.778125 0.5625 0.875 0.496875 0.875
0 0.4234375 0.7609375 0.490625 0.7609375 0.490625 0.871875 0.4234375 0.871875
0 0.496875 0.29375 0.55625 0.29375 0.55625 0.3890625 0.496875 0.3890625