3 0.3921875 0.4296875 0.465625 0.4296875 0.465625 0.4859375 0.3921875 0.4859375
3 0.6015625 0.4203125 0.6828125 0.4203125 0.6828125 0.4890625 0.6015625 0.4890625
3 0.5984375 0.2765625 0.690625 0.2765625 0.690625 0.3453125 0.5984375 0.3453125
3 0.396875 0.278125 0.4875 0.278125 0.4875 0.35 0.396875 0.35
3 0.2953125 0.5125 0.375 0.5125 0.375 0.571875 0.2953125 0.571875
3 0.3921875 0.6515625 0.471875 0.6515625 0.471875 0.7265625 0.3921875 0.7265625
3 0.6078125 0.65 0.6921875 0.65 0.6921875 0.7296875 0.6078125 0.7296875
1 0.8015625 0.1578125 0.9296875 0.1578125 0.9296875 0.2703125 0.8015625 0.2703125
1 0.0328125 0.1546875 0.16875 0.1546875 0.16875 0.2609375 0.0328125 0.2609375
1 0.0234375 0.740625 0.1796875 0.740625 0.1796875 0.84375 0.0234375 0.84375
1 0.81875 0.7328125 0.9609375 0.7328125 0.9609375 0.8515625 0.81875 0.8515625
2 0.184375 0.2578125 0.278125 0.2578125 0.278125 0.34375 0.184375 0.34375
2 0.7125 0.2546875 0.8015625 0.2546875 0.8015625 0.34375 0.7125 0.34375
2 0.709375 0.65 0.8078125 0.65 0.8078125 0.746875 0.709375 0.746875
2 0.1765625 0.65 0.2796875 0.65 0.2796875 0.7375 0.1765625 0.7375
5 0.4875 0.2484375 0.5703125 0.2484375 0.5703125 0.3359375 0.4875 0.3359375
5 0.5 0.659375 0.5890625 0.659375 0.5890625 0.7390625 0.5 0.7390625
4 0.496875 0.5 0.584375 0.5 0.584375 0.5671875 0.496875 0.5671875
0 0.290625 0.2484375 0.384375 0.2484375 0.384375 0.340625 0.290625 0.340625
0 0.2859375 0.653125 0.384375 0.653125 0.384375 0.7375 0.2859375 0.7375