11 0.759375 0.3234375 0.859375 0.3234375 0.859375 0.3921875 0.759375 0.3921875
11 0.3984375 0.4109375 0.475 0.4109375 0.475 0.4703125 0.3984375 0.4703125
11 0.496875 0.39375 0.565625 0.39375 0.565625 0.459375 0.496875 0.459375
11 0.2921875 0.559375 0.378125 0.559375 0.378125 0.61875 0.2921875 0.61875
8 0.665625 0.3328125 0.75625 0.3328125 0.75625 0.403125 0.665625 0.403125
8 0.665625 0.403125 0.7625 0.403125 0.7625 0.46875 0.665625 0.46875
8 0.7734375 0.55625 0.8625 0.55625 0.8625 0.615625 0.7734375 0.615625
8 0.3890625 0.4671875 0.4859375 0.4671875 0.4859375 0.5421875 0.3890625 0.5421875
9 0.571875 0.2 0.65625 0.2 0.65625 0.2625 0.571875 0.2625
9 0.5765625 0.2796875 0.6609375 0.2796875 0.6609375 0.3328125 0.5765625 0.3328125
9 0.578125 0.3375 0.659375 0.3375 0.659375 0.396875 0.578125 0.396875
9 0.68125 0.4828125 0.7625 0.4828125 0.7625 0.53125 0.68125 0.53125
9 0.603125 0.546875 0.6703125 0.546875 0.6703125 0.5921875 0.603125 0.5921875
9 0.3859375 0.546875 0.4828125 0.546875 0.4828125 0.6140625 0.3859375 0.6140625
9 0.396875 0.26875 0.465625 0.26875 0.465625 0.33125 0.396875 0.33125
9 0.3921875 0.209375 0.4671875 0.209375 0.4671875 0.2734375 0.3921875 0.2734375
9 0.2078125 0.20625 0.2921875 0.20625 0.2921875 0.26875 0.2078125 0.26875
9 0.2109375 0.278125 0.2953125 0.278125 0.2953125 0.334375 0.2109375 0.334375
9 0.196875 0.4953125 0.28125 0.4953125 0.28125 0.5484375 0.196875 0.5484375
7 0.75625 0.2390625 0.8859375 0.2390625 0.8859375 0.3296875 0.75625 0.3296875
6 0.48125 0.5609375 0.575 0.5609375 0.575 0.6140625 0.48125 0.6140625
6 0.3078125 0.253125 0.3859375 0.253125 0.3859375 0.3265625 0.3078125 0.3265625
6 0.1 0.3234375 0.1984375 0.3234375 0.1984375 0.3953125 0.1 0.3953125
6 0.190625 0.4046875 0.290625 0.4046875 0.290625 0.4703125 0.190625 0.4703125
6 0.490625 0.328125 0.5625 0.328125 0.5625 0.3921875 0.490625 0.3921875
5 0.1 0.40625 0.203125 0.40625 0.203125 0.465625 0.1 0.465625
5 0.29375 0.471875 0.39375 0.471875 0.39375 0.5375 0.29375 0.5375
3 0.6609375 0.2015625 0.7421875 0.2015625 0.7421875 0.2671875 0.6609375 0.2671875
3 0.6734375 0.2640625 0.7515625 0.2640625 0.7515625 0.3203125 0.6734375 0.3203125
3 0.678125 0.559375 0.7625 0.559375 0.7625 0.60625 0.678125 0.60625
3 0.5828125 0.4734375 0.6640625 0.4734375 0.6640625 0.53125 0.5828125 0.53125
3 0.4984375 0.48125 0.5671875 0.48125 0.5671875 0.5296875 0.4984375 0.5296875
3 0.1234375 0.2 0.2 0.2 0.2 0.2625 0.1234375 0.2625
3 0.403125 0.340625 0.4734375 0.340625 0.4734375 0.396875 0.403125 0.396875
2 0.7578125 0.196875 0.8640625 0.196875 0.8640625 0.278125 0.7578125 0.278125
2 0.5765625 0.6171875 0.65625 0.6171875 0.65625 0.6890625 0.5765625 0.6890625
2 0.3015625 0.3453125 0.3984375 0.3453125 0.3984375 0.4125 0.3015625 0.4125
0 0.76875 0.403125 0.8671875 0.403125 0.8671875 0.459375 0.76875 0.459375
0 0.584375 0.4015625 0.6671875 0.4015625 0.6671875 0.4609375 0.584375 0.4609375
0 0.3 0.1890625 0.3859375 0.1890625 0.3859375 0.26875 0.3 0.26875
0 0.103125 0.259375 0.2046875 0.259375 0.2046875 0.334375 0.103125 0.334375
0 0.196875 0.325 0.29375 0.325 0.29375 0.4015625 0.196875 0.4015625
0 0.0890625 0.48125 0.203125 0.48125 0.203125 0.5375 0.0890625 0.5375
0 0.0765625 0.553125 0.1921875 0.553125 0.1921875 0.60625 0.0765625 0.60625