3 0.23125 0.1109375 0.2890625 0.1109375 0.2890625 0.1875 0.23125 0.1875
3 0.3609375 0.1125 0.4234375 0.1125 0.4234375 0.2046875 0.3609375 0.2046875
3 0.4375 0.115625 0.490625 0.115625 0.490625 0.20625 0.4375 0.20625
3 0.5703125 0.1171875 0.628125 0.1171875 0.628125 0.2 0.5703125 0.2
3 0.70625 0.1171875 0.765625 0.1171875 0.765625 0.2015625 0.70625 0.2015625
3 0.23125 0.2046875 0.2890625 0.2046875 0.2890625 0.2890625 0.23125 0.2890625
3 0.2984375 0.209375 0.35 0.209375 0.35 0.29375 0.2984375 0.29375
3 0.3640625 0.2078125 0.421875 0.2078125 0.421875 0.2921875 0.3640625 0.2921875
3 0.434375 0.21875 0.4921875 0.21875 0.4921875 0.303125 0.434375 0.303125
3 0.4984375 0.2109375 0.5515625 0.2109375 0.5515625 0.29375 0.4984375 0.29375
3 0.5796875 0.2140625 0.63125 0.2140625 0.63125 0.2796875 0.5796875 0.2796875
3 0.6421875 0.215625 0.69375 0.215625 0.69375 0.303125 0.6421875 0.303125
3 0.7109375 0.2109375 0.759375 0.2109375 0.759375 0.29375 0.7109375 0.29375
3 0.23125 0.3 0.2875 0.3 0.2875 0.3765625 0.23125 0.3765625
3 0.29375 0.3015625 0.3484375 0.3015625 0.3484375 0.3765625 0.29375 0.3765625
3 0.425 0.303125 0.478125 0.303125 0.478125 0.3828125 0.425 0.3828125
3 0.496875 0.296875 0.553125 0.296875 0.553125 0.3765625 0.496875 0.3765625
3 0.575 0.284375 0.6203125 0.284375 0.6203125 0.36875 0.575 0.36875
3 0.7046875 0.2953125 0.7703125 0.2953125 0.7703125 0.3703125 0.7046875 0.3703125
3 0.221875 0.3875 0.2828125 0.3875 0.2828125 0.4703125 0.221875 0.4703125
3 0.284375 0.40625 0.3453125 0.40625 0.3453125 0.478125 0.284375 0.478125
3 0.3640625 0.396875 0.4171875 0.396875 0.4171875 0.4734375 0.3640625 0.4734375
3 0.4390625 0.390625 0.4921875 0.390625 0.4921875 0.465625 0.4390625 0.465625
3 0.503125 0.3953125 0.5515625 0.3953125 0.5515625 0.471875 0.503125 0.471875
3 0.571875 0.39375 0.6203125 0.39375 0.6203125 0.465625 0.571875 0.465625
3 0.640625 0.3875 0.69375 0.3875 0.69375 0.4578125 0.640625 0.4578125
3 0.7046875 0.3984375 0.765625 0.3984375 0.765625 0.4734375 0.7046875 0.4734375
3 0.2265625 0.4765625 0.278125 0.4765625 0.278125 0.5484375 0.2265625 0.5484375
3 0.2890625 0.4875 0.340625 0.4875 0.340625 0.5578125 0.2890625 0.5578125
3 0.4296875 0.490625 0.4828125 0.490625 0.4828125 0.565625 0.4296875 0.565625
3 0.496875 0.4828125 0.5453125 0.4828125 0.5453125 0.559375 0.496875 0.559375
3 0.5703125 0.496875 0.6265625 0.496875 0.6265625 0.5625 0.5703125 0.5625
3 0.6375 0.4890625 0.6984375 0.4890625 0.6984375 0.55625 0.6375 0.55625
3 0.28125 0.5921875 0.3390625 0.5921875 0.3390625 0.6546875 0.28125 0.6546875
3 0.3609375 0.5671875 0.4125 0.5671875 0.4125 0.6375 0.3609375 0.6375
3 0.440625 0.590625 0.49375 0.590625 0.49375 0.6609375 0.440625 0.6609375
3 0.5046875 0.5859375 0.5625 0.5859375 0.5625 0.6609375 0.5046875 0.6609375
3 0.278125 0.69375 0.3328125 0.69375 0.3328125 0.765625 0.278125 0.765625
3 0.353125 0.684375 0.4015625 0.684375 0.4015625 0.75625 0.353125 0.75625
3 0.434375 0.690625 0.4953125 0.690625 0.4953125 0.7578125 0.434375 0.7578125
3 0.2828125 0.7859375 0.3453125 0.7859375 0.3453125 0.8484375 0.2828125 0.8484375
3 0.3578125 0.7921875 0.4125 0.7921875 0.4125 0.875 0.3578125 0.875
3 0.440625 0.775 0.49375 0.775 0.49375 0.8515625 0.440625 0.8515625
3 0.5078125 0.790625 0.559375 0.790625 0.559375 0.8703125 0.5078125 0.8703125