8 0.7875 0.83125 0.8875 0.83125 0.8875 0.94375 0.7875 0.94375
8 0.696875 0.825 0.771875 0.825 0.771875 0.940625 0.696875 0.940625
8 0.575 0.8203125 0.671875 0.8203125 0.671875 0.9203125 0.575 0.9203125
8 0.471875 0.8140625 0.5625 0.8140625 0.5625 0.9109375 0.471875 0.9109375
8 0.571875 0.709375 0.659375 0.709375 0.659375 0.803125 0.571875 0.803125
8 0.3671875 0.8203125 0.459375 0.8203125 0.459375 0.9140625 0.3671875 0.9140625
8 0.153125 0.8125 0.2453125 0.8125 0.2453125 0.903125 0.153125 0.903125
8 0.2625 0.825 0.35625 0.825 0.35625 0.9125 0.2625 0.9125
8 0.0515625 0.8125 0.1421875 0.8125 0.1421875 0.903125 0.0515625 0.903125
8 0.775 0.709375 0.8875 0.709375 0.8875 0.8390625 0.775 0.8390625
8 0.66875 0.7140625 0.7734375 0.7140625 0.7734375 0.8203125 0.66875 0.8203125
8 0.5625 0.7 0.6640625 0.7 0.6640625 0.8125 0.5625 0.8125
8 0.4796875 0.7046875 0.5640625 0.7046875 0.5640625 0.809375 0.4796875 0.809375
8 0.3609375 0.709375 0.4640625 0.709375 0.4640625 0.809375 0.3609375 0.809375
8 0.2765625 0.696875 0.3546875 0.696875 0.3546875 0.809375 0.2765625 0.809375
8 0.1609375 0.70625 0.2625 0.70625 0.2625 0.8109375 0.1609375 0.8109375
8 0.040625 0.709375 0.146875 0.709375 0.146875 0.79375 0.040625 0.79375
2 0.778125 0.2 0.890625 0.2 0.890625 0.309375 0.778125 0.309375
2 0.675 0.209375 0.7890625 0.209375 0.7890625 0.303125 0.675 0.303125
2 0.5671875 0.184375 0.6578125 0.184375 0.6578125 0.296875 0.5671875 0.296875
2 0.465625 0.196875 0.553125 0.196875 0.553125 0.3015625 0.465625 0.3015625
2 0.2765625 0.18125 0.3859375 0.18125 0.3859375 0.296875 0.2765625 0.296875
2 0.1734375 0.196875 0.2671875 0.196875 0.2671875 0.303125 0.1734375 0.303125
2 0.0328125 0.2125 0.1640625 0.2125 0.1640625 0.296875 0.0328125 0.296875
2 0.6703125 0.0671875 0.76875 0.0671875 0.76875 0.1890625 0.6703125 0.1890625
2 0.5578125 0.06875 0.6640625 0.06875 0.6640625 0.1890625 0.5578125 0.1890625
2 0.3578125 0.06875 0.4703125 0.06875 0.4703125 0.184375 0.3578125 0.184375
2 0.2578125 0.0875 0.3578125 0.0875 0.3578125 0.203125 0.2578125 0.203125
2 0.1609375 0.0890625 0.2828125 0.0890625 0.2828125 0.2046875 0.1609375 0.2046875
2 0.0609375 0.084375 0.1765625 0.084375 0.1765625 0.2 0.0609375 0.2