4 0.1046875 0.84375 0.2125 0.84375 0.2125 0.9640625 0.1046875 0.9640625
4 0.428125 0.365625 0.496875 0.365625 0.496875 0.4453125 0.428125 0.4453125
4 0.790625 0.640625 0.909375 0.640625 0.909375 0.7265625 0.790625 0.7265625
0 0.1140625 0.7484375 0.1953125 0.7484375 0.1953125 0.828125 0.1140625 0.828125
0 0.234375 0.8296875 0.30625 0.8296875 0.30625 0.91875 0.234375 0.91875
0 0.4015625 0.825 0.4640625 0.825 0.4640625 0.9125 0.4015625 0.9125
0 0.4265625 0.6546875 0.4859375 0.6546875 0.4859375 0.721875 0.4265625 0.721875
0 0.778125 0.371875 0.8640625 0.371875 0.8640625 0.434375 0.778125 0.434375
6 0.121875 0.6375 0.20625 0.6375 0.20625 0.70625 0.121875 0.70625
6 0.1234375 0.4625 0.2046875 0.4625 0.2046875 0.525 0.1234375 0.525
6 0.321875 0.1765625 0.384375 0.1765625 0.384375 0.2578125 0.321875 0.2578125
6 0.775 0.1984375 0.859375 0.1984375 0.859375 0.278125 0.775 0.278125
6 0.603125 0.659375 0.671875 0.659375 0.671875 0.73125 0.603125 0.73125
6 0.784375 0.7390625 0.871875 0.7390625 0.871875 0.8171875 0.784375 0.8171875
2 0.0984375 0.540625 0.19375 0.540625 0.19375 0.609375 0.0984375 0.609375
2 0.31875 0.8296875 0.3875 0.8296875 0.3875 0.93125 0.31875 0.93125
2 0.3328125 0.465625 0.3984375 0.465625 0.3984375 0.5328125 0.3328125 0.5328125
2 0.515625 0.3796875 0.5875 0.3796875 0.5875 0.4453125 0.515625 0.4453125
5 0.0953125 0.35625 0.1859375 0.35625 0.1859375 0.425 0.0953125 0.425
5 0.321875 0.3796875 0.3875 0.3796875 0.3875 0.446875 0.321875 0.446875
5 0.6890625 0.48125 0.7703125 0.48125 0.7703125 0.540625 0.6890625 0.540625
5 0.778125 0.4625 0.86875 0.4625 0.86875 0.525 0.778125 0.525
5 0.596875 0.1921875 0.671875 0.1921875 0.671875 0.2734375 0.596875 0.2734375
5 0.678125 0.190625 0.7578125 0.190625 0.7578125 0.2734375 0.678125 0.2734375
8 0.1078125 0.259375 0.2015625 0.259375 0.2015625 0.3328125 0.1078125 0.3328125
8 0.2234375 0.1890625 0.3046875 0.1890625 0.3046875 0.2671875 0.2234375 0.2671875
8 0.315625 0.6578125 0.390625 0.6578125 0.390625 0.728125 0.315625 0.728125
8 0.328125 0.565625 0.3984375 0.565625 0.3984375 0.63125 0.328125 0.63125
8 0.6796875 0.828125 0.76875 0.828125 0.76875 0.91875 0.6796875 0.91875
8 0.778125 0.8296875 0.8734375 0.8296875 0.8734375 0.9234375 0.778125 0.9234375
10 0.1125 0.1515625 0.2171875 0.1515625 0.2171875 0.2609375 0.1125 0.2609375
10 0.5125 0.475 0.5875 0.475 0.5875 0.546875 0.5125 0.546875
10 0.50625 0.8265625 0.584375 0.8265625 0.584375 0.9453125 0.50625 0.9453125
9 0.6171875 0.83125 0.6734375 0.83125 0.6734375 0.9 0.6171875 0.9
3 0.69375 0.7265625 0.753125 0.7265625 0.753125 0.7875 0.69375 0.7875
3 0.415625 0.553125 0.465625 0.553125 0.465625 0.60625 0.415625 0.60625
11 0.5015625 0.646875 0.5671875 0.646875 0.5671875 0.7203125 0.5015625 0.7203125
11 0.503125 0.559375 0.56875 0.559375 0.56875 0.621875 0.503125 0.621875
11 0.5828125 0.4703125 0.653125 0.4703125 0.653125 0.53125 0.5828125 0.53125
11 0.5140625 0.184375 0.5796875 0.184375 0.5796875 0.26875 0.5140625 0.26875
7 0.4171875 0.4640625 0.4875 0.4640625 0.4875 0.5375 0.4171875 0.5375
7 0.409375 0.146875 0.484375 0.146875 0.484375 0.25625 0.409375 0.25625
7 0.5875 0.55625 0.6765625 0.55625 0.6765625 0.63125 0.5875 0.63125
1 0.7734375 0.5453125 0.890625 0.5453125 0.890625 0.61875 0.7734375 0.61875
1 0.7609375 0.26875 0.8765625 0.26875 0.8765625 0.359375 0.7609375 0.359375
1 0.5890625 0.3625 0.6796875 0.3625 0.6796875 0.440625 0.5890625 0.440625