5 0.25625 0.6015625 0.334375 0.6015625 0.334375 0.7140625 0.25625 0.7140625
5 0.3421875 0.4859375 0.415625 0.4859375 0.415625 0.5765625 0.3421875 0.5765625
5 0.4359375 0.6015625 0.5109375 0.6015625 0.5109375 0.7140625 0.4359375 0.7140625
5 0.5109375 0.7265625 0.575 0.7265625 0.575 0.8390625 0.5109375 0.8390625
5 0.5234375 0.615625 0.5875 0.615625 0.5875 0.71875 0.5234375 0.71875
5 0.5109375 0.503125 0.5703125 0.503125 0.5703125 0.5875 0.5109375 0.5875
5 0.4140625 0.39375 0.484375 0.39375 0.484375 0.48125 0.4140625 0.48125
5 0.5109375 0.384375 0.5703125 0.384375 0.5703125 0.471875 0.5109375 0.471875
5 0.3171875 0.25625 0.4015625 0.25625 0.4015625 0.3546875 0.3171875 0.3546875
5 0.4171875 0.153125 0.4859375 0.153125 0.4859375 0.2625 0.4171875 0.2625
5 0.5265625 0.146875 0.590625 0.146875 0.590625 0.2671875 0.5265625 0.2671875
11 0.1578125 0.6078125 0.24375 0.6078125 0.24375 0.7140625 0.1578125 0.7140625
11 0.1484375 0.01875 0.25 0.01875 0.25 0.14375 0.1484375 0.14375
11 0.3484375 0.8171875 0.415625 0.8171875 0.415625 0.9515625 0.3484375 0.9515625
11 0.4296875 0.8171875 0.5 0.8171875 0.5 0.959375 0.4296875 0.959375
11 0.6890625 0.7171875 0.7703125 0.7171875 0.7703125 0.825 0.6890625 0.825
11 0.759375 0.8203125 0.8515625 0.8203125 0.8515625 0.9421875 0.759375 0.9421875
11 0.778125 0.7203125 0.865625 0.7203125 0.865625 0.8359375 0.778125 0.8359375
11 0.678125 0.490625 0.7671875 0.490625 0.7671875 0.590625 0.678125 0.590625
11 0.765625 0.3828125 0.8625 0.3828125 0.8625 0.475 0.765625 0.475
11 0.675 0.253125 0.7625 0.253125 0.7625 0.359375 0.675 0.359375
11 0.7734375 0.25625 0.86875 0.25625 0.86875 0.36875 0.7734375 0.36875