11 0.5875 0.4828125 0.6484375 0.4828125 0.6484375 0.5484375 0.5875 0.5484375
11 0.4125 0.471875 0.48125 0.471875 0.48125 0.534375 0.4125 0.534375
11 0.33125 0.3015625 0.40625 0.3015625 0.40625 0.371875 0.33125 0.371875
11 0.5984375 0.2875 0.6640625 0.2875 0.6640625 0.36875 0.5984375 0.36875
10 0.603125 0.665625 0.6828125 0.665625 0.6828125 0.7609375 0.603125 0.7609375
10 0.49375 0.65 0.571875 0.65 0.571875 0.74375 0.49375 0.74375
10 0.7875 0.6625 0.9015625 0.6625 0.9015625 0.7625 0.7875 0.7625
9 0.334375 0.203125 0.39375 0.203125 0.39375 0.2671875 0.334375 0.2671875
9 0.2546875 0.23125 0.3140625 0.23125 0.3140625 0.2984375 0.2546875 0.2984375
9 0.428125 0.6578125 0.4875 0.6578125 0.4875 0.721875 0.428125 0.721875
8 0.6890625 0.7453125 0.76875 0.7453125 0.76875 0.834375 0.6890625 0.834375
8 0.6796875 0.4765625 0.75 0.4765625 0.75 0.546875 0.6796875 0.546875
8 0.7890625 0.478125 0.8671875 0.478125 0.8671875 0.55625 0.7890625 0.55625
8 0.328125 0.3953125 0.39375 0.3953125 0.39375 0.465625 0.328125 0.465625
8 0.31875 0.5578125 0.4015625 0.5578125 0.4015625 0.628125 0.31875 0.628125
8 0.1296875 0.578125 0.2234375 0.578125 0.2234375 0.646875 0.1296875 0.646875
7 0.6875 0.565625 0.771875 0.565625 0.771875 0.653125 0.6875 0.653125
7 0.7765625 0.565625 0.8828125 0.565625 0.8828125 0.653125 0.7765625 0.653125
7 0.196875 0.740625 0.30625 0.740625 0.30625 0.853125 0.196875 0.853125
6 0.225 0.575 0.2984375 0.575 0.2984375 0.6390625 0.225 0.6390625
6 0.121875 0.4828125 0.2125 0.4828125 0.2125 0.553125 0.121875 0.553125
6 0.1171875 0.6671875 0.2078125 0.6671875 0.2078125 0.7390625 0.1171875 0.7390625
6 0.125 0.7453125 0.20625 0.7453125 0.20625 0.8234375 0.125 0.8234375
6 0.7890625 0.765625 0.8765625 0.765625 0.8765625 0.8453125 0.7890625 0.8453125
6 0.3109375 0.48125 0.390625 0.48125 0.390625 0.546875 0.3109375 0.546875
5 0.603125 0.7390625 0.6671875 0.7390625 0.6671875 0.8234375 0.603125 0.8234375
5 0.78125 0.39375 0.8625 0.39375 0.8625 0.4640625 0.78125 0.4640625
5 0.7859375 0.296875 0.871875 0.296875 0.871875 0.365625 0.7859375 0.365625
5 0.4953125 0.4953125 0.55625 0.4953125 0.55625 0.5546875 0.4953125 0.5546875
5 0.23125 0.3984375 0.315625 0.3984375 0.315625 0.4640625 0.23125 0.4640625
5 0.3234375 0.75 0.4015625 0.75 0.4015625 0.8390625 0.3234375 0.8390625
4 0.1171875 0.396875 0.2265625 0.396875 0.2265625 0.471875 0.1171875 0.471875
4 0.5078125 0.38125 0.578125 0.38125 0.578125 0.459375 0.5078125 0.459375
4 0.41875 0.3859375 0.49375 0.3859375 0.49375 0.4609375 0.41875 0.4609375
3 0.696875 0.6703125 0.75625 0.6703125 0.75625 0.728125 0.696875 0.728125
3 0.2296875 0.3015625 0.2953125 0.3015625 0.2953125 0.365625 0.2296875 0.365625
3 0.146875 0.3046875 0.221875 0.3046875 0.221875 0.375 0.146875 0.375
2 0.6015625 0.5671875 0.6765625 0.5671875 0.6765625 0.63125 0.6015625 0.63125
2 0.4953125 0.759375 0.5609375 0.759375 0.5609375 0.8484375 0.4953125 0.8484375
2 0.2296875 0.471875 0.309375 0.471875 0.309375 0.534375 0.2296875 0.534375
2 0.4109375 0.5578125 0.4796875 0.5578125 0.4796875 0.6265625 0.4109375 0.6265625
1 0.40625 0.75 0.4859375 0.75 0.4859375 0.86875 0.40625 0.86875
1 0.5984375 0.3765625 0.6734375 0.3765625 0.6734375 0.4578125 0.5984375 0.4578125
1 0.490625 0.5609375 0.565625 0.5609375 0.565625 0.6421875 0.490625 0.6421875
0 0.3328125 0.65 0.4015625 0.65 0.4015625 0.721875 0.3328125 0.721875
0 0.209375 0.659375 0.2984375 0.659375 0.2984375 0.7375 0.209375 0.7375
0 0.5109375 0.2953125 0.58125 0.2953125 0.58125 0.3671875 0.5109375 0.3671875
0 0.4265625 0.309375 0.490625 0.309375 0.490625 0.3796875 0.4265625 0.3796875
0 0.6859375 0.3671875 0.7625 0.3671875 0.7625 0.4421875 0.6859375 0.4421875