11 0.3078125 0.3703125 0.3859375 0.3703125 0.3859375 0.4328125 0.3078125 0.4328125
11 0.3203125 0.3046875 0.403125 0.3046875 0.403125 0.3703125 0.3203125 0.3703125
11 0.684375 0.45 0.775 0.45 0.775 0.5046875 0.684375 0.5046875
11 0.409375 0.4390625 0.503125 0.4390625 0.503125 0.5046875 0.409375 0.5046875
9 0.3484375 0.6390625 0.4078125 0.6390625 0.4078125 0.6984375 0.3484375 0.6984375
9 0.496875 0.6671875 0.58125 0.6671875 0.58125 0.7171875 0.496875 0.7171875
9 0.4171875 0.5796875 0.4921875 0.5796875 0.4921875 0.6390625 0.4171875 0.6390625
9 0.590625 0.371875 0.671875 0.371875 0.671875 0.421875 0.590625 0.421875
9 0.5921875 0.3140625 0.678125 0.3140625 0.678125 0.3671875 0.5921875 0.3671875
9 0.6046875 0.2390625 0.6828125 0.2390625 0.6828125 0.3015625 0.6046875 0.3015625
9 0.409375 0.2453125 0.503125 0.2453125 0.503125 0.309375 0.409375 0.309375
9 0.221875 0.25 0.321875 0.25 0.321875 0.309375 0.221875 0.309375
9 0.2375 0.3078125 0.31875 0.3078125 0.31875 0.3703125 0.2375 0.3703125
9 0.4109375 0.303125 0.48125 0.303125 0.48125 0.371875 0.4109375 0.371875
8 0.215625 0.5046875 0.309375 0.5046875 0.309375 0.5734375 0.215625 0.5734375
8 0.403125 0.5109375 0.4953125 0.5109375 0.4953125 0.5703125 0.403125 0.5703125
8 0.1171875 0.4375 0.2265625 0.4375 0.2265625 0.503125 0.1171875 0.503125
8 0.6828125 0.3734375 0.7640625 0.3734375 0.7640625 0.4390625 0.6828125 0.4390625
7 0.0765625 0.703125 0.2046875 0.703125 0.2046875 0.796875 0.0765625 0.796875
6 0.7734375 0.378125 0.8640625 0.378125 0.8640625 0.4375 0.7734375 0.4375
6 0.503125 0.3671875 0.571875 0.3671875 0.571875 0.4265625 0.503125 0.4265625
6 0.1296875 0.3671875 0.2171875 0.3671875 0.2171875 0.4328125 0.1296875 0.4328125
6 0.4078125 0.365625 0.48125 0.365625 0.48125 0.4359375 0.4078125 0.4359375
6 0.2125 0.4421875 0.3 0.4421875 0.3 0.4953125 0.2125 0.4953125
5 0.3078125 0.496875 0.4015625 0.496875 0.4015625 0.5671875 0.3078125 0.5671875
5 0.5828125 0.64375 0.678125 0.64375 0.678125 0.70625 0.5828125 0.70625
3 0.496875 0.5234375 0.5609375 0.5234375 0.5609375 0.571875 0.496875 0.571875
3 0.6015625 0.51875 0.671875 0.51875 0.671875 0.565625 0.6015625 0.565625
3 0.509375 0.446875 0.5765625 0.446875 0.5765625 0.5 0.509375 0.5
3 0.3328125 0.4453125 0.396875 0.4453125 0.396875 0.4890625 0.3328125 0.4890625
3 0.6796875 0.3015625 0.7578125 0.3015625 0.7578125 0.3546875 0.6796875 0.3546875
3 0.15 0.234375 0.234375 0.234375 0.234375 0.3015625 0.15 0.3015625
3 0.684375 0.2390625 0.75 0.2390625 0.75 0.2984375 0.684375 0.2984375
2 0.49375 0.23125 0.575 0.23125 0.575 0.30625 0.49375 0.30625
2 0.7828125 0.2265625 0.8734375 0.2265625 0.8734375 0.3109375 0.7828125 0.3109375
2 0.4984375 0.309375 0.5796875 0.309375 0.5796875 0.36875 0.4984375 0.36875
0 0.3140625 0.225 0.3984375 0.225 0.3984375 0.303125 0.3140625 0.303125
0 0.11875 0.2953125 0.2125 0.2953125 0.2125 0.3640625 0.11875 0.3640625
0 0.221875 0.3671875 0.2953125 0.3671875 0.2953125 0.4296875 0.221875 0.4296875
0 0.5859375 0.440625 0.6671875 0.440625 0.6671875 0.5 0.5859375 0.5
0 0.2109375 0.5734375 0.3046875 0.5734375 0.3046875 0.634375 0.2109375 0.634375
0 0.3078125 0.5734375 0.3890625 0.5734375 0.3890625 0.6375 0.3078125 0.6375
0 0.7765625 0.728125 0.884375 0.728125 0.884375 0.80625 0.7765625 0.80625