4 0.171875 0.7578125 0.296875 0.7578125 0.296875 0.9390625 0.171875 0.9390625
4 0.1890625 0.234375 0.3078125 0.234375 0.3078125 0.471875 0.1890625 0.471875
4 0.321875 0.009375 0.4234375 0.009375 0.4234375 0.2453125 0.321875 0.2453125
10 0.45 0.503125 0.528125 0.503125 0.528125 0.6875 0.45 0.6875
10 0.540625 0.7375 0.64375 0.7375 0.64375 0.90625 0.540625 0.90625
10 0.559375 0.471875 0.6625 0.471875 0.6625 0.68125 0.559375 0.68125
7 0.3484375 0.75 0.4421875 0.75 0.4421875 0.946875 0.3484375 0.946875
7 0.3375 0.5296875 0.4265625 0.5296875 0.4265625 0.7171875 0.3375 0.7171875
7 0.3375 0.234375 0.4203125 0.234375 0.4203125 0.471875 0.3375 0.471875
1 0.196875 0.496875 0.325 0.496875 0.325 0.709375 0.196875 0.709375
1 0.453125 0.2375 0.5375 0.2375 0.5375 0.459375 0.453125 0.459375
1 0.5453125 0.225 0.6515625 0.225 0.6515625 0.45 0.5453125 0.45