5 0.55 0.3109375 0.603125 0.3109375 0.603125 0.390625 0.55 0.390625
5 0.3984375 0.5234375 0.459375 0.5234375 0.459375 0.6078125 0.3984375 0.6078125
4 0.315625 0.8015625 0.4 0.8015625 0.4 0.9390625 0.315625 0.9390625
3 0.184375 0.4359375 0.253125 0.4359375 0.253125 0.4984375 0.184375 0.4984375
3 0.24375 0.2203125 0.3046875 0.2203125 0.3046875 0.3078125 0.24375 0.3078125
3 0.4765625 0.221875 0.5359375 0.221875 0.5359375 0.296875 0.4765625 0.296875
3 0.6375 0.7125 0.6921875 0.7125 0.6921875 0.7953125 0.6375 0.7953125
3 0.621875 0.4203125 0.6828125 0.4203125 0.6828125 0.4953125 0.621875 0.4953125
3 0.5421875 0.515625 0.6015625 0.515625 0.6015625 0.5859375 0.5421875 0.5859375
3 0.409375 0.4296875 0.45625 0.4296875 0.45625 0.4953125 0.409375 0.4953125
2 0.24375 0.5125 0.315625 0.5125 0.315625 0.6 0.24375 0.6
2 0.4890625 0.615625 0.55 0.615625 0.55 0.709375 0.4890625 0.709375
2 0.5484375 0.08125 0.6140625 0.08125 0.6140625 0.1921875 0.5484375 0.1921875
2 0.1671875 0.821875 0.25625 0.821875 0.25625 0.925 0.1671875 0.925
1 0.621875 0.8 0.7 0.8 0.7 0.934375 0.621875 0.934375
1 0.3765625 0.0640625 0.4484375 0.0640625 0.4484375 0.2015625 0.3765625 0.2015625
1 0.69375 0.16875 0.79375 0.16875 0.79375 0.290625 0.69375 0.290625
1 0.4734375 0.8 0.534375 0.8 0.534375 0.9375 0.4734375 0.9375
0 0.240625 0.70625 0.309375 0.70625 0.309375 0.8140625 0.240625 0.8140625
0 0.321875 0.20625 0.384375 0.20625 0.384375 0.3 0.321875 0.3