10 0.49375 0.2328125 0.5453125 0.2328125 0.5453125 0.315625 0.49375 0.315625
10 0.5671875 0.2203125 0.6203125 0.2203125 0.6203125 0.3078125 0.5671875 0.3078125
10 0.425 0.228125 0.478125 0.228125 0.478125 0.315625 0.425 0.315625
10 0.559375 0.81875 0.615625 0.81875 0.615625 0.9265625 0.559375 0.9265625
10 0.3 0.740625 0.365625 0.740625 0.365625 0.834375 0.3 0.834375
10 0.15625 0.8265625 0.2390625 0.8265625 0.2390625 0.9328125 0.15625 0.9328125
10 0.4359375 0.821875 0.4875 0.821875 0.4875 0.9375 0.4359375 0.9375
9 0.3765625 0.340625 0.4203125 0.340625 0.4203125 0.3984375 0.3765625 0.3984375
9 0.565625 0.334375 0.609375 0.334375 0.609375 0.3890625 0.565625 0.3890625
9 0.6296875 0.24375 0.6703125 0.24375 0.6703125 0.296875 0.6296875 0.296875
9 0.31875 0.428125 0.3625 0.428125 0.3625 0.484375 0.31875 0.484375
9 0.2515625 0.509375 0.3 0.509375 0.3 0.5578125 0.2515625 0.5578125
9 0.3125 0.590625 0.3609375 0.590625 0.3609375 0.6453125 0.3125 0.6453125
9 0.565625 0.5828125 0.609375 0.5828125 0.609375 0.6390625 0.565625 0.6390625
9 0.5625 0.503125 0.60625 0.503125 0.60625 0.55625 0.5625 0.55625
9 0.5609375 0.4078125 0.6046875 0.4078125 0.6046875 0.4640625 0.5609375 0.4640625
9 0.2546875 0.671875 0.3 0.671875 0.3 0.73125 0.2546875 0.73125
9 0.634375 0.7359375 0.6796875 0.7359375 0.6796875 0.8015625 0.634375 0.8015625
7 0.2125 0.3328125 0.2953125 0.3328125 0.2953125 0.4078125 0.2125 0.4078125
7 0.371875 0.65625 0.4328125 0.65625 0.4328125 0.740625 0.371875 0.740625
7 0.621875 0.5015625 0.6875 0.5015625 0.6875 0.5765625 0.621875 0.5765625
7 0.6203125 0.409375 0.6859375 0.409375 0.6859375 0.48125 0.6203125 0.48125
7 0.29375 0.2359375 0.3609375 0.2359375 0.3609375 0.3203125 0.29375 0.3203125
6 0.640625 0.825 0.69375 0.825 0.69375 0.9078125 0.640625 0.9078125
6 0.6265625 0.6515625 0.6796875 0.6515625 0.6796875 0.71875 0.6265625 0.71875
6 0.2953125 0.340625 0.3484375 0.340625 0.3484375 0.403125 0.2953125 0.403125
6 0.621875 0.3328125 0.675 0.3328125 0.675 0.39375 0.621875 0.39375
4 0.23125 0.821875 0.3015625 0.821875 0.3015625 0.928125 0.23125 0.928125
4 0.303125 0.8265625 0.3609375 0.8265625 0.3609375 0.9328125 0.303125 0.9328125
4 0.4984375 0.821875 0.546875 0.821875 0.546875 0.9328125 0.4984375 0.9328125
4 0.440625 0.571875 0.4890625 0.571875 0.4890625 0.646875 0.440625 0.646875
1 0.36875 0.828125 0.4265625 0.828125 0.4265625 0.934375 0.36875 0.934375