5 0.69375 0.809375 0.796875 0.809375 0.796875 0.9015625 0.69375 0.9015625
5 0.2796875 0.8171875 0.3765625 0.8171875 0.3765625 0.9015625 0.2796875 0.9015625
5 0.1671875 0.8078125 0.265625 0.8078125 0.265625 0.90625 0.1671875 0.90625
5 0.80625 0.7296875 0.925 0.7296875 0.925 0.809375 0.80625 0.809375
5 0.80625 0.6578125 0.925 0.6578125 0.925 0.721875 0.80625 0.721875
5 0.7921875 0.5703125 0.9140625 0.5703125 0.9140625 0.6359375 0.7921875 0.6359375
5 0.7875 0.3546875 0.909375 0.3546875 0.909375 0.41875 0.7875 0.41875
5 0.6953125 0.35625 0.78125 0.35625 0.78125 0.425 0.6953125 0.425
5 0.784375 0.2671875 0.89375 0.2671875 0.89375 0.34375 0.784375 0.34375
5 0.3125 0.2546875 0.4015625 0.2546875 0.4015625 0.34375 0.3125 0.34375
5 0.0765625 0.421875 0.190625 0.421875 0.190625 0.49375 0.0765625 0.49375
11 0.8125 0.815625 0.9328125 0.815625 0.9328125 0.9 0.8125 0.9
11 0.178125 0.653125 0.2765625 0.653125 0.2765625 0.715625 0.178125 0.715625
11 0.059375 0.646875 0.1671875 0.646875 0.1671875 0.7109375 0.059375 0.7109375
11 0.071875 0.5734375 0.18125 0.5734375 0.18125 0.6328125 0.071875 0.6328125
11 0.190625 0.496875 0.28125 0.496875 0.28125 0.565625 0.190625 0.565625
11 0.803125 0.428125 0.9125 0.428125 0.9125 0.4921875 0.803125 0.4921875
11 0.6 0.2765625 0.678125 0.2765625 0.678125 0.3515625 0.6 0.3515625
11 0.503125 0.26875 0.58125 0.26875 0.58125 0.3515625 0.503125 0.3515625
11 0.196875 0.353125 0.290625 0.353125 0.290625 0.425 0.196875 0.425
11 0.078125 0.346875 0.190625 0.346875 0.190625 0.4203125 0.078125 0.4203125
11 0.10625 0.278125 0.221875 0.278125 0.221875 0.3515625 0.10625 0.3515625