3 0.728125 0.371875 0.8125 0.371875 0.8125 0.4328125 0.728125 0.4328125
3 0.7296875 0.54375 0.815625 0.54375 0.815625 0.596875 0.7296875 0.596875
3 0.5921875 0.753125 0.6765625 0.753125 0.6765625 0.83125 0.5921875 0.83125
3 0.425 0.446875 0.503125 0.446875 0.503125 0.5078125 0.425 0.5078125
3 0.2390625 0.44375 0.31875 0.44375 0.31875 0.5109375 0.2390625 0.5109375
3 0.215625 0.596875 0.3078125 0.596875 0.3078125 0.6625 0.215625 0.6625
3 0.2109375 0.7484375 0.296875 0.7484375 0.296875 0.8140625 0.2109375 0.8140625
1 0.825 0.603125 0.96875 0.603125 0.96875 0.6828125 0.825 0.6828125
1 0.196875 0.2765625 0.3125 0.2765625 0.3125 0.3625 0.196875 0.3625
1 0.0703125 0.5875 0.203125 0.5875 0.203125 0.6703125 0.0703125 0.6703125
1 0.7171875 0.4515625 0.8421875 0.4515625 0.8421875 0.5203125 0.7171875 0.5203125
2 0.834375 0.371875 0.9421875 0.371875 0.9421875 0.440625 0.834375 0.440625
2 0.825 0.2234375 0.94375 0.2234375 0.94375 0.2953125 0.825 0.2953125
2 0.0875 0.6703125 0.2109375 0.6703125 0.2109375 0.7328125 0.0875 0.7328125
2 0.6125 0.59375 0.7125 0.59375 0.7125 0.66875 0.6125 0.66875
5 0.103125 0.18125 0.21875 0.18125 0.21875 0.2703125 0.103125 0.2703125
5 0.80625 0.75625 0.915625 0.75625 0.915625 0.8375 0.80625 0.8375
4 0.078125 0.4453125 0.215625 0.4453125 0.215625 0.5171875 0.078125 0.5171875
0 0.71875 0.6828125 0.8125 0.6828125 0.8125 0.7578125 0.71875 0.7578125
0 0.325 0.1984375 0.41875 0.1984375 0.41875 0.2734375 0.325 0.2734375