10 0.18125 0.803125 0.290625 0.803125 0.290625 0.909375 0.18125 0.909375
10 0.2734375 0.4546875 0.371875 0.4546875 0.371875 0.534375 0.2734375 0.534375
10 0.2640625 0.265625 0.3796875 0.265625 0.3796875 0.359375 0.2640625 0.359375
10 0.1796875 0.4421875 0.2875 0.4421875 0.2875 0.534375 0.1796875 0.534375
10 0.365625 0.53125 0.45625 0.53125 0.45625 0.615625 0.365625 0.615625
10 0.6375 0.346875 0.7296875 0.346875 0.7296875 0.45 0.6375 0.45
10 0.653125 0.2484375 0.7296875 0.2484375 0.7296875 0.3484375 0.653125 0.3484375
10 0.559375 0.3453125 0.634375 0.3453125 0.634375 0.4421875 0.559375 0.4421875
10 0.365625 0.709375 0.4546875 0.709375 0.4546875 0.81875 0.365625 0.81875
7 0.4609375 0.7875 0.5546875 0.7875 0.5546875 0.9171875 0.4609375 0.9171875
7 0.5546875 0.709375 0.6421875 0.709375 0.6421875 0.815625 0.5546875 0.815625
7 0.465625 0.5296875 0.546875 0.5296875 0.546875 0.6140625 0.465625 0.6140625
7 0.371875 0.44375 0.465625 0.44375 0.465625 0.53125 0.371875 0.53125
7 0.26875 0.15625 0.3734375 0.15625 0.3734375 0.2609375 0.26875 0.2609375
7 0.55 0.4359375 0.640625 0.4359375 0.640625 0.53125 0.55 0.53125
7 0.2703125 0.6171875 0.3765625 0.6171875 0.3765625 0.7109375 0.2703125 0.7109375
7 0.3703125 0.625 0.4546875 0.625 0.4546875 0.7109375 0.3703125 0.7109375
4 0.26875 0.784375 0.375 0.784375 0.375 0.90625 0.26875 0.90625
4 0.64375 0.6140625 0.734375 0.6140625 0.734375 0.7140625 0.64375 0.7140625
4 0.471875 0.625 0.5625 0.625 0.5625 0.7125 0.471875 0.7125
4 0.371875 0.353125 0.465625 0.353125 0.465625 0.4375 0.371875 0.4375
4 0.275 0.5296875 0.371875 0.5296875 0.371875 0.6140625 0.275 0.6140625
4 0.1703125 0.525 0.284375 0.525 0.284375 0.615625 0.1703125 0.615625
1 0.734375 0.1171875 0.840625 0.1171875 0.840625 0.2515625 0.734375 0.2515625
1 0.3640625 0.1578125 0.4640625 0.1578125 0.4640625 0.2671875 0.3640625 0.2671875
1 0.4640625 0.25625 0.5421875 0.25625 0.5421875 0.3421875 0.4640625 0.3421875
1 0.5546875 0.5375 0.6296875 0.5375 0.6296875 0.60625 0.5546875 0.60625
1 0.7296875 0.7234375 0.83125 0.7234375 0.83125 0.8265625 0.7296875 0.8265625
1 0.5546875 0.7984375 0.634375 0.7984375 0.634375 0.915625 0.5546875 0.915625
1 0.746875 0.5234375 0.846875 0.5234375 0.846875 0.603125 0.746875 0.603125
1 0.4671875 0.4421875 0.5453125 0.4421875 0.5453125 0.53125 0.4671875 0.53125