5 0.184375 0.14375 0.25 0.14375 0.25 0.228125 0.184375 0.228125
5 0.665625 0.115625 0.7375 0.115625 0.7375 0.2 0.665625 0.2
3 0.203125 0.2625 0.25625 0.2625 0.25625 0.334375 0.203125 0.334375
3 0.265625 0.2515625 0.315625 0.2515625 0.315625 0.3265625 0.265625 0.3265625
3 0.334375 0.24375 0.3875 0.24375 0.3875 0.328125 0.334375 0.328125
3 0.4015625 0.240625 0.45 0.240625 0.45 0.33125 0.4015625 0.33125
3 0.53125 0.240625 0.58125 0.240625 0.58125 0.315625 0.53125 0.315625
3 0.596875 0.228125 0.65 0.228125 0.65 0.3125 0.596875 0.3125
3 0.6875 0.215625 0.7328125 0.215625 0.7328125 0.2921875 0.6875 0.2921875
2 0.325 0.140625 0.3875 0.140625 0.3875 0.2375 0.325 0.2375
2 0.53125 0.115625 0.584375 0.115625 0.584375 0.225 0.53125 0.225
2 0.459375 0.128125 0.5125 0.128125 0.5125 0.228125 0.459375 0.228125
0 0.253125 0.153125 0.31875 0.153125 0.31875 0.234375 0.253125 0.234375
0 0.3953125 0.1328125 0.4484375 0.1328125 0.4484375 0.228125 0.3953125 0.228125
0 0.6015625 0.1203125 0.6546875 0.1203125 0.6546875 0.21875 0.6015625 0.21875
0 0.4546875 0.2359375 0.5078125 0.2359375 0.5078125 0.31875 0.4546875 0.31875
0 0.53125 0.3265625 0.584375 0.3265625 0.584375 0.4109375 0.53125 0.4109375
0 0.596875 0.328125 0.653125 0.328125 0.653125 0.4078125 0.596875 0.4078125
0 0.6703125 0.3125 0.7234375 0.3125 0.7234375 0.4015625 0.6703125 0.4015625
9 0.2046875 0.509375 0.25625 0.509375 0.25625 0.584375 0.2046875 0.584375
9 0.6046875 0.60625 0.6578125 0.60625 0.6578125 0.6890625 0.6046875 0.6890625
9 0.66875 0.69375 0.71875 0.69375 0.71875 0.775 0.66875 0.775
9 0.6046875 0.70625 0.6484375 0.70625 0.6484375 0.771875 0.6046875 0.771875
9 0.5265625 0.690625 0.5703125 0.690625 0.5703125 0.76875 0.5265625 0.76875
9 0.4625 0.7015625 0.50625 0.7015625 0.50625 0.7640625 0.4625 0.7640625
9 0.4015625 0.6953125 0.4453125 0.6953125 0.4453125 0.765625 0.4015625 0.765625
9 0.3296875 0.6921875 0.3828125 0.6921875 0.3828125 0.7546875 0.3296875 0.7546875
9 0.2625 0.6859375 0.31875 0.6859375 0.31875 0.7515625 0.2625 0.7515625
9 0.209375 0.6828125 0.2625 0.6828125 0.2625 0.7484375 0.209375 0.7484375
9 0.26875 0.609375 0.3203125 0.609375 0.3203125 0.66875 0.26875 0.66875
7 0.384375 0.784375 0.45 0.784375 0.45 0.88125 0.384375 0.88125
8 0.190625 0.59375 0.25625 0.59375 0.25625 0.665625 0.190625 0.665625
8 0.515625 0.790625 0.575 0.790625 0.575 0.9 0.515625 0.9
8 0.66875 0.6015625 0.740625 0.6015625 0.740625 0.6765625 0.66875 0.6765625
8 0.31875 0.76875 0.371875 0.76875 0.371875 0.878125 0.31875 0.878125
11 0.259375 0.509375 0.315625 0.509375 0.315625 0.5796875 0.259375 0.5796875
11 0.321875 0.5984375 0.384375 0.5984375 0.384375 0.659375 0.321875 0.659375
11 0.678125 0.80625 0.746875 0.80625 0.746875 0.9203125 0.678125 0.9203125
6 0.3203125 0.509375 0.3953125 0.509375 0.3953125 0.58125 0.3203125 0.58125
6 0.39375 0.5984375 0.453125 0.5984375 0.453125 0.678125 0.39375 0.678125
6 0.5296875 0.5984375 0.5875 0.5984375 0.5875 0.6828125 0.5296875 0.6828125
6 0.253125 0.7703125 0.3140625 0.7703125 0.3140625 0.8359375 0.253125 0.8359375
6 0.603125 0.796875 0.65625 0.796875 0.65625 0.8875 0.603125 0.8875
11 0.184375 0.784375 0.25 0.784375 0.25 0.875 0.184375 0.875