10 0.71875 0.6390625 0.8171875 0.6390625 0.8171875 0.721875 0.71875 0.721875
10 0.4140625 0.621875 0.5015625 0.621875 0.5015625 0.7140625 0.4140625 0.7140625
10 0.3078125 0.625 0.4046875 0.625 0.4046875 0.7109375 0.3078125 0.7109375
10 0.1859375 0.625 0.3015625 0.625 0.3015625 0.7140625 0.1859375 0.7140625
10 0.0859375 0.6203125 0.2109375 0.6203125 0.2109375 0.7078125 0.0859375 0.7078125
10 0.0828125 0.6984375 0.2046875 0.6984375 0.2046875 0.784375 0.0828125 0.784375
10 0.2015625 0.7 0.3140625 0.7 0.3140625 0.8 0.2015625 0.8
4 0.4125 0.1421875 0.5046875 0.1421875 0.5046875 0.246875 0.4125 0.246875
4 0.521875 0.1421875 0.6078125 0.1421875 0.6078125 0.25 0.521875 0.25
4 0.6265625 0.140625 0.7171875 0.140625 0.7171875 0.2421875 0.6265625 0.2421875
4 0.725 0.14375 0.8359375 0.14375 0.8359375 0.246875 0.725 0.246875
4 0.83125 0.140625 0.95625 0.140625 0.95625 0.2421875 0.83125 0.2421875
6 0.51875 0.634375 0.5953125 0.634375 0.5953125 0.7140625 0.51875 0.7140625
6 0.615625 0.63125 0.6953125 0.63125 0.6953125 0.7078125 0.615625 0.7078125
6 0.81875 0.6359375 0.9109375 0.6359375 0.9109375 0.7015625 0.81875 0.7015625
6 0.3203125 0.7078125 0.4046875 0.7078125 0.4046875 0.784375 0.3203125 0.784375
7 0.4125 0.6984375 0.50625 0.6984375 0.50625 0.796875 0.4125 0.796875
7 0.5140625 0.7046875 0.596875 0.7046875 0.596875 0.803125 0.5140625 0.803125
7 0.615625 0.7109375 0.709375 0.7109375 0.709375 0.8046875 0.615625 0.8046875
7 0.715625 0.709375 0.83125 0.709375 0.83125 0.8125 0.715625 0.8125
7 0.83125 0.7078125 0.9546875 0.7078125 0.9546875 0.809375 0.83125 0.809375