11 0.4015625 0.440625 0.48125 0.440625 0.48125 0.5140625 0.4015625 0.5140625
11 0.6828125 0.4421875 0.7578125 0.4421875 0.7578125 0.5078125 0.6828125 0.5078125
11 0.3140625 0.315625 0.4078125 0.315625 0.4078125 0.3828125 0.3140625 0.3828125
11 0.30625 0.3765625 0.4046875 0.3765625 0.4046875 0.4453125 0.30625 0.4453125
9 0.11875 0.5875 0.2015625 0.5875 0.2015625 0.653125 0.11875 0.653125
9 0.3375 0.6515625 0.4046875 0.6515625 0.4046875 0.70625 0.3375 0.70625
9 0.5 0.65625 0.5765625 0.65625 0.5765625 0.71875 0.5 0.71875
9 0.409375 0.5828125 0.4890625 0.5828125 0.4890625 0.6390625 0.409375 0.6390625
9 0.590625 0.315625 0.646875 0.315625 0.646875 0.3734375 0.590625 0.3734375
9 0.5875 0.240625 0.653125 0.240625 0.653125 0.3078125 0.5875 0.3078125
9 0.5984375 0.375 0.6734375 0.375 0.6734375 0.446875 0.5984375 0.446875
9 0.3953125 0.246875 0.4765625 0.246875 0.4765625 0.3078125 0.3953125 0.3078125
9 0.2234375 0.246875 0.3046875 0.246875 0.3046875 0.3125 0.2234375 0.3125
9 0.23125 0.3203125 0.3265625 0.3203125 0.3265625 0.3734375 0.23125 0.3734375
9 0.4046875 0.3140625 0.4984375 0.3140625 0.4984375 0.3765625 0.4046875 0.3765625
8 0.2125 0.5140625 0.3140625 0.5140625 0.3140625 0.58125 0.2125 0.58125
8 0.39375 0.5125 0.490625 0.5125 0.490625 0.5625 0.39375 0.5625
8 0.1140625 0.4453125 0.2328125 0.4453125 0.2328125 0.503125 0.1140625 0.503125
8 0.6640625 0.375 0.759375 0.375 0.759375 0.446875 0.6640625 0.446875
7 0.075 0.7125 0.20625 0.7125 0.20625 0.8046875 0.075 0.8046875
6 0.20625 0.4390625 0.303125 0.4390625 0.303125 0.49375 0.20625 0.49375
6 0.13125 0.36875 0.2390625 0.36875 0.2390625 0.4390625 0.13125 0.4390625
6 0.4078125 0.3703125 0.4921875 0.3703125 0.4921875 0.4375 0.4078125 0.4375
6 0.49375 0.3703125 0.5640625 0.3703125 0.5640625 0.45 0.49375 0.45
6 0.7578125 0.371875 0.853125 0.371875 0.853125 0.4375 0.7578125 0.4375
5 0.58125 0.65 0.68125 0.65 0.68125 0.7125 0.58125 0.7125
5 0.30625 0.5109375 0.390625 0.5109375 0.390625 0.5703125 0.30625 0.5703125
3 0.321875 0.44375 0.4109375 0.44375 0.4109375 0.50625 0.321875 0.50625
3 0.484375 0.5171875 0.5703125 0.5171875 0.5703125 0.5734375 0.484375 0.5734375
3 0.490625 0.4421875 0.5796875 0.4421875 0.5796875 0.5078125 0.490625 0.5078125
3 0.575 0.503125 0.65625 0.503125 0.65625 0.5828125 0.575 0.5828125
3 0.675 0.309375 0.7546875 0.309375 0.7546875 0.375 0.675 0.375
3 0.6625 0.240625 0.7578125 0.240625 0.7578125 0.309375 0.6625 0.309375
3 0.1546875 0.234375 0.225 0.234375 0.225 0.315625 0.1546875 0.315625
2 0.7765625 0.2375 0.8625 0.2375 0.8625 0.3140625 0.7765625 0.3140625
2 0.4828125 0.240625 0.565625 0.240625 0.565625 0.3125 0.4828125 0.3125
2 0.496875 0.309375 0.584375 0.309375 0.584375 0.3765625 0.496875 0.3765625
0 0.2109375 0.5734375 0.3125 0.5734375 0.3125 0.6421875 0.2109375 0.6421875
0 0.309375 0.58125 0.38125 0.58125 0.38125 0.640625 0.309375 0.640625
0 0.1125 0.3 0.2171875 0.3 0.2171875 0.365625 0.1125 0.365625
0 0.321875 0.23125 0.3890625 0.23125 0.3890625 0.3109375 0.321875 0.3109375
0 0.7765625 0.728125 0.8875 0.728125 0.8875 0.8046875 0.7765625 0.8046875
0 0.5859375 0.45 0.6671875 0.45 0.6671875 0.5046875 0.5859375 0.5046875
0 0.215625 0.371875 0.2984375 0.371875 0.2984375 0.4296875 0.215625 0.4296875