3 0.453125 0.228125 0.503125 0.228125 0.503125 0.3046875 0.453125 0.3046875
3 0.51875 0.10625 0.575 0.10625 0.575 0.196875 0.51875 0.196875
3 0.6125 0.21875 0.66875 0.21875 0.66875 0.2984375 0.6125 0.2984375
3 0.6203125 0.44375 0.6734375 0.44375 0.6734375 0.5171875 0.6203125 0.5171875
3 0.534375 0.4296875 0.5890625 0.4296875 0.5890625 0.503125 0.534375 0.503125
3 0.4640625 0.428125 0.5109375 0.428125 0.5109375 0.4984375 0.4640625 0.4984375
3 0.54375 0.63125 0.5953125 0.63125 0.5953125 0.7109375 0.54375 0.7109375
3 0.5484375 0.5390625 0.5984375 0.5390625 0.5984375 0.609375 0.5484375 0.609375
3 0.6171875 0.6453125 0.6734375 0.6453125 0.6734375 0.721875 0.6171875 0.721875
3 0.471875 0.746875 0.5265625 0.746875 0.5265625 0.828125 0.471875 0.828125
3 0.303125 0.65625 0.35625 0.65625 0.35625 0.73125 0.303125 0.73125
3 0.3125 0.8453125 0.36875 0.8453125 0.36875 0.9296875 0.3125 0.9296875
3 0.228125 0.8515625 0.29375 0.8515625 0.29375 0.9421875 0.228125 0.9421875
3 0.6265625 0.84375 0.6859375 0.84375 0.6859375 0.9390625 0.6265625 0.9390625
3 0.4703125 0.53125 0.5171875 0.53125 0.5171875 0.60625 0.4703125 0.60625
2 0.28125 0.228125 0.359375 0.228125 0.359375 0.315625 0.28125 0.315625
2 0.68125 0.315625 0.76875 0.315625 0.76875 0.403125 0.68125 0.403125
2 0.696875 0.73125 0.7828125 0.73125 0.7828125 0.8265625 0.696875 0.8265625
2 0.5421875 0.7359375 0.6046875 0.7359375 0.6046875 0.8578125 0.5421875 0.8578125
5 0.29375 0.453125 0.359375 0.453125 0.359375 0.528125 0.29375 0.528125
5 0.6125 0.53125 0.678125 0.53125 0.678125 0.60625 0.6125 0.60625
8 0.6078125 0.309375 0.6765625 0.309375 0.6765625 0.4125 0.6078125 0.4125
8 0.378125 0.8375 0.44375 0.8375 0.44375 0.95625 0.378125 0.95625
4 0.5296875 0.325 0.5890625 0.325 0.5890625 0.4265625 0.5296875 0.4265625