11 0.5203125 0.475 0.5921875 0.475 0.5921875 0.5390625 0.5203125 0.5390625
11 0.2265625 0.4828125 0.309375 0.4828125 0.309375 0.540625 0.2265625 0.540625
11 0.625 0.5515625 0.7140625 0.5515625 0.7140625 0.609375 0.625 0.609375
11 0.6 0.615625 0.6953125 0.615625 0.6953125 0.6796875 0.6 0.6796875
9 0.5921875 0.2671875 0.6765625 0.2671875 0.6765625 0.334375 0.5921875 0.334375
9 0.4140625 0.2640625 0.496875 0.2640625 0.496875 0.3171875 0.4140625 0.3171875
9 0.509375 0.3484375 0.5875 0.3484375 0.5875 0.396875 0.509375 0.396875
9 0.3359375 0.5625 0.4015625 0.5625 0.4015625 0.6171875 0.3359375 0.6171875
9 0.3375 0.6296875 0.4125 0.6296875 0.4125 0.6828125 0.3375 0.6828125
9 0.3515625 0.69375 0.40625 0.69375 0.40625 0.75625 0.3515625 0.75625
9 0.5234375 0.6234375 0.6046875 0.6234375 0.6046875 0.6796875 0.5234375 0.6796875
9 0.5265625 0.6859375 0.60625 0.6859375 0.60625 0.7421875 0.5265625 0.7421875
9 0.70625 0.6796875 0.784375 0.6796875 0.784375 0.7359375 0.70625 0.7359375
9 0.703125 0.6234375 0.784375 0.6234375 0.784375 0.675 0.703125 0.675
9 0.8046875 0.3296875 0.9015625 0.3296875 0.9015625 0.3921875 0.8046875 0.3921875
8 0.8 0.4828125 0.903125 0.4828125 0.903125 0.5453125 0.8 0.5453125
8 0.5140625 0.4125 0.603125 0.4125 0.603125 0.4765625 0.5140625 0.4765625
8 0.2375 0.553125 0.325 0.553125 0.325 0.615625 0.2375 0.615625
8 0.7078125 0.403125 0.8046875 0.403125 0.8046875 0.471875 0.7078125 0.471875
7 0.7984375 0.171875 0.928125 0.171875 0.928125 0.26875 0.7984375 0.26875
6 0.7015625 0.48125 0.79375 0.48125 0.79375 0.540625 0.7015625 0.540625
6 0.784375 0.553125 0.89375 0.553125 0.89375 0.6125 0.784375 0.6125
6 0.53125 0.5484375 0.6078125 0.5484375 0.6078125 0.6171875 0.53125 0.6171875
6 0.41875 0.5484375 0.50625 0.5484375 0.50625 0.6171875 0.41875 0.6171875
6 0.1296875 0.553125 0.2234375 0.553125 0.2234375 0.6203125 0.1296875 0.6203125
5 0.60625 0.421875 0.7015625 0.421875 0.7015625 0.4765625 0.60625 0.4765625
5 0.31875 0.26875 0.4140625 0.26875 0.4140625 0.3328125 0.31875 0.3328125
3 0.325 0.41875 0.4171875 0.41875 0.4171875 0.475 0.325 0.475
3 0.4203125 0.4765625 0.4953125 0.4765625 0.4953125 0.5375 0.4203125 0.5375
3 0.4390625 0.40625 0.5265625 0.40625 0.5265625 0.465625 0.4390625 0.465625
3 0.5921875 0.48125 0.703125 0.48125 0.703125 0.5421875 0.5921875 0.5421875
3 0.2546875 0.6296875 0.321875 0.6296875 0.321875 0.6875 0.2546875 0.6875
3 0.2640625 0.6859375 0.3328125 0.6859375 0.3328125 0.75625 0.2640625 0.75625
3 0.790625 0.6828125 0.8796875 0.6828125 0.8796875 0.75 0.790625 0.75
2 0.446875 0.6890625 0.521875 0.6890625 0.521875 0.7578125 0.446875 0.7578125
2 0.13125 0.684375 0.2296875 0.684375 0.2296875 0.7734375 0.13125 0.7734375
2 0.4171875 0.621875 0.515625 0.621875 0.515625 0.6859375 0.4171875 0.6859375
0 0.696875 0.334375 0.803125 0.334375 0.803125 0.415625 0.696875 0.415625
0 0.615625 0.340625 0.7015625 0.340625 0.7015625 0.396875 0.615625 0.396875
0 0.1078125 0.1765625 0.2140625 0.1765625 0.2140625 0.2578125 0.1078125 0.2578125
0 0.7921875 0.61875 0.909375 0.61875 0.909375 0.6859375 0.7921875 0.6859375
0 0.7203125 0.559375 0.803125 0.559375 0.803125 0.61875 0.7203125 0.61875
0 0.3234375 0.4828125 0.409375 0.4828125 0.409375 0.5390625 0.3234375 0.5390625
0 0.61875 0.6828125 0.7015625 0.6828125 0.7015625 0.7625 0.61875 0.7625