11 0.1375 0.56875 0.25 0.56875 0.25 0.64375 0.1375 0.64375
11 0.628125 0.1796875 0.7078125 0.1796875 0.7078125 0.2546875 0.628125 0.2546875
11 0.7171875 0.4125 0.81875 0.4125 0.81875 0.471875 0.7171875 0.471875
11 0.55 0.6359375 0.6296875 0.6359375 0.6296875 0.7015625 0.55 0.7015625
9 0.3625 0.7046875 0.428125 0.7046875 0.428125 0.7671875 0.3625 0.7671875
9 0.271875 0.559375 0.35 0.559375 0.35 0.625 0.271875 0.625
9 0.26875 0.4203125 0.34375 0.4203125 0.34375 0.490625 0.26875 0.490625
9 0.265625 0.359375 0.3375 0.359375 0.3375 0.41875 0.265625 0.41875
9 0.2515625 0.215625 0.328125 0.215625 0.328125 0.275 0.2515625 0.275
9 0.5359375 0.2 0.6109375 0.2 0.6109375 0.271875 0.5359375 0.271875
9 0.828125 0.2703125 0.909375 0.2703125 0.909375 0.33125 0.828125 0.33125
9 0.71875 0.6875 0.8078125 0.6875 0.8078125 0.759375 0.71875 0.759375
9 0.715625 0.621875 0.803125 0.621875 0.803125 0.6859375 0.715625 0.6859375
9 0.625 0.696875 0.7046875 0.696875 0.7046875 0.759375 0.625 0.759375
9 0.153125 0.3625 0.240625 0.3625 0.240625 0.415625 0.153125 0.415625
8 0.2421875 0.63125 0.3453125 0.63125 0.3453125 0.703125 0.2421875 0.703125
8 0.128125 0.284375 0.225 0.284375 0.225 0.346875 0.128125 0.346875
8 0.1265625 0.2140625 0.2234375 0.2140625 0.2234375 0.28125 0.1265625 0.28125
8 0.3484375 0.625 0.4453125 0.625 0.4453125 0.7 0.3484375 0.7
7 0.434375 0.4234375 0.53125 0.4234375 0.53125 0.4953125 0.434375 0.4953125
6 0.6203125 0.625 0.7140625 0.625 0.7140625 0.6921875 0.6203125 0.6921875
6 0.7125 0.5640625 0.809375 0.5640625 0.809375 0.6203125 0.7125 0.6203125
6 0.725 0.18125 0.8125 0.18125 0.8125 0.253125 0.725 0.253125
6 0.8125 0.5625 0.903125 0.5625 0.903125 0.634375 0.8125 0.634375
6 0.4484375 0.628125 0.515625 0.628125 0.515625 0.7078125 0.4484375 0.7078125
5 0.7296875 0.2625 0.81875 0.2625 0.81875 0.3375 0.7296875 0.3375
5 0.80625 0.4875 0.9125 0.4875 0.9125 0.546875 0.80625 0.546875
3 0.271875 0.70625 0.340625 0.70625 0.340625 0.765625 0.271875 0.765625
3 0.259375 0.4953125 0.3375 0.4953125 0.3375 0.553125 0.259375 0.553125
3 0.2421875 0.28125 0.325 0.28125 0.325 0.33125 0.2421875 0.33125
3 0.628125 0.2734375 0.7125 0.2734375 0.7125 0.3390625 0.628125 0.3390625
3 0.7265625 0.353125 0.8109375 0.353125 0.8109375 0.4125 0.7265625 0.4125
3 0.8078125 0.696875 0.896875 0.696875 0.896875 0.7640625 0.8078125 0.7640625
3 0.4390625 0.6953125 0.5140625 0.6953125 0.5140625 0.7578125 0.4390625 0.7578125
2 0.1546875 0.696875 0.2484375 0.696875 0.2484375 0.771875 0.1546875 0.771875
2 0.3171875 0.2 0.396875 0.2 0.396875 0.265625 0.3171875 0.265625
2 0.43125 0.209375 0.5109375 0.209375 0.5109375 0.275 0.43125 0.275
0 0.14375 0.503125 0.25 0.503125 0.25 0.5640625 0.14375 0.5640625
0 0.159375 0.425 0.253125 0.425 0.253125 0.48125 0.159375 0.48125
0 0.534375 0.7046875 0.61875 0.7046875 0.61875 0.7765625 0.534375 0.7765625
0 0.8125 0.628125 0.925 0.628125 0.925 0.696875 0.8125 0.696875
0 0.8203125 0.34375 0.9171875 0.34375 0.9171875 0.40625 0.8203125 0.40625
0 0.7234375 0.4890625 0.8203125 0.4890625 0.8203125 0.5515625 0.7234375 0.5515625
0 0.8078125 0.41875 0.9234375 0.41875 0.9234375 0.4875 0.8078125 0.4875