3 0.2234375 0.5296875 0.2890625 0.5296875 0.2890625 0.584375 0.2234375 0.584375
3 0.1171875 0.5234375 0.1828125 0.5234375 0.1828125 0.575 0.1171875 0.575
3 0.1234375 0.425 0.19375 0.425 0.19375 0.48125 0.1234375 0.48125
3 0.1359375 0.615625 0.20625 0.615625 0.20625 0.671875 0.1359375 0.671875
3 0.1296875 0.7 0.2 0.7 0.2 0.75625 0.1296875 0.75625
3 0.340625 0.7828125 0.3921875 0.7828125 0.3921875 0.84375 0.340625 0.84375
3 0.4109375 0.671875 0.465625 0.671875 0.465625 0.721875 0.4109375 0.721875
3 0.790625 0.690625 0.86875 0.690625 0.86875 0.7453125 0.790625 0.7453125
3 0.8 0.575 0.865625 0.575 0.865625 0.6328125 0.8 0.6328125
3 0.696875 0.415625 0.75625 0.415625 0.75625 0.465625 0.696875 0.465625
3 0.50625 0.2234375 0.559375 0.2234375 0.559375 0.2875 0.50625 0.2875
3 0.7703125 0.296875 0.840625 0.296875 0.840625 0.36875 0.7703125 0.36875
3 0.6859375 0.2265625 0.7421875 0.2265625 0.7421875 0.29375 0.6859375 0.29375
3 0.571875 0.1203125 0.63125 0.1203125 0.63125 0.1921875 0.571875 0.1921875
0 0.5171875 0.59375 0.5796875 0.59375 0.5796875 0.6578125 0.5171875 0.6578125
0 0.3234375 0.496875 0.3921875 0.496875 0.3921875 0.5546875 0.3234375 0.5546875
0 0.3109375 0.421875 0.375 0.421875 0.375 0.484375 0.3109375 0.484375
0 0.3 0.321875 0.371875 0.321875 0.371875 0.396875 0.3 0.396875
0 0.4984375 0.4953125 0.5578125 0.4953125 0.5578125 0.5515625 0.4984375 0.5515625
9 0.8109375 0.7734375 0.8859375 0.7734375 0.8859375 0.834375 0.8109375 0.834375
9 0.7046875 0.8015625 0.76875 0.8015625 0.76875 0.86875 0.7046875 0.86875
9 0.603125 0.78125 0.6625 0.78125 0.6625 0.8421875 0.603125 0.8421875
9 0.440625 0.7765625 0.496875 0.7765625 0.496875 0.8421875 0.440625 0.8421875
9 0.328125 0.603125 0.3796875 0.603125 0.3796875 0.6625 0.328125 0.6625
9 0.221875 0.603125 0.284375 0.603125 0.284375 0.65625 0.221875 0.65625
9 0.1359375 0.8 0.1953125 0.8 0.1953125 0.86875 0.1359375 0.86875
9 0.5828125 0.3140625 0.63125 0.3140625 0.63125 0.3734375 0.5828125 0.3734375
9 0.68125 0.1203125 0.7375 0.1203125 0.7375 0.1953125 0.68125 0.1953125
9 0.4203125 0.1234375 0.4703125 0.1234375 0.4703125 0.1953125 0.4203125 0.1953125
9 0.50625 0.1375 0.5609375 0.1375 0.5609375 0.2109375 0.50625 0.2109375
9 0.103125 0.2265625 0.171875 0.2265625 0.171875 0.2921875 0.103125 0.2921875
9 0.1046875 0.121875 0.1734375 0.121875 0.1734375 0.1953125 0.1046875 0.1953125
9 0.765625 0.1109375 0.8296875 0.1109375 0.8296875 0.1796875 0.765625 0.1796875
11 0.328125 0.68125 0.390625 0.68125 0.390625 0.75 0.328125 0.75
11 0.2125 0.6890625 0.29375 0.6890625 0.29375 0.76875 0.2125 0.76875
7 0.4015625 0.2046875 0.4734375 0.2046875 0.4734375 0.3015625 0.4015625 0.3015625
7 0.1828125 0.2 0.2828125 0.2 0.2828125 0.303125 0.1828125 0.303125
7 0.49375 0.296875 0.5671875 0.296875 0.5671875 0.390625 0.49375 0.390625
6 0.234375 0.8 0.3046875 0.8 0.3046875 0.871875 0.234375 0.871875
6 0.6015625 0.5859375 0.6703125 0.5859375 0.6703125 0.6453125 0.6015625 0.6453125
6 0.6984375 0.484375 0.7703125 0.484375 0.7703125 0.54375 0.6984375 0.54375
6 0.496875 0.4171875 0.559375 0.4171875 0.559375 0.4828125 0.496875 0.4828125
6 0.5984375 0.2140625 0.665625 0.2140625 0.665625 0.29375 0.5984375 0.29375
6 0.3140625 0.115625 0.378125 0.115625 0.378125 0.203125 0.3140625 0.203125
10 0.396875 0.5890625 0.471875 0.5890625 0.471875 0.6609375 0.396875 0.6609375
10 0.18125 0.290625 0.2828125 0.290625 0.2828125 0.3875 0.18125 0.3875
10 0.2984375 0.2 0.375 0.2 0.375 0.296875 0.2984375 0.296875
5 0.09375 0.33125 0.18125 0.33125 0.18125 0.40625 0.09375 0.40625
5 0.4078125 0.29375 0.4640625 0.29375 0.4640625 0.36875 0.4078125 0.36875
5 0.6625 0.3015625 0.740625 0.3015625 0.740625 0.371875 0.6625 0.371875
5 0.7828125 0.36875 0.875 0.36875 0.875 0.440625 0.7828125 0.440625
5 0.70625 0.584375 0.79375 0.584375 0.79375 0.64375 0.70625 0.64375
1 0.6046875 0.4859375 0.6921875 0.4859375 0.6921875 0.5515625 0.6046875 0.5515625
1 0.4109375 0.409375 0.4765625 0.409375 0.4765625 0.4828125 0.4109375 0.4828125
1 0.5921875 0.371875 0.6828125 0.371875 0.6828125 0.453125 0.5921875 0.453125
4 0.765625 0.1734375 0.8875 0.1734375 0.8875 0.2859375 0.765625 0.2859375
4 0.19375 0.08125 0.29375 0.08125 0.29375 0.2015625 0.19375 0.2015625
4 0.1828125 0.39375 0.28125 0.39375 0.28125 0.475 0.1828125 0.475
9 0.8015625 0.4765625 0.871875 0.4765625 0.871875 0.53125 0.8015625 0.53125
5 0.41875 0.4859375 0.484375 0.4859375 0.484375 0.5421875 0.41875 0.5421875