1 0.3828125 0.3515625 0.465625 0.3515625 0.465625 0.421875 0.3828125 0.421875
4 0.4890625 0.2734375 0.56875 0.2734375 0.56875 0.3515625 0.4890625 0.3515625
4 0.4859375 0.4296875 0.5640625 0.4296875 0.5640625 0.4953125 0.4859375 0.4953125
4 0.375 0.4984375 0.4640625 0.4984375 0.4640625 0.559375 0.375 0.559375
4 0.4859375 0.5703125 0.5640625 0.5703125 0.5640625 0.634375 0.4859375 0.634375
10 0.3828125 0.571875 0.465625 0.571875 0.465625 0.6359375 0.3828125 0.6359375
10 0.3828125 0.4296875 0.4703125 0.4296875 0.4703125 0.490625 0.3828125 0.490625
10 0.48125 0.3484375 0.5640625 0.3484375 0.5640625 0.4171875 0.48125 0.4171875
10 0.3796875 0.2671875 0.471875 0.2671875 0.471875 0.346875 0.3796875 0.346875
10 0.3796875 0.1859375 0.475 0.1859375 0.475 0.28125 0.3796875 0.28125
10 0.4859375 0.18125 0.565625 0.18125 0.565625 0.275 0.4859375 0.275
10 0.484375 0.5046875 0.5609375 0.5046875 0.5609375 0.565625 0.484375 0.565625
7 0.26875 0.634375 0.3796875 0.634375 0.3796875 0.7140625 0.26875 0.7140625
7 0.3796875 0.6421875 0.471875 0.6421875 0.471875 0.721875 0.3796875 0.721875
7 0.4859375 0.640625 0.56875 0.640625 0.56875 0.715625 0.4859375 0.715625
7 0.58125 0.6421875 0.6609375 0.6421875 0.6609375 0.721875 0.58125 0.721875
7 0.675 0.5734375 0.7734375 0.5734375 0.7734375 0.6375 0.675 0.6375
6 0.1046875 0.5015625 0.1953125 0.5015625 0.1953125 0.5625 0.1046875 0.5625
6 0.1890625 0.56875 0.284375 0.56875 0.284375 0.6265625 0.1890625 0.6265625
6 0.3953125 0.709375 0.4765625 0.709375 0.4765625 0.778125 0.3953125 0.778125
6 0.5 0.7125 0.5765625 0.7125 0.5765625 0.7890625 0.5 0.7890625