10 0.759375 0.375 0.884375 0.375 0.884375 0.440625 0.759375 0.440625
10 0.2859375 0.371875 0.3734375 0.371875 0.3734375 0.4578125 0.2859375 0.4578125
10 0.075 0.45 0.209375 0.45 0.209375 0.5171875 0.075 0.5171875
10 0.3796875 0.5921875 0.4734375 0.5921875 0.4734375 0.6625 0.3796875 0.6625
10 0.3859375 0.2203125 0.4765625 0.2203125 0.4765625 0.3078125 0.3859375 0.3078125
10 0.0765625 0.234375 0.2046875 0.234375 0.2046875 0.3140625 0.0765625 0.3140625
10 0.571875 0.51875 0.66875 0.51875 0.66875 0.584375 0.571875 0.584375
7 0.371875 0.453125 0.471875 0.453125 0.471875 0.515625 0.371875 0.515625
7 0.165625 0.30625 0.290625 0.30625 0.290625 0.384375 0.165625 0.384375
7 0.7640625 0.21875 0.8796875 0.21875 0.8796875 0.309375 0.7640625 0.309375
7 0.759375 0.1375 0.8703125 0.1375 0.8703125 0.23125 0.759375 0.23125
7 0.284375 0.6546875 0.3828125 0.6546875 0.3828125 0.74375 0.284375 0.74375
6 0.6625 0.45 0.765625 0.45 0.765625 0.5265625 0.6625 0.5265625
6 0.4828125 0.3125 0.5671875 0.3125 0.5671875 0.3875 0.4828125 0.3875
6 0.375 0.3046875 0.459375 0.3046875 0.459375 0.3703125 0.375 0.3703125
6 0.2 0.590625 0.284375 0.590625 0.284375 0.665625 0.2 0.665625
4 0.6671875 0.65 0.775 0.65 0.775 0.74375 0.6671875 0.74375
4 0.565625 0.14375 0.659375 0.14375 0.659375 0.240625 0.565625 0.240625
4 0.5703125 0.375 0.6546875 0.375 0.6546875 0.446875 0.5703125 0.446875
4 0.084375 0.653125 0.20625 0.653125 0.20625 0.7453125 0.084375 0.7453125
1 0.065625 0.1578125 0.203125 0.1578125 0.203125 0.2453125 0.065625 0.2453125