3 0.634375 0.23125 0.784375 0.23125 0.784375 0.284375 0.634375 0.284375
3 0.6296875 0.315625 0.76875 0.315625 0.76875 0.359375 0.6296875 0.359375
3 0.778125 0.3296875 0.921875 0.3296875 0.921875 0.3703125 0.778125 0.3703125
3 0.7859375 0.4046875 0.9265625 0.4046875 0.9265625 0.4453125 0.7859375 0.4453125
3 0.796875 0.471875 0.9359375 0.471875 0.9359375 0.509375 0.796875 0.509375
3 0.75625 0.5640625 0.903125 0.5640625 0.903125 0.609375 0.75625 0.609375
3 0.625 0.5703125 0.7625 0.5703125 0.7625 0.6171875 0.625 0.6171875
3 0.4640625 0.40625 0.59375 0.40625 0.59375 0.453125 0.4640625 0.453125
6 0.4515625 0.209375 0.6296875 0.209375 0.6296875 0.278125 0.4515625 0.278125
0 0.434375 0.478125 0.60625 0.478125 0.60625 0.53125 0.434375 0.53125
0 0.4375 0.55 0.6125 0.55 0.6125 0.6078125 0.4375 0.6078125
5 0.6125 0.6390625 0.7890625 0.6390625 0.7890625 0.709375 0.6125 0.709375
5 0.440625 0.65625 0.61875 0.65625 0.61875 0.7296875 0.440625 0.7296875
5 0.6109375 0.396875 0.7859375 0.396875 0.7859375 0.446875 0.6109375 0.446875
6 0.425 0.30625 0.61875 0.30625 0.61875 0.3671875 0.425 0.3671875
5 0.7671875 0.6234375 0.9578125 0.6234375 0.9578125 0.6953125 0.7671875 0.6953125
4 0.60625 0.4734375 0.853125 0.4734375 0.853125 0.5375 0.60625 0.5375