3 0.3234375 0.51875 0.359375 0.51875 0.359375 0.625 0.3234375 0.625
3 0.3640625 0.5171875 0.3984375 0.5171875 0.3984375 0.625 0.3640625 0.625
3 0.4203125 0.5171875 0.453125 0.5171875 0.453125 0.6265625 0.4203125 0.6265625
3 0.428125 0.615625 0.4625 0.615625 0.4625 0.71875 0.428125 0.71875
3 0.690625 0.703125 0.728125 0.703125 0.728125 0.8046875 0.690625 0.8046875
3 0.484375 0.7765625 0.5140625 0.7765625 0.5140625 0.8703125 0.484375 0.8703125
3 0.3328125 0.771875 0.3625 0.771875 0.3625 0.865625 0.3328125 0.865625
3 0.484375 0.696875 0.51875 0.696875 0.51875 0.796875 0.484375 0.796875
5 0.640625 0.51875 0.6828125 0.51875 0.6828125 0.653125 0.640625 0.653125
5 0.5828125 0.5234375 0.6234375 0.5234375 0.6234375 0.6546875 0.5828125 0.6546875
5 0.6375 0.7765625 0.6734375 0.7765625 0.6734375 0.9 0.6375 0.9
5 0.4828125 0.6125 0.5171875 0.6125 0.5171875 0.7421875 0.4828125 0.7421875
9 0.5828125 0.778125 0.615625 0.778125 0.615625 0.88125 0.5828125 0.88125
9 0.6390625 0.703125 0.6734375 0.703125 0.6734375 0.815625 0.6390625 0.815625
9 0.53125 0.521875 0.5671875 0.521875 0.5671875 0.628125 0.53125 0.628125
9 0.4796875 0.509375 0.509375 0.509375 0.509375 0.6140625 0.4796875 0.6140625
9 0.44375 0.6953125 0.4734375 0.6953125 0.4734375 0.7984375 0.44375 0.7984375
9 0.3828125 0.6890625 0.4171875 0.6890625 0.4171875 0.790625 0.3828125 0.790625
9 0.3796875 0.6125 0.409375 0.6125 0.409375 0.7234375 0.3796875 0.7234375
8 0.5390625 0.778125 0.5734375 0.778125 0.5734375 0.90625 0.5390625 0.90625
11 0.3328125 0.684375 0.3703125 0.684375 0.3703125 0.8203125 0.3328125 0.8203125
11 0.321875 0.60625 0.3625 0.60625 0.3625 0.73125 0.321875 0.73125
9 0.584375 0.6984375 0.61875 0.6984375 0.61875 0.7984375 0.584375 0.7984375
6 0.70625 0.525 0.746875 0.525 0.746875 0.66875 0.70625 0.66875
6 0.6859375 0.784375 0.7203125 0.784375 0.7203125 0.921875 0.6859375 0.921875
4 0.69375 0.6171875 0.740625 0.6171875 0.740625 0.7953125 0.69375 0.7953125
1 0.5875 0.6125 0.625 0.6125 0.625 0.7953125 0.5875 0.7953125
0 0.440625 0.7875 0.4734375 0.7875 0.4734375 0.91875 0.440625 0.91875
0 0.3859375 0.771875 0.41875 0.771875 0.41875 0.909375 0.3859375 0.909375
8 0.5375 0.7046875 0.575 0.7046875 0.575 0.828125 0.5375 0.828125
7 0.534375 0.621875 0.575 0.621875 0.575 0.8078125 0.534375 0.8078125
10 0.6390625 0.60625 0.6859375 0.60625 0.6859375 0.7875 0.6390625 0.7875