5 0.68125 0.71875 0.7515625 0.71875 0.7515625 0.825 0.68125 0.825
5 0.6828125 0.6125 0.7484375 0.6125 0.7484375 0.709375 0.6828125 0.709375
0 0.596875 0.5125 0.66875 0.5125 0.66875 0.6 0.596875 0.6
0 0.6015625 0.7171875 0.6625 0.7171875 0.6625 0.8109375 0.6015625 0.8109375
1 0.675 0.3984375 0.7625 0.3984375 0.7625 0.4953125 0.675 0.4953125
1 0.6796875 0.3 0.7640625 0.3 0.7640625 0.3875 0.6796875 0.3875
1 0.6796875 0.1671875 0.7640625 0.1671875 0.7640625 0.2859375 0.6796875 0.2859375
1 0.68125 0.0453125 0.76875 0.0453125 0.76875 0.1734375 0.68125 0.1734375
4 0.6734375 0.503125 0.7578125 0.503125 0.7578125 0.609375 0.6734375 0.609375
2 0.6765625 0.81875 0.7484375 0.81875 0.7484375 0.928125 0.6765625 0.928125
2 0.590625 0.8125 0.6625 0.8125 0.6625 0.909375 0.590625 0.909375
2 0.596875 0.60625 0.665625 0.60625 0.665625 0.7 0.596875 0.7
2 0.603125 0.40625 0.66875 0.40625 0.66875 0.4953125 0.603125 0.4953125
3 0.528125 0.396875 0.5875 0.396875 0.5875 0.49375 0.528125 0.49375
3 0.525 0.2984375 0.5859375 0.2984375 0.5859375 0.3828125 0.525 0.3828125
3 0.528125 0.19375 0.5875 0.19375 0.5875 0.28125 0.528125 0.28125
3 0.5296875 0.0875 0.590625 0.0875 0.590625 0.171875 0.5296875 0.171875
3 0.6046875 0.3109375 0.6578125 0.3109375 0.6578125 0.3859375 0.6046875 0.3859375
3 0.6 0.1984375 0.6625 0.1984375 0.6625 0.2828125 0.6 0.2828125
3 0.6015625 0.0828125 0.671875 0.0828125 0.671875 0.1765625 0.6015625 0.1765625