0 0.3625 0.06875 0.4 0.06875 0.4 0.171875 0.3625 0.171875
0 0.5828125 0.2828125 0.6203125 0.2828125 0.6203125 0.3859375 0.5828125 0.3859375
0 0.6703125 0.271875 0.7078125 0.271875 0.7078125 0.38125 0.6703125 0.38125
0 0.428125 0.3609375 0.4609375 0.3609375 0.4609375 0.471875 0.428125 0.471875
0 0.4765625 0.709375 0.5078125 0.709375 0.5078125 0.834375 0.4765625 0.834375
0 0.39375 0.6359375 0.421875 0.6359375 0.421875 0.7515625 0.39375 0.7515625
1 0.428125 0.696875 0.459375 0.696875 0.459375 0.85 0.428125 0.85
1 0.63125 0.0625 0.6796875 0.0625 0.6796875 0.196875 0.63125 0.196875
2 0.5921875 0.70625 0.628125 0.70625 0.628125 0.80625 0.5921875 0.80625
2 0.425 0.4671875 0.45625 0.4671875 0.45625 0.5703125 0.425 0.5703125
2 0.5765625 0.1890625 0.6203125 0.1890625 0.6203125 0.29375 0.5765625 0.29375
2 0.4171875 0.0671875 0.453125 0.0671875 0.453125 0.184375 0.4171875 0.184375
4 0.525 0.04375 0.56875 0.04375 0.56875 0.1765625 0.525 0.1765625
4 0.521875 0.559375 0.5578125 0.559375 0.5578125 0.709375 0.521875 0.709375
4 0.5125 0.6171875 0.546875 0.6171875 0.546875 0.76875 0.5125 0.76875
5 0.684375 0.071875 0.725 0.071875 0.725 0.1796875 0.684375 0.1796875
5 0.51875 0.2890625 0.553125 0.2890625 0.553125 0.3984375 0.51875 0.3984375
5 0.565625 0.36875 0.603125 0.36875 0.603125 0.4875 0.565625 0.4875
11 0.4671875 0.053125 0.503125 0.053125 0.503125 0.15625 0.4671875 0.15625
11 0.5296875 0.19375 0.565625 0.19375 0.565625 0.3125 0.5296875 0.3125
11 0.46875 0.1859375 0.503125 0.1859375 0.503125 0.29375 0.46875 0.29375
11 0.6703125 0.4625 0.7046875 0.4625 0.7046875 0.56875 0.6703125 0.56875
11 0.6453125 0.7125 0.6796875 0.7125 0.6796875 0.8109375 0.6453125 0.8109375
11 0.5609375 0.5546875 0.5953125 0.5546875 0.5953125 0.6546875 0.5609375 0.6546875
10 0.61875 0.2859375 0.659375 0.2859375 0.659375 0.421875 0.61875 0.421875
10 0.375 0.2671875 0.4140625 0.2671875 0.4140625 0.409375 0.375 0.409375
7 0.38125 0.453125 0.415625 0.453125 0.415625 0.6046875 0.38125 0.6046875
7 0.61875 0.1734375 0.6640625 0.1734375 0.6640625 0.325 0.61875 0.325
7 0.5171875 0.709375 0.55 0.709375 0.55 0.8609375 0.5171875 0.8609375
9 0.3125 0.18125 0.34375 0.18125 0.34375 0.2671875 0.3125 0.2671875
9 0.4765625 0.371875 0.5078125 0.371875 0.5078125 0.45625 0.4765625 0.45625
9 0.66875 0.38125 0.703125 0.38125 0.703125 0.465625 0.66875 0.465625
9 0.525 0.3953125 0.5546875 0.3953125 0.5546875 0.484375 0.525 0.484375
9 0.328125 0.2890625 0.3625 0.2890625 0.3625 0.371875 0.328125 0.371875
9 0.60625 0.565625 0.6375 0.565625 0.6375 0.6546875 0.60625 0.6546875
9 0.5984375 0.6359375 0.6296875 0.6359375 0.6296875 0.71875 0.5984375 0.71875
8 0.571875 0.0828125 0.6125 0.0828125 0.6125 0.19375 0.571875 0.19375
8 0.33125 0.4546875 0.36875 0.4546875 0.36875 0.56875 0.33125 0.56875
8 0.384375 0.3859375 0.41875 0.3859375 0.41875 0.484375 0.384375 0.484375
8 0.43125 0.18125 0.465625 0.18125 0.465625 0.296875 0.43125 0.296875
8 0.55625 0.628125 0.596875 0.628125 0.596875 0.74375 0.55625 0.74375
8 0.4765625 0.55 0.5140625 0.55 0.5140625 0.6640625 0.4765625 0.6640625
6 0.5640625 0.7296875 0.5953125 0.7296875 0.5953125 0.8578125 0.5640625 0.8578125
6 0.475 0.6328125 0.5109375 0.6328125 0.5109375 0.7546875 0.475 0.7546875
6 0.340625 0.3953125 0.3734375 0.3953125 0.3734375 0.50625 0.340625 0.50625
6 0.6109375 0.471875 0.6484375 0.471875 0.6484375 0.5921875 0.6109375 0.5921875
6 0.6640625 0.5609375 0.7015625 0.5609375 0.7015625 0.6734375 0.6640625 0.6734375
6 0.371875 0.18125 0.409375 0.18125 0.409375 0.278125 0.371875 0.278125