8 0.103125 0.090625 0.2078125 0.090625 0.2078125 0.1890625 0.103125 0.1890625
8 0.3046875 0.0671875 0.3921875 0.0671875 0.3921875 0.1765625 0.3046875 0.1765625
8 0.5046875 0.10625 0.5875 0.10625 0.5875 0.1875 0.5046875 0.1875
8 0.5984375 0.2109375 0.6875 0.2109375 0.6875 0.2828125 0.5984375 0.2828125
8 0.7703125 0.096875 0.8890625 0.096875 0.8890625 0.190625 0.7703125 0.190625
8 0.78125 0.5 0.8984375 0.5 0.8984375 0.578125 0.78125 0.578125
8 0.6875 0.58125 0.796875 0.58125 0.796875 0.65625 0.6875 0.65625
8 0.5046875 0.4953125 0.5890625 0.4953125 0.5890625 0.575 0.5046875 0.575
8 0.4265625 0.40625 0.4984375 0.40625 0.4984375 0.484375 0.4265625 0.484375
8 0.409375 0.578125 0.4796875 0.578125 0.4796875 0.6484375 0.409375 0.6484375
8 0.51875 0.7765625 0.5984375 0.7765625 0.5984375 0.8546875 0.51875 0.8546875
8 0.296875 0.503125 0.378125 0.503125 0.378125 0.5796875 0.296875 0.5796875
8 0.0984375 0.3921875 0.2078125 0.3921875 0.2078125 0.4828125 0.0984375 0.4828125
8 0.4046875 0.3109375 0.4765625 0.3109375 0.4765625 0.384375 0.4046875 0.384375
8 0.409375 0.196875 0.478125 0.196875 0.478125 0.2859375 0.409375 0.2859375
8 0.084375 0.18125 0.19375 0.18125 0.19375 0.28125 0.084375 0.28125
2 0.225 0.1796875 0.303125 0.1796875 0.303125 0.2796875 0.225 0.2796875
2 0.209375 0.3078125 0.303125 0.3078125 0.303125 0.396875 0.209375 0.396875
2 0.5046875 0.296875 0.58125 0.296875 0.58125 0.384375 0.5046875 0.384375
2 0.6 0.3984375 0.69375 0.3984375 0.69375 0.484375 0.6 0.484375
2 0.5 0.6828125 0.575 0.6828125 0.575 0.7640625 0.5 0.7640625
2 0.59375 0.6796875 0.6671875 0.6796875 0.6671875 0.778125 0.59375 0.778125
2 0.703125 0.76875 0.7953125 0.76875 0.7953125 0.853125 0.703125 0.853125
2 0.315625 0.7796875 0.403125 0.7796875 0.403125 0.86875 0.315625 0.86875
2 0.3015625 0.6765625 0.384375 0.6765625 0.384375 0.7609375 0.3015625 0.7609375
2 0.1796875 0.5828125 0.2828125 0.5828125 0.2828125 0.659375 0.1796875 0.659375
2 0.090625 0.4984375 0.196875 0.4984375 0.196875 0.5734375 0.090625 0.5734375
2 0.08125 0.7734375 0.190625 0.7734375 0.190625 0.8765625 0.08125 0.8765625
2 0.7765625 0.203125 0.8625 0.203125 0.8625 0.290625 0.7765625 0.290625