1 0.1375 0.653125 0.265625 0.653125 0.265625 0.7390625 0.1375 0.7390625
1 0.5875 0.725 0.69375 0.725 0.69375 0.840625 0.5875 0.840625
1 0.38125 0.21875 0.475 0.21875 0.475 0.321875 0.38125 0.321875
1 0.59375 0.1234375 0.690625 0.1234375 0.690625 0.2390625 0.59375 0.2390625
4 0.4859375 0.4125 0.5734375 0.4125 0.5734375 0.484375 0.4859375 0.484375
0 0.8265625 0.153125 0.9328125 0.153125 0.9328125 0.240625 0.8265625 0.240625
0 0.0125 0.565625 0.140625 0.565625 0.140625 0.634375 0.0125 0.634375
2 0.375 0.496875 0.4734375 0.496875 0.4734375 0.5625 0.375 0.5625
2 0.60625 0.321875 0.6875 0.321875 0.6875 0.4015625 0.60625 0.4015625
2 0.159375 0.3265625 0.2703125 0.3265625 0.2703125 0.4015625 0.159375 0.4015625
2 0.0328125 0.2390625 0.1515625 0.2390625 0.1515625 0.31875 0.0328125 0.31875
1 0.815625 0.50625 0.925 0.50625 0.925 0.575 0.815625 0.575
1 0.0125 0.728125 0.1359375 0.728125 0.1359375 0.815625 0.0125 0.815625
3 0.39375 0.640625 0.4625 0.640625 0.4625 0.696875 0.39375 0.696875
3 0.384375 0.4140625 0.45625 0.4140625 0.45625 0.4703125 0.384375 0.4703125
3 0.2734375 0.253125 0.3484375 0.253125 0.3484375 0.3125 0.2734375 0.3125
3 0.509375 0.2421875 0.58125 0.2421875 0.58125 0.3078125 0.509375 0.3078125
3 0.609375 0.653125 0.68125 0.653125 0.68125 0.7078125 0.609375 0.7078125
3 0.8125 0.65 0.903125 0.65 0.903125 0.7125 0.8125 0.7125
3 0.715625 0.4171875 0.796875 0.4171875 0.796875 0.4765625 0.715625 0.4765625