3 0.5328125 0.203125 0.6015625 0.203125 0.6015625 0.265625 0.5328125 0.265625
3 0.65 0.35625 0.70625 0.35625 0.70625 0.4109375 0.65 0.4109375
3 0.7421875 0.290625 0.803125 0.290625 0.803125 0.340625 0.7421875 0.340625
3 0.746875 0.58125 0.8125 0.58125 0.8125 0.6359375 0.746875 0.6359375
3 0.5390625 0.509375 0.5984375 0.509375 0.5984375 0.55625 0.5390625 0.55625
3 0.3375 0.65625 0.4015625 0.65625 0.4015625 0.715625 0.3375 0.715625
3 0.2203125 0.73125 0.290625 0.73125 0.290625 0.796875 0.2203125 0.796875
4 0.4046875 0.1765625 0.4921875 0.1765625 0.4921875 0.2828125 0.4046875 0.2828125
9 0.2328125 0.4390625 0.3015625 0.4390625 0.3015625 0.4875 0.2328125 0.4875
9 0.640625 0.290625 0.70625 0.290625 0.70625 0.35 0.640625 0.35
9 0.534375 0.4421875 0.596875 0.4421875 0.596875 0.4875 0.534375 0.4875
9 0.6359375 0.50625 0.6984375 0.50625 0.6984375 0.553125 0.6359375 0.553125
1 0.090625 0.425 0.21875 0.425 0.21875 0.4890625 0.090625 0.4890625
1 0.421875 0.734375 0.5015625 0.734375 0.5015625 0.828125 0.421875 0.828125
1 0.2 0.2625 0.315625 0.2625 0.315625 0.35 0.2 0.35
1 0.05625 0.715625 0.2 0.715625 0.2 0.8125 0.05625 0.8125
2 0.225 0.1984375 0.315625 0.1984375 0.315625 0.2765625 0.225 0.2765625
2 0.1125 0.5734375 0.20625 0.5734375 0.20625 0.6390625 0.1125 0.6390625
2 0.7296875 0.5015625 0.8234375 0.5015625 0.8234375 0.5671875 0.7296875 0.5671875
2 0.43125 0.434375 0.50625 0.434375 0.50625 0.4984375 0.43125 0.4984375
6 0.6328125 0.4296875 0.7 0.4296875 0.7 0.4828125 0.6328125 0.4828125
6 0.41875 0.5703125 0.4828125 0.5703125 0.4828125 0.6265625 0.41875 0.6265625
6 0.10625 0.503125 0.2015625 0.503125 0.2015625 0.5546875 0.10625 0.5546875
6 0.725 0.6640625 0.815625 0.6640625 0.815625 0.7234375 0.725 0.7234375
11 0.51875 0.5734375 0.5890625 0.5734375 0.5890625 0.6296875 0.51875 0.6296875
11 0.625 0.5859375 0.703125 0.5859375 0.703125 0.64375 0.625 0.64375
11 0.321875 0.35 0.41875 0.35 0.41875 0.415625 0.321875 0.415625
5 0.53125 0.26875 0.603125 0.26875 0.603125 0.340625 0.53125 0.340625
5 0.1171875 0.196875 0.2109375 0.196875 0.2109375 0.271875 0.1171875 0.271875
0 0.3265625 0.50625 0.4 0.50625 0.4 0.5609375 0.3265625 0.5609375
0 0.83125 0.734375 0.928125 0.734375 0.928125 0.8140625 0.83125 0.8140625
8 0.209375 0.6484375 0.303125 0.6484375 0.303125 0.7140625 0.209375 0.7140625
8 0.8296875 0.653125 0.9328125 0.653125 0.9328125 0.715625 0.8296875 0.715625
10 0.2 0.3453125 0.30625 0.3453125 0.30625 0.4171875 0.2 0.4171875