0 0.6515625 0.303125 0.7734375 0.303125 0.7734375 0.35 0.6515625 0.35
0 0.765625 0.3625 0.86875 0.3625 0.86875 0.4 0.765625 0.4
1 0.53125 0.478125 0.6921875 0.478125 0.6921875 0.5265625 0.53125 0.5265625
3 0.8578125 0.26875 0.959375 0.26875 0.959375 0.30625 0.8578125 0.30625
3 0.7765625 0.3046875 0.8515625 0.3046875 0.8515625 0.340625 0.7765625 0.340625
3 0.8578125 0.528125 0.9484375 0.528125 0.9484375 0.5625 0.8578125 0.5625
3 0.8328125 0.584375 0.9171875 0.584375 0.9171875 0.6234375 0.8328125 0.6234375
3 0.540625 0.5875 0.63125 0.5875 0.63125 0.6203125 0.540625 0.6203125
5 0.1625 0.228125 0.278125 0.228125 0.278125 0.275 0.1625 0.275
5 0.415625 0.53125 0.5375 0.53125 0.5375 0.584375 0.415625 0.584375
11 0.8765625 0.365625 0.9796875 0.365625 0.9796875 0.40625 0.8765625 0.40625
10 0.28125 0.4171875 0.43125 0.4171875 0.43125 0.465625 0.28125 0.465625
9 0.85625 0.2140625 0.953125 0.2140625 0.953125 0.253125 0.85625 0.253125
9 0.8734375 0.3296875 0.975 0.3296875 0.975 0.3578125 0.8734375 0.3578125
9 0.8375 0.471875 0.9328125 0.471875 0.9328125 0.50625 0.8375 0.50625
9 0.403125 0.38125 0.4984375 0.38125 0.4984375 0.4109375 0.403125 0.4109375
9 0.5328125 0.25 0.6328125 0.25 0.6328125 0.296875 0.5328125 0.296875
8 0.75 0.41875 0.8765625 0.41875 0.8765625 0.4625 0.75 0.4625
8 0.74375 0.521875 0.853125 0.521875 0.853125 0.578125 0.74375 0.578125
7 0.5265625 0.4140625 0.6875 0.4140625 0.6875 0.465625 0.5265625 0.465625
6 0.6515625 0.371875 0.7671875 0.371875 0.7671875 0.409375 0.6515625 0.409375
6 0.15 0.5984375 0.2578125 0.5984375 0.2578125 0.6484375 0.15 0.6484375