3 0.534375 0.7375 0.6 0.7375 0.6 0.81875 0.534375 0.81875
3 0.4734375 0.6234375 0.5234375 0.6234375 0.5234375 0.6953125 0.4734375 0.6953125
3 0.7 0.7390625 0.771875 0.7390625 0.771875 0.8171875 0.7 0.8171875
3 0.709375 0.4015625 0.76875 0.4015625 0.76875 0.4703125 0.709375 0.4703125
3 0.7609375 0.2984375 0.8328125 0.2984375 0.8328125 0.3765625 0.7609375 0.3765625
3 0.6109375 0.2984375 0.6734375 0.2984375 0.6734375 0.3703125 0.6109375 0.3703125
3 0.5421875 0.3234375 0.590625 0.3234375 0.590625 0.3984375 0.5421875 0.3984375
3 0.6109375 0.203125 0.6734375 0.203125 0.6734375 0.284375 0.6109375 0.284375
3 0.28125 0.196875 0.34375 0.196875 0.34375 0.278125 0.28125 0.278125
3 0.203125 0.0796875 0.271875 0.0796875 0.271875 0.171875 0.203125 0.171875
3 0.1828125 0.315625 0.25625 0.315625 0.25625 0.3875 0.1828125 0.3875
3 0.3796875 0.5140625 0.4390625 0.5140625 0.4390625 0.5890625 0.3796875 0.5890625
3 0.3765625 0.3125 0.4328125 0.3125 0.4328125 0.390625 0.3765625 0.390625
3 0.546875 0.515625 0.6046875 0.515625 0.6046875 0.59375 0.546875 0.59375
3 0.2078125 0.8546875 0.28125 0.8546875 0.28125 0.9671875 0.2078125 0.9671875
5 0.28125 0.4125 0.3578125 0.4125 0.3578125 0.4921875 0.28125 0.4921875
5 0.4609375 0.0453125 0.5125 0.0453125 0.5125 0.1484375 0.4609375 0.1484375
2 0.609375 0.40625 0.678125 0.40625 0.678125 0.4921875 0.609375 0.4921875
2 0.4609375 0.4125 0.51875 0.4125 0.51875 0.5015625 0.4609375 0.5015625
2 0.28125 0.5296875 0.365625 0.5296875 0.365625 0.6265625 0.28125 0.6265625
2 0.4546875 0.728125 0.5140625 0.728125 0.5140625 0.8453125 0.4546875 0.8453125
8 0.61875 0.6140625 0.6984375 0.6140625 0.6984375 0.7125 0.61875 0.7125
8 0.45625 0.284375 0.5234375 0.284375 0.5234375 0.384375 0.45625 0.384375
4 0.4484375 0.15 0.521875 0.15 0.521875 0.2765625 0.4484375 0.2765625