1 0.4 0.4578125 0.4890625 0.4578125 0.4890625 0.528125 0.4 0.528125
4 0.0828125 0.2203125 0.1953125 0.2203125 0.1953125 0.3140625 0.0828125 0.3140625
4 0.084375 0.3140625 0.20625 0.3140625 0.20625 0.3875 0.084375 0.3875
4 0.5828125 0.453125 0.6890625 0.453125 0.6890625 0.5140625 0.5828125 0.5140625
4 0.4953125 0.5875 0.596875 0.5875 0.596875 0.6671875 0.4953125 0.6671875
6 0.29375 0.2421875 0.3796875 0.2421875 0.3796875 0.3109375 0.29375 0.3109375
6 0.10625 0.3921875 0.2015625 0.3921875 0.2015625 0.4546875 0.10625 0.4546875
6 0.2203125 0.6765625 0.3109375 0.6765625 0.3109375 0.7484375 0.2203125 0.7484375
6 0.403125 0.6609375 0.484375 0.6609375 0.484375 0.7328125 0.403125 0.7328125
9 0.490625 0.3953125 0.5671875 0.3953125 0.5671875 0.453125 0.490625 0.453125
9 0.5765625 0.3234375 0.65 0.3234375 0.65 0.3765625 0.5765625 0.3765625
9 0.6609375 0.24375 0.7421875 0.24375 0.7421875 0.309375 0.6609375 0.309375
9 0.6671875 0.315625 0.746875 0.315625 0.746875 0.375 0.6671875 0.375
9 0.675 0.459375 0.753125 0.459375 0.753125 0.5171875 0.675 0.5171875
9 0.675 0.5921875 0.7640625 0.5921875 0.7640625 0.6515625 0.675 0.6515625
9 0.684375 0.7265625 0.7640625 0.7265625 0.7640625 0.790625 0.684375 0.790625
9 0.396875 0.584375 0.4640625 0.584375 0.4640625 0.6453125 0.396875 0.6453125
9 0.309375 0.5296875 0.3890625 0.5296875 0.3890625 0.584375 0.309375 0.584375
9 0.21875 0.603125 0.3046875 0.603125 0.3046875 0.6578125 0.21875 0.6578125
9 0.1171875 0.603125 0.1984375 0.603125 0.1984375 0.65625 0.1171875 0.65625
10 0.203125 0.384375 0.3 0.384375 0.3 0.4546875 0.203125 0.4546875
10 0.20625 0.4546875 0.30625 0.4546875 0.30625 0.5203125 0.20625 0.5203125
10 0.7625 0.5171875 0.890625 0.5171875 0.890625 0.5921875 0.7625 0.5921875
10 0.7640625 0.6515625 0.8859375 0.6515625 0.8859375 0.740625 0.7640625 0.740625
10 0.7578125 0.378125 0.8859375 0.378125 0.8859375 0.4453125 0.7578125 0.4453125
10 0.759375 0.23125 0.8859375 0.23125 0.8859375 0.309375 0.759375 0.309375
10 0.3109375 0.759375 0.4046875 0.759375 0.4046875 0.8609375 0.3109375 0.8609375
7 0.3875 0.309375 0.48125 0.309375 0.48125 0.38125 0.3875 0.38125
7 0.775 0.7375 0.9046875 0.7375 0.9046875 0.8328125 0.775 0.8328125
7 0.7625 0.584375 0.8921875 0.584375 0.8921875 0.6609375 0.7625 0.6609375
7 0.7578125 0.309375 0.878125 0.309375 0.878125 0.375 0.7578125 0.375
7 0.75625 0.453125 0.8796875 0.453125 0.8796875 0.5171875 0.75625 0.5171875