0 0.6546875 0.6734375 0.684375 0.6734375 0.684375 0.76875 0.6546875 0.76875
0 0.45 0.784375 0.4765625 0.784375 0.4765625 0.8796875 0.45 0.8796875
0 0.36875 0.703125 0.39375 0.703125 0.39375 0.79375 0.36875 0.79375
0 0.4484375 0.61875 0.4765625 0.61875 0.4765625 0.7125 0.4484375 0.7125
0 0.446875 0.525 0.475 0.525 0.475 0.6140625 0.446875 0.6140625
0 0.6671875 0.3109375 0.703125 0.3109375 0.703125 0.390625 0.6671875 0.390625
1 0.571875 0.684375 0.603125 0.684375 0.603125 0.8125 0.571875 0.8125
1 0.571875 0.7734375 0.603125 0.7734375 0.603125 0.9 0.571875 0.9
2 0.6203125 0.6046875 0.6546875 0.6046875 0.6546875 0.7046875 0.6203125 0.7046875
2 0.4890625 0.4359375 0.521875 0.4359375 0.521875 0.5203125 0.4890625 0.5203125
2 0.4375 0.44375 0.4703125 0.44375 0.4703125 0.528125 0.4375 0.528125
2 0.490625 0.6109375 0.5203125 0.6109375 0.5203125 0.715625 0.490625 0.715625
1 0.578125 0.5859375 0.6125 0.5859375 0.6125 0.7046875 0.578125 0.7046875
4 0.665625 0.2265625 0.7140625 0.2265625 0.7140625 0.325 0.665625 0.325
4 0.665625 0.4078125 0.709375 0.4078125 0.709375 0.5171875 0.665625 0.5171875
4 0.478125 0.334375 0.5171875 0.334375 0.5171875 0.4375 0.478125 0.4375
5 0.5734375 0.2296875 0.6046875 0.2296875 0.6046875 0.3140625 0.5734375 0.3140625
5 0.478125 0.24375 0.5078125 0.24375 0.5078125 0.3234375 0.478125 0.3234375
5 0.3453125 0.2421875 0.3828125 0.2421875 0.3828125 0.321875 0.3453125 0.321875
5 0.63125 0.425 0.6625 0.425 0.6625 0.50625 0.63125 0.50625
5 0.4828125 0.521875 0.5140625 0.521875 0.5140625 0.6125 0.4828125 0.6125
11 0.5375 0.3203125 0.565625 0.3203125 0.565625 0.4140625 0.5375 0.4140625
11 0.4296875 0.1359375 0.459375 0.1359375 0.459375 0.2203125 0.4296875 0.2203125
11 0.403125 0.4375 0.4375 0.4375 0.4375 0.5234375 0.403125 0.5234375
11 0.3625 0.4609375 0.39375 0.4609375 0.39375 0.5484375 0.3625 0.5484375
11 0.4921875 0.6921875 0.521875 0.6921875 0.521875 0.7828125 0.4921875 0.7828125
10 0.615625 0.31875 0.6546875 0.31875 0.6546875 0.41875 0.615625 0.41875
10 0.375 0.1546875 0.4171875 0.1546875 0.4171875 0.2515625 0.375 0.2515625
10 0.61875 0.51875 0.659375 0.51875 0.659375 0.63125 0.61875 0.63125
9 0.5828125 0.425 0.6109375 0.425 0.6109375 0.5 0.5828125 0.5
9 0.5203125 0.2390625 0.5515625 0.2390625 0.5515625 0.3078125 0.5203125 0.3078125
9 0.44375 0.2375 0.475 0.2375 0.475 0.3046875 0.44375 0.3046875
9 0.3484375 0.3609375 0.3796875 0.3609375 0.3796875 0.4328125 0.3484375 0.4328125
9 0.621875 0.784375 0.65 0.784375 0.65 0.859375 0.621875 0.859375
9 0.4171875 0.696875 0.4453125 0.696875 0.4453125 0.78125 0.4171875 0.78125
9 0.3609375 0.6171875 0.390625 0.6171875 0.390625 0.6921875 0.3609375 0.6921875
8 0.61875 0.2234375 0.65625 0.2234375 0.65625 0.3125 0.61875 0.3125
8 0.5203125 0.1328125 0.5609375 0.1328125 0.5609375 0.2203125 0.5203125 0.2203125
8 0.328125 0.140625 0.371875 0.140625 0.371875 0.228125 0.328125 0.228125
8 0.4296875 0.3375 0.4703125 0.3375 0.4703125 0.43125 0.4296875 0.43125
8 0.53125 0.41875 0.565625 0.41875 0.565625 0.509375 0.53125 0.509375
8 0.4046875 0.609375 0.44375 0.609375 0.44375 0.7 0.4046875 0.7
7 0.375 0.34375 0.415625 0.34375 0.415625 0.44375 0.375 0.44375
7 0.4921875 0.7953125 0.5265625 0.7953125 0.5265625 0.9140625 0.4921875 0.9140625
7 0.45 0.684375 0.484375 0.684375 0.484375 0.8078125 0.45 0.8078125
11 0.578125 0.4984375 0.6109375 0.4984375 0.6109375 0.5828125 0.578125 0.5828125
6 0.6578125 0.753125 0.690625 0.753125 0.690625 0.853125 0.6578125 0.853125
6 0.53125 0.6828125 0.5625 0.6828125 0.5625 0.7796875 0.53125 0.7796875
6 0.359375 0.5375 0.390625 0.5375 0.390625 0.628125 0.359375 0.628125
6 0.6546875 0.5140625 0.6921875 0.5140625 0.6921875 0.6140625 0.6546875 0.6140625
6 0.390625 0.2515625 0.421875 0.2515625 0.421875 0.3328125 0.390625 0.3328125
6 0.5359375 0.546875 0.56875 0.546875 0.56875 0.6375 0.5359375 0.6375