11 0.8 0.534375 0.8953125 0.534375 0.8953125 0.590625 0.8 0.590625
11 0.690625 0.46875 0.7875 0.46875 0.7875 0.521875 0.690625 0.521875
11 0.6875 0.5359375 0.778125 0.5359375 0.778125 0.6 0.6875 0.6
11 0.3015625 0.390625 0.3921875 0.390625 0.3921875 0.459375 0.3015625 0.459375
9 0.5890625 0.3875 0.6796875 0.3875 0.6796875 0.45 0.5890625 0.45
9 0.590625 0.33125 0.671875 0.33125 0.671875 0.3859375 0.590625 0.3859375
9 0.5953125 0.246875 0.6515625 0.246875 0.6515625 0.321875 0.5953125 0.321875
9 0.3953125 0.3265625 0.4671875 0.3265625 0.4671875 0.3859375 0.3953125 0.3859375
9 0.40625 0.265625 0.4796875 0.265625 0.4796875 0.31875 0.40625 0.31875
9 0.228125 0.3375 0.303125 0.3375 0.303125 0.3953125 0.228125 0.3953125
9 0.21875 0.2703125 0.3 0.2703125 0.3 0.33125 0.21875 0.33125
9 0.1140625 0.6203125 0.2046875 0.6203125 0.2046875 0.675 0.1140625 0.675
9 0.3984375 0.6046875 0.4875 0.6046875 0.4875 0.6703125 0.3984375 0.6703125
9 0.5140625 0.68125 0.584375 0.68125 0.584375 0.753125 0.5140625 0.753125
9 0.3359375 0.6796875 0.4109375 0.6796875 0.4109375 0.740625 0.3359375 0.740625
8 0.7890625 0.6734375 0.8984375 0.6734375 0.8984375 0.7484375 0.7890625 0.7484375
8 0.3984375 0.5328125 0.4875 0.5328125 0.4875 0.5984375 0.3984375 0.5984375
8 0.20625 0.53125 0.30625 0.53125 0.30625 0.603125 0.20625 0.603125
8 0.1984375 0.74375 0.3125 0.74375 0.3125 0.828125 0.1984375 0.828125
7 0.509375 0.51875 0.590625 0.51875 0.590625 0.590625 0.509375 0.590625
6 0.790625 0.609375 0.89375 0.609375 0.89375 0.6625 0.790625 0.6625
6 0.79375 0.3796875 0.8921875 0.3796875 0.8921875 0.4515625 0.79375 0.4515625
6 0.503125 0.384375 0.578125 0.384375 0.578125 0.446875 0.503125 0.446875
6 0.4015625 0.3796875 0.48125 0.3796875 0.48125 0.4640625 0.4015625 0.4640625
6 0.2109375 0.471875 0.2953125 0.471875 0.2953125 0.53125 0.2109375 0.53125
5 0.596875 0.671875 0.6828125 0.671875 0.6828125 0.753125 0.596875 0.753125
5 0.3078125 0.53125 0.3921875 0.53125 0.3921875 0.59375 0.3078125 0.59375
3 0.68125 0.6046875 0.7921875 0.6046875 0.7921875 0.6609375 0.68125 0.6609375
3 0.6015625 0.528125 0.6796875 0.528125 0.6796875 0.59375 0.6015625 0.59375
3 0.684375 0.315625 0.7625 0.315625 0.7625 0.36875 0.684375 0.36875
3 0.6765625 0.246875 0.7609375 0.246875 0.7609375 0.3046875 0.6765625 0.3046875
3 0.5046875 0.4640625 0.575 0.4640625 0.575 0.51875 0.5046875 0.51875
3 0.2984375 0.459375 0.39375 0.459375 0.39375 0.5265625 0.2984375 0.5265625
3 0.603125 0.7515625 0.6875 0.7515625 0.6875 0.8234375 0.603125 0.8234375
2 0.690625 0.3828125 0.771875 0.3828125 0.771875 0.453125 0.690625 0.453125
2 0.49375 0.321875 0.578125 0.321875 0.578125 0.384375 0.49375 0.384375
2 0.4921875 0.246875 0.5734375 0.246875 0.5734375 0.328125 0.4921875 0.328125
0 0.2 0.6078125 0.2953125 0.6078125 0.2953125 0.6734375 0.2 0.6734375
0 0.09375 0.3265625 0.209375 0.3265625 0.209375 0.396875 0.09375 0.396875
0 0.196875 0.390625 0.2875 0.390625 0.2875 0.453125 0.196875 0.453125
0 0.7953125 0.7640625 0.9078125 0.7640625 0.9078125 0.8359375 0.7953125 0.8359375
0 0.7 0.671875 0.7921875 0.671875 0.7921875 0.74375 0.7 0.74375
0 0.5953125 0.45625 0.6765625 0.45625 0.6765625 0.53125 0.5953125 0.53125
0 0.784375 0.465625 0.8875 0.465625 0.8875 0.528125 0.784375 0.528125