3 0.7125 0.8125 0.7703125 0.8125 0.7703125 0.8890625 0.7125 0.8890625
3 0.5765625 0.7953125 0.6390625 0.7953125 0.6390625 0.8875 0.5765625 0.8875
3 0.509375 0.79375 0.5625 0.79375 0.5625 0.884375 0.509375 0.884375
3 0.371875 0.8 0.43125 0.8 0.43125 0.8828125 0.371875 0.8828125
3 0.234375 0.8 0.29375 0.8 0.29375 0.884375 0.234375 0.884375
3 0.7125 0.7125 0.76875 0.7125 0.76875 0.796875 0.7125 0.796875
3 0.65 0.70625 0.703125 0.70625 0.703125 0.790625 0.65 0.790625
3 0.578125 0.7078125 0.6375 0.7078125 0.6375 0.7921875 0.578125 0.7921875
3 0.509375 0.696875 0.565625 0.696875 0.565625 0.78125 0.509375 0.78125
3 0.4484375 0.70625 0.5015625 0.70625 0.5015625 0.7890625 0.4484375 0.7890625
3 0.3703125 0.721875 0.421875 0.721875 0.421875 0.7875 0.3703125 0.7875
3 0.30625 0.6984375 0.3578125 0.6984375 0.3578125 0.7859375 0.30625 0.7859375
3 0.240625 0.70625 0.290625 0.70625 0.290625 0.7890625 0.240625 0.7890625
3 0.7140625 0.625 0.7703125 0.625 0.7703125 0.7 0.7140625 0.7
3 0.6515625 0.6234375 0.70625 0.6234375 0.70625 0.6984375 0.6515625 0.6984375
3 0.5234375 0.61875 0.5765625 0.61875 0.5765625 0.696875 0.5234375 0.696875
3 0.446875 0.6234375 0.503125 0.6234375 0.503125 0.703125 0.446875 0.703125
3 0.3796875 0.63125 0.425 0.63125 0.425 0.715625 0.3796875 0.715625
3 0.23125 0.6296875 0.296875 0.6296875 0.296875 0.7046875 0.23125 0.7046875
3 0.7171875 0.53125 0.778125 0.53125 0.778125 0.6125 0.7171875 0.6125
3 0.65625 0.5234375 0.715625 0.5234375 0.715625 0.5953125 0.65625 0.5953125
3 0.5828125 0.5265625 0.6359375 0.5265625 0.6359375 0.603125 0.5828125 0.603125
3 0.509375 0.534375 0.5625 0.534375 0.5625 0.609375 0.509375 0.609375
3 0.45 0.528125 0.496875 0.528125 0.496875 0.6046875 0.45 0.6046875
3 0.38125 0.5359375 0.428125 0.5359375 0.428125 0.6078125 0.38125 0.6078125
3 0.30625 0.54375 0.359375 0.54375 0.359375 0.6125 0.30625 0.6125
3 0.234375 0.5265625 0.296875 0.5265625 0.296875 0.6015625 0.234375 0.6015625
3 0.721875 0.453125 0.775 0.453125 0.775 0.525 0.721875 0.525
3 0.659375 0.44375 0.7125 0.44375 0.7125 0.5125 0.659375 0.5125
3 0.51875 0.4359375 0.571875 0.4359375 0.571875 0.5109375 0.51875 0.5109375
3 0.45625 0.440625 0.503125 0.440625 0.503125 0.51875 0.45625 0.51875
3 0.375 0.4375 0.43125 0.4375 0.43125 0.503125 0.375 0.503125
3 0.3015625 0.44375 0.3625 0.44375 0.3625 0.5125 0.3015625 0.5125
3 0.6609375 0.346875 0.71875 0.346875 0.71875 0.409375 0.6609375 0.409375
3 0.5875 0.3625 0.640625 0.3625 0.640625 0.4328125 0.5875 0.4328125
3 0.50625 0.340625 0.559375 0.340625 0.559375 0.409375 0.50625 0.409375
3 0.4375 0.3390625 0.496875 0.3390625 0.496875 0.4140625 0.4375 0.4140625
3 0.6671875 0.234375 0.721875 0.234375 0.721875 0.30625 0.6671875 0.30625
3 0.5984375 0.24375 0.646875 0.24375 0.646875 0.315625 0.5984375 0.315625
3 0.5046875 0.24375 0.565625 0.24375 0.565625 0.309375 0.5046875 0.309375
3 0.6546875 0.153125 0.7171875 0.153125 0.7171875 0.215625 0.6546875 0.215625
3 0.5875 0.125 0.64375 0.125 0.64375 0.209375 0.5875 0.209375
3 0.50625 0.15 0.559375 0.15 0.559375 0.225 0.50625 0.225
3 0.440625 0.1296875 0.49375 0.1296875 0.49375 0.209375 0.440625 0.209375