3 0.8109375 0.4703125 0.90625 0.4703125 0.90625 0.521875 0.8109375 0.521875
3 0.7 0.540625 0.771875 0.540625 0.771875 0.5890625 0.7 0.5890625
3 0.81875 0.68125 0.89375 0.68125 0.89375 0.7421875 0.81875 0.7421875
3 0.7078125 0.7640625 0.775 0.7640625 0.775 0.8265625 0.7078125 0.8265625
3 0.2234375 0.6796875 0.3078125 0.6796875 0.3078125 0.7453125 0.2234375 0.7453125
3 0.109375 0.6953125 0.19375 0.6953125 0.19375 0.75625 0.109375 0.75625
3 0.2359375 0.559375 0.3203125 0.559375 0.3203125 0.603125 0.2359375 0.603125
3 0.215625 0.4078125 0.29375 0.4078125 0.29375 0.4578125 0.215625 0.4578125
3 0.1140625 0.353125 0.2046875 0.353125 0.2046875 0.396875 0.1140625 0.396875
3 0.51875 0.4703125 0.578125 0.4703125 0.578125 0.5203125 0.51875 0.5203125
3 0.515625 0.5515625 0.578125 0.5515625 0.578125 0.6015625 0.515625 0.6015625
3 0.415625 0.54375 0.48125 0.54375 0.48125 0.596875 0.415625 0.596875
3 0.41875 0.475 0.484375 0.475 0.484375 0.5234375 0.41875 0.5234375
3 0.5109375 0.40625 0.5859375 0.40625 0.5859375 0.453125 0.5109375 0.453125
3 0.51875 0.2375 0.578125 0.2375 0.578125 0.3046875 0.51875 0.3046875
4 0.396875 0.3109375 0.490625 0.3109375 0.490625 0.3953125 0.396875 0.3953125
5 0.203125 0.484375 0.3078125 0.484375 0.3078125 0.5390625 0.203125 0.5390625
5 0.503125 0.7578125 0.5953125 0.7578125 0.5953125 0.8359375 0.503125 0.8359375
2 0.6125 0.3265625 0.6875 0.3265625 0.6875 0.4015625 0.6125 0.4015625
2 0.3203125 0.6796875 0.396875 0.6796875 0.396875 0.7703125 0.3203125 0.7703125
2 0.415625 0.6859375 0.490625 0.6859375 0.490625 0.7640625 0.415625 0.7640625
2 0.5125 0.615625 0.59375 0.615625 0.59375 0.675 0.5125 0.675
8 0.69375 0.615625 0.7875 0.615625 0.7875 0.690625 0.69375 0.690625
8 0.0984375 0.6078125 0.203125 0.6078125 0.203125 0.678125 0.0984375 0.678125