10 0.68125 0.6765625 0.7703125 0.6765625 0.7703125 0.778125 0.68125 0.778125
10 0.684375 0.575 0.775 0.575 0.775 0.6625 0.684375 0.6625
10 0.6828125 0.0578125 0.7671875 0.0578125 0.7671875 0.1859375 0.6828125 0.1859375
10 0.465625 0.153125 0.525 0.153125 0.525 0.284375 0.465625 0.284375
10 0.5375 0.6765625 0.6 0.6765625 0.6 0.7828125 0.5375 0.7828125
10 0.46875 0.6703125 0.528125 0.6703125 0.528125 0.784375 0.46875 0.784375
10 0.2234375 0.475 0.3125 0.475 0.3125 0.565625 0.2234375 0.565625
7 0.675 0.25625 0.76875 0.25625 0.76875 0.371875 0.675 0.371875
7 0.6078125 0.053125 0.6921875 0.053125 0.6921875 0.1828125 0.6078125 0.1828125
7 0.3875 0.0484375 0.4625 0.0484375 0.4625 0.178125 0.3875 0.178125
7 0.23125 0.2796875 0.3171875 0.2796875 0.3171875 0.3765625 0.23125 0.3765625
7 0.3046875 0.6796875 0.3796875 0.6796875 0.3796875 0.7953125 0.3046875 0.7953125
6 0.615625 0.49375 0.6703125 0.49375 0.6703125 0.559375 0.615625 0.559375
6 0.334375 0.28125 0.3921875 0.28125 0.3921875 0.365625 0.334375 0.365625
6 0.153125 0.0546875 0.2359375 0.0546875 0.2359375 0.16875 0.153125 0.16875
6 0.2390625 0.6875 0.309375 0.6875 0.309375 0.7640625 0.2390625 0.7640625
4 0.390625 0.484375 0.453125 0.484375 0.453125 0.565625 0.390625 0.565625
4 0.4671875 0.378125 0.5328125 0.378125 0.5328125 0.465625 0.4671875 0.465625
4 0.675 0.3875 0.775 0.3875 0.775 0.471875 0.675 0.471875
4 0.13125 0.58125 0.23125 0.58125 0.23125 0.675 0.13125 0.675
1 0.54375 0.48125 0.609375 0.48125 0.609375 0.559375 0.54375 0.559375