3 0.809375 0.834375 0.878125 0.834375 0.878125 0.934375 0.809375 0.934375
3 0.803125 0.3015625 0.8671875 0.3015625 0.8671875 0.38125 0.803125 0.38125
3 0.703125 0.075 0.7625 0.075 0.7625 0.184375 0.703125 0.184375
3 0.6375 0.30625 0.6875 0.30625 0.6875 0.390625 0.6375 0.390625
3 0.4703125 0.2015625 0.525 0.2015625 0.525 0.28125 0.4703125 0.28125
3 0.46875 0.084375 0.5296875 0.084375 0.5296875 0.18125 0.46875 0.18125
3 0.31875 0.20625 0.384375 0.20625 0.384375 0.284375 0.31875 0.284375
3 0.471875 0.40625 0.5296875 0.40625 0.5296875 0.4953125 0.471875 0.4953125
3 0.478125 0.603125 0.53125 0.603125 0.53125 0.678125 0.478125 0.678125
3 0.48125 0.815625 0.54375 0.815625 0.54375 0.9125 0.48125 0.9125
3 0.4140625 0.709375 0.4734375 0.709375 0.4734375 0.7796875 0.4140625 0.7796875
3 0.3296875 0.7 0.3953125 0.7 0.3953125 0.7796875 0.3296875 0.7796875
3 0.2546875 0.61875 0.3234375 0.61875 0.3234375 0.6875 0.2546875 0.6875
3 0.3359375 0.8234375 0.3890625 0.8234375 0.3890625 0.91875 0.3359375 0.91875
3 0.6421875 0.6109375 0.6984375 0.6109375 0.6984375 0.6859375 0.6421875 0.6859375
2 0.2390625 0.0828125 0.3171875 0.0828125 0.3171875 0.20625 0.2390625 0.20625
2 0.5546875 0.1796875 0.615625 0.1796875 0.615625 0.2890625 0.5546875 0.2890625
2 0.703125 0.7078125 0.790625 0.7078125 0.790625 0.8078125 0.703125 0.8078125
2 0.5453125 0.4984375 0.6125 0.4984375 0.6125 0.5828125 0.5453125 0.5828125
8 0.5515625 0.396875 0.6125 0.396875 0.6125 0.4859375 0.5515625 0.4859375
8 0.553125 0.609375 0.621875 0.609375 0.621875 0.70625 0.553125 0.70625
4 0.378125 0.2953125 0.459375 0.2953125 0.459375 0.3984375 0.378125 0.3984375
5 0.3953125 0.5015625 0.4640625 0.5015625 0.4640625 0.5875 0.3953125 0.5875
5 0.7046875 0.50625 0.7953125 0.50625 0.7953125 0.5984375 0.7046875 0.5984375