4 0.1890625 0.690625 0.2921875 0.690625 0.2921875 0.79375 0.1890625 0.79375
0 0.084375 0.465625 0.1875 0.465625 0.1875 0.5375 0.084375 0.5375
0 0.4234375 0.6859375 0.503125 0.6859375 0.503125 0.771875 0.4234375 0.771875
1 0.8203125 0.2 0.9609375 0.2 0.9609375 0.290625 0.8203125 0.290625
1 0.034375 0.1875 0.1734375 0.1875 0.1734375 0.2875 0.034375 0.2875
1 0.0734375 0.759375 0.2 0.759375 0.2 0.88125 0.0734375 0.88125
1 0.815625 0.7578125 0.9578125 0.7578125 0.9578125 0.8734375 0.815625 0.8734375
2 0.6109375 0.3796875 0.7078125 0.3796875 0.7078125 0.45625 0.6109375 0.45625
2 0.5109375 0.296875 0.60625 0.296875 0.60625 0.3734375 0.5109375 0.3734375
2 0.70625 0.459375 0.809375 0.459375 0.809375 0.53125 0.70625 0.53125
2 0.7203125 0.29375 0.8359375 0.29375 0.8359375 0.371875 0.7203125 0.371875
3 0.2 0.384375 0.2921875 0.384375 0.2921875 0.45625 0.2 0.45625
3 0.315625 0.4671875 0.390625 0.4671875 0.390625 0.525 0.315625 0.525
3 0.4171875 0.3859375 0.4984375 0.3859375 0.4984375 0.4453125 0.4171875 0.4453125
3 0.515625 0.465625 0.596875 0.465625 0.596875 0.51875 0.515625 0.51875
3 0.421875 0.534375 0.5046875 0.534375 0.5046875 0.60625 0.421875 0.60625
3 0.5140625 0.615625 0.596875 0.615625 0.596875 0.68125 0.5140625 0.68125
3 0.61875 0.5375 0.7 0.5375 0.7 0.5984375 0.61875 0.5984375
5 0.196875 0.5390625 0.3 0.5390625 0.3 0.6234375 0.196875 0.6234375
5 0.315625 0.6109375 0.396875 0.6109375 0.396875 0.6890625 0.315625 0.6890625