7 0.0515625 0.715625 0.1734375 0.715625 0.1734375 0.8109375 0.0515625 0.8109375
7 0.278125 0.4265625 0.378125 0.4265625 0.378125 0.4875 0.278125 0.4875
7 0.6734375 0.2671875 0.778125 0.2671875 0.778125 0.3546875 0.6734375 0.3546875
7 0.4890625 0.578125 0.56875 0.578125 0.56875 0.646875 0.4890625 0.646875
7 0.04375 0.503125 0.1859375 0.503125 0.1859375 0.5703125 0.04375 0.5703125
9 0.66875 0.4375 0.75625 0.4375 0.75625 0.4953125 0.66875 0.4953125
9 0.76875 0.371875 0.853125 0.371875 0.853125 0.421875 0.76875 0.421875
9 0.7828125 0.2890625 0.865625 0.2890625 0.865625 0.35 0.7828125 0.35
9 0.778125 0.4375 0.8625 0.4375 0.8625 0.4890625 0.778125 0.4890625
9 0.690625 0.5078125 0.765625 0.5078125 0.765625 0.5671875 0.690625 0.5671875
9 0.678125 0.584375 0.753125 0.584375 0.753125 0.6421875 0.678125 0.6421875
9 0.678125 0.6484375 0.75625 0.6484375 0.75625 0.7015625 0.678125 0.7015625
9 0.775 0.5921875 0.853125 0.5921875 0.853125 0.6453125 0.775 0.6453125
9 0.778125 0.5109375 0.86875 0.5109375 0.86875 0.5625 0.778125 0.5625
9 0.79375 0.725 0.88125 0.725 0.88125 0.7828125 0.79375 0.7828125
4 0.05 0.5734375 0.178125 0.5734375 0.178125 0.646875 0.05 0.646875
4 0.046875 0.2640625 0.178125 0.2640625 0.178125 0.34375 0.046875 0.34375
4 0.5828125 0.721875 0.6671875 0.721875 0.6671875 0.815625 0.5828125 0.815625
4 0.590625 0.6484375 0.671875 0.6484375 0.671875 0.725 0.590625 0.725
1 0.678125 0.721875 0.771875 0.721875 0.771875 0.8125 0.678125 0.8125
10 0.1734375 0.6484375 0.2828125 0.6484375 0.2828125 0.728125 0.1734375 0.728125
10 0.275 0.56875 0.3703125 0.56875 0.3703125 0.640625 0.275 0.640625
10 0.1625 0.3546875 0.2796875 0.3546875 0.2796875 0.425 0.1625 0.425
10 0.0515625 0.421875 0.184375 0.421875 0.184375 0.4875 0.0515625 0.4875
10 0.48125 0.425 0.5625 0.425 0.5625 0.4875 0.48125 0.4875
10 0.58125 0.3484375 0.66875 0.3484375 0.66875 0.4203125 0.58125 0.4203125
10 0.771875 0.1875 0.884375 0.1875 0.884375 0.28125 0.771875 0.28125
6 0.3875 0.7203125 0.46875 0.7203125 0.46875 0.790625 0.3875 0.790625
6 0.4921875 0.5078125 0.5609375 0.5078125 0.5609375 0.5609375 0.4921875 0.5609375
6 0.3953125 0.5078125 0.46875 0.5078125 0.46875 0.5671875 0.3953125 0.5671875
6 0.0796875 0.1875 0.178125 0.1875 0.178125 0.259375 0.0796875 0.259375
9 0.778125 0.6546875 0.85625 0.6546875 0.85625 0.7078125 0.778125 0.7078125