11 0.41875 0.7828125 0.4875 0.7828125 0.4875 0.875 0.41875 0.875
11 0.31875 0.503125 0.4046875 0.503125 0.4046875 0.56875 0.31875 0.56875
11 0.421875 0.203125 0.5 0.203125 0.5 0.290625 0.421875 0.290625
11 0.3109375 0.0890625 0.4 0.0890625 0.4 0.1828125 0.3109375 0.1828125
10 0.6796875 0.40625 0.7890625 0.40625 0.7890625 0.48125 0.6796875 0.48125
10 0.309375 0.6125 0.4046875 0.6125 0.4046875 0.70625 0.309375 0.70625
10 0.3125 0.7984375 0.403125 0.7984375 0.403125 0.9140625 0.3125 0.9140625
9 0.61875 0.5984375 0.6875 0.5984375 0.6875 0.6640625 0.61875 0.6640625
8 0.5953125 0.103125 0.66875 0.103125 0.66875 0.20625 0.5953125 0.20625
8 0.7015625 0.3140625 0.7921875 0.3140625 0.7921875 0.3953125 0.7015625 0.3953125
8 0.80625 0.7796875 0.9078125 0.7796875 0.9078125 0.8734375 0.80625 0.8734375
8 0.115625 0.5171875 0.2234375 0.5171875 0.2234375 0.596875 0.115625 0.596875
8 0.1234375 0.125 0.2203125 0.125 0.2203125 0.221875 0.1234375 0.221875
8 0.515625 0.40625 0.590625 0.40625 0.590625 0.4765625 0.515625 0.4765625
7 0.6875 0.090625 0.7921875 0.090625 0.7921875 0.2171875 0.6875 0.2171875
7 0.5109375 0.8046875 0.6015625 0.8046875 0.6015625 0.9359375 0.5109375 0.9359375
7 0.0890625 0.615625 0.21875 0.615625 0.21875 0.7109375 0.0890625 0.7109375
6 0.8015625 0.0984375 0.8984375 0.0984375 0.8984375 0.1953125 0.8015625 0.1953125
6 0.8015625 0.6046875 0.8984375 0.6046875 0.8984375 0.678125 0.8015625 0.678125
6 0.715625 0.6109375 0.7921875 0.6109375 0.7921875 0.678125 0.715625 0.678125
6 0.603125 0.6953125 0.6734375 0.6953125 0.6734375 0.778125 0.603125 0.778125
6 0.515625 0.70625 0.5859375 0.70625 0.5859375 0.7875 0.515625 0.7875
6 0.11875 0.425 0.215625 0.425 0.215625 0.4953125 0.11875 0.4953125
5 0.3234375 0.3203125 0.4 0.3203125 0.4 0.390625 0.3234375 0.390625
5 0.215625 0.3296875 0.3015625 0.3296875 0.3015625 0.4046875 0.215625 0.4046875
5 0.2125 0.10625 0.3015625 0.10625 0.3015625 0.203125 0.2125 0.203125
5 0.228125 0.809375 0.31875 0.809375 0.31875 0.903125 0.228125 0.903125
5 0.115625 0.809375 0.2140625 0.809375 0.2140625 0.896875 0.115625 0.896875
5 0.6109375 0.409375 0.6875 0.409375 0.6875 0.478125 0.6109375 0.478125
4 0.6859375 0.5203125 0.7921875 0.5203125 0.7921875 0.596875 0.6859375 0.596875
4 0.6109375 0.8078125 0.703125 0.8078125 0.703125 0.9359375 0.6109375 0.9359375
4 0.09375 0.6953125 0.2203125 0.6953125 0.2203125 0.7875 0.09375 0.7875
3 0.815625 0.5109375 0.89375 0.5109375 0.89375 0.5703125 0.815625 0.5703125
3 0.5109375 0.309375 0.565625 0.309375 0.565625 0.3671875 0.5109375 0.3671875
2 0.31875 0.190625 0.4 0.190625 0.4 0.2859375 0.31875 0.2859375
2 0.221875 0.521875 0.3109375 0.521875 0.3109375 0.596875 0.221875 0.596875
2 0.51875 0.60625 0.590625 0.60625 0.590625 0.6765625 0.51875 0.6765625
2 0.125 0.2359375 0.2171875 0.2359375 0.2171875 0.3171875 0.125 0.3171875
1 0.7921875 0.178125 0.9109375 0.178125 0.9109375 0.29375 0.7921875 0.29375
1 0.68125 0.196875 0.7796875 0.196875 0.7796875 0.3015625 0.68125 0.3015625
1 0.4171875 0.29375 0.4984375 0.29375 0.4984375 0.39375 0.4171875 0.39375
0 0.496875 0.0984375 0.5625 0.0984375 0.5625 0.1953125 0.496875 0.1953125
0 0.7125 0.7109375 0.8 0.7109375 0.8 0.796875 0.7125 0.796875
0 0.4265625 0.6015625 0.49375 0.6015625 0.49375 0.6765625 0.4265625 0.6765625
0 0.3125 0.43125 0.3859375 0.43125 0.3859375 0.49375 0.3125 0.49375
0 0.5359375 0.51875 0.6015625 0.51875 0.6015625 0.584375 0.5359375 0.584375