6 0.6203125 0.6890625 0.7046875 0.6890625 0.7046875 0.771875 0.6203125 0.771875
6 0.14375 0.8 0.2453125 0.8 0.2453125 0.9171875 0.14375 0.9171875
6 0.615625 0.2125 0.7046875 0.2125 0.7046875 0.2984375 0.615625 0.2984375
6 0.628125 0.425 0.721875 0.425 0.721875 0.4875 0.628125 0.4875
6 0.2546875 0.5953125 0.33125 0.5953125 0.33125 0.6875 0.2546875 0.6875
11 0.2453125 0.3125 0.325 0.3125 0.325 0.396875 0.2453125 0.396875
11 0.7140625 0.759375 0.803125 0.759375 0.803125 0.8625 0.7140625 0.8625
11 0.1546875 0.678125 0.253125 0.678125 0.253125 0.7796875 0.1546875 0.7796875
11 0.146875 0.603125 0.240625 0.603125 0.240625 0.6890625 0.146875 0.6890625
10 0.43125 0.6671875 0.5171875 0.6671875 0.5171875 0.790625 0.43125 0.790625
10 0.5234375 0.5859375 0.61875 0.5859375 0.61875 0.6875 0.5234375 0.6875
10 0.6078125 0.3125 0.7203125 0.3125 0.7203125 0.4078125 0.6078125 0.4078125
9 0.321875 0.13125 0.4015625 0.13125 0.4015625 0.2125 0.321875 0.2125
9 0.7078125 0.11875 0.7859375 0.11875 0.7859375 0.2046875 0.7078125 0.2046875
9 0.7859375 0.228125 0.8796875 0.228125 0.8796875 0.29375 0.7859375 0.29375
9 0.1453125 0.221875 0.2296875 0.221875 0.2296875 0.309375 0.1453125 0.309375
9 0.2359375 0.40625 0.3125 0.40625 0.3125 0.4828125 0.2359375 0.4828125
9 0.7875 0.5078125 0.871875 0.5078125 0.871875 0.5796875 0.7875 0.5796875
9 0.73125 0.5875 0.815625 0.5875 0.815625 0.6578125 0.73125 0.6578125
9 0.6296875 0.571875 0.6921875 0.571875 0.6921875 0.6453125 0.6296875 0.6453125
9 0.353125 0.5953125 0.428125 0.5953125 0.428125 0.675 0.353125 0.675
9 0.8 0.6796875 0.8828125 0.6796875 0.8828125 0.7546875 0.8 0.7546875
9 0.3640625 0.7953125 0.428125 0.7953125 0.428125 0.8734375 0.3640625 0.8734375
8 0.2359375 0.1 0.3171875 0.1 0.3171875 0.2109375 0.2359375 0.2109375
8 0.5203125 0.096875 0.6046875 0.096875 0.6046875 0.2046875 0.5203125 0.2046875
8 0.3375 0.2140625 0.43125 0.2140625 0.43125 0.3109375 0.3375 0.3109375
8 0.346875 0.4125 0.4203125 0.4125 0.4203125 0.4921875 0.346875 0.4921875
8 0.8078125 0.7578125 0.909375 0.7578125 0.909375 0.8640625 0.8078125 0.8640625
8 0.4328125 0.7921875 0.5171875 0.7921875 0.5171875 0.8921875 0.4328125 0.8921875
7 0.5125 0.1859375 0.6125 0.1859375 0.6125 0.296875 0.5125 0.296875
7 0.45 0.284375 0.5375 0.284375 0.5375 0.384375 0.45 0.384375
7 0.434375 0.4015625 0.5203125 0.4015625 0.5203125 0.4828125 0.434375 0.4828125
5 0.7921875 0.1125 0.890625 0.1125 0.890625 0.2171875 0.7921875 0.2171875
5 0.8078125 0.4046875 0.9125 0.4046875 0.9125 0.484375 0.8078125 0.484375
5 0.53125 0.509375 0.6171875 0.509375 0.6171875 0.5953125 0.53125 0.5953125
5 0.521875 0.6828125 0.609375 0.6828125 0.609375 0.78125 0.521875 0.78125
5 0.715625 0.675 0.8171875 0.675 0.8171875 0.7734375 0.715625 0.7734375
4 0.13125 0.3203125 0.2453125 0.3203125 0.2453125 0.4125 0.13125 0.4125
4 0.6078125 0.0890625 0.715625 0.0890625 0.715625 0.221875 0.6078125 0.221875
4 0.2453125 0.69375 0.3515625 0.69375 0.3515625 0.8125 0.2453125 0.8125
3 0.415625 0.1109375 0.4984375 0.1109375 0.4984375 0.203125 0.415625 0.203125
3 0.7015625 0.2359375 0.7765625 0.2359375 0.7765625 0.3046875 0.7015625 0.3046875
3 0.440625 0.221875 0.4953125 0.221875 0.4953125 0.2953125 0.440625 0.2953125
3 0.265625 0.2375 0.3421875 0.2375 0.3421875 0.3203125 0.265625 0.3203125
3 0.3515625 0.3203125 0.4375 0.3203125 0.4375 0.39375 0.3515625 0.39375
3 0.6390625 0.5046875 0.715625 0.5046875 0.715625 0.559375 0.6390625 0.559375
3 0.8078125 0.5765625 0.88125 0.5765625 0.88125 0.6515625 0.8078125 0.6515625
3 0.15625 0.521875 0.2359375 0.521875 0.2359375 0.5875 0.15625 0.5875
3 0.6328125 0.778125 0.70625 0.778125 0.70625 0.8515625 0.6328125 0.8515625
3 0.45625 0.584375 0.51875 0.584375 0.51875 0.659375 0.45625 0.659375
2 0.7953125 0.3046875 0.9015625 0.3046875 0.9015625 0.3875 0.7953125 0.3875
2 0.140625 0.4109375 0.253125 0.4109375 0.253125 0.5015625 0.140625 0.5015625
2 0.6953125 0.4921875 0.8 0.4921875 0.8 0.575 0.6953125 0.575
2 0.25625 0.796875 0.35 0.796875 0.35 0.903125 0.25625 0.903125
1 0.3453125 0.5140625 0.428125 0.5140625 0.428125 0.6 0.3453125 0.6
1 0.3453125 0.6859375 0.446875 0.6859375 0.446875 0.8140625 0.3453125 0.8140625
1 0.7046875 0.296875 0.8296875 0.296875 0.8296875 0.3984375 0.7046875 0.3984375
0 0.1140625 0.1140625 0.2234375 0.1140625 0.2234375 0.209375 0.1140625 0.209375
0 0.69375 0.3984375 0.78125 0.3984375 0.78125 0.4796875 0.69375 0.4796875
0 0.528125 0.4265625 0.6171875 0.4265625 0.6171875 0.5046875 0.528125 0.5046875
0 0.2609375 0.5 0.3453125 0.5 0.3453125 0.5859375 0.2609375 0.5859375
0 0.5484375 0.7796875 0.6390625 0.7796875 0.6390625 0.8875 0.5484375 0.8875
6 0.521875 0.2984375 0.59375 0.2984375 0.59375 0.384375 0.521875 0.384375
5 0.453125 0.496875 0.5234375 0.496875 0.5234375 0.5765625 0.453125 0.5765625