1 0.6359375 0.5 0.7390625 0.5 0.7390625 0.5765625 0.6359375 0.5765625
4 0.1359375 0.109375 0.259375 0.109375 0.259375 0.20625 0.1359375 0.20625
4 0.13125 0.1984375 0.25625 0.1984375 0.25625 0.2828125 0.13125 0.2828125
4 0.1375 0.2765625 0.253125 0.2765625 0.253125 0.3484375 0.1375 0.3484375
4 0.1390625 0.3578125 0.2625 0.3578125 0.2625 0.428125 0.1390625 0.428125
6 0.640625 0.14375 0.7296875 0.14375 0.7296875 0.2234375 0.640625 0.2234375
6 0.7375 0.21875 0.825 0.21875 0.825 0.2953125 0.7375 0.2953125
6 0.7296875 0.3609375 0.83125 0.3609375 0.83125 0.428125 0.7296875 0.428125
6 0.821875 0.5 0.9328125 0.5 0.9328125 0.559375 0.821875 0.559375
7 0.825 0.1015625 0.9484375 0.1015625 0.9484375 0.1984375 0.825 0.1984375
7 0.828125 0.196875 0.9625 0.196875 0.9625 0.2859375 0.828125 0.2859375
7 0.825 0.28125 0.9546875 0.28125 0.9546875 0.35625 0.825 0.35625
7 0.8265625 0.353125 0.95 0.353125 0.95 0.4203125 0.8265625 0.4203125
7 0.815625 0.428125 0.94375 0.428125 0.94375 0.49375 0.815625 0.49375
10 0.540625 0.503125 0.628125 0.503125 0.628125 0.575 0.540625 0.575
10 0.7203125 0.43125 0.8359375 0.43125 0.8359375 0.4921875 0.7203125 0.4921875
10 0.540625 0.6328125 0.634375 0.6328125 0.634375 0.7203125 0.540625 0.7203125
10 0.63125 0.6328125 0.7328125 0.6328125 0.7328125 0.7203125 0.63125 0.7203125
10 0.7296875 0.6375 0.8359375 0.6375 0.8359375 0.7203125 0.7296875 0.7203125
10 0.815625 0.6375 0.934375 0.6375 0.934375 0.7203125 0.815625 0.7203125
10 0.8171875 0.5640625 0.95 0.5640625 0.95 0.6390625 0.8171875 0.6390625