3 0.2625 0.8109375 0.315625 0.8109375 0.315625 0.8984375 0.2625 0.8984375
3 0.2625 0.721875 0.3171875 0.721875 0.3171875 0.81875 0.2625 0.81875
3 0.253125 0.6296875 0.3140625 0.6296875 0.3140625 0.709375 0.253125 0.709375
3 0.25 0.54375 0.315625 0.54375 0.315625 0.625 0.25 0.625
3 0.25 0.446875 0.309375 0.446875 0.309375 0.5296875 0.25 0.5296875
3 0.24375 0.35625 0.30625 0.35625 0.30625 0.428125 0.24375 0.428125
3 0.2359375 0.240625 0.3 0.240625 0.3 0.3171875 0.2359375 0.3171875
3 0.2328125 0.1296875 0.29375 0.1296875 0.29375 0.209375 0.2328125 0.209375
3 0.325 0.146875 0.3796875 0.146875 0.3796875 0.21875 0.325 0.21875
3 0.33125 0.359375 0.384375 0.359375 0.384375 0.4296875 0.33125 0.4296875
3 0.33125 0.553125 0.384375 0.553125 0.384375 0.6296875 0.33125 0.6296875
3 0.334375 0.63125 0.384375 0.63125 0.384375 0.715625 0.334375 0.715625
3 0.340625 0.728125 0.3953125 0.728125 0.3953125 0.80625 0.340625 0.80625
3 0.340625 0.8046875 0.396875 0.8046875 0.396875 0.8921875 0.340625 0.8921875
3 0.403125 0.44375 0.45 0.44375 0.45 0.51875 0.403125 0.51875
3 0.409375 0.553125 0.4625 0.553125 0.4625 0.628125 0.409375 0.628125
3 0.4109375 0.634375 0.45625 0.634375 0.45625 0.709375 0.4109375 0.709375
3 0.409375 0.7140625 0.453125 0.7140625 0.453125 0.7984375 0.409375 0.7984375
3 0.4125 0.7984375 0.459375 0.7984375 0.459375 0.8921875 0.4125 0.8921875
3 0.478125 0.15625 0.53125 0.15625 0.53125 0.2234375 0.478125 0.2234375
3 0.471875 0.453125 0.525 0.453125 0.525 0.51875 0.471875 0.51875
3 0.478125 0.8046875 0.5265625 0.8046875 0.5265625 0.8921875 0.478125 0.8921875
3 0.5375 0.7890625 0.58125 0.7890625 0.58125 0.8765625 0.5375 0.8765625
3 0.55 0.334375 0.60625 0.334375 0.60625 0.409375 0.55 0.409375
3 0.6296875 0.2375 0.6890625 0.2375 0.6890625 0.309375 0.6296875 0.309375
3 0.625 0.35 0.675 0.35 0.675 0.41875 0.625 0.41875
3 0.61875 0.5453125 0.671875 0.5453125 0.671875 0.6171875 0.61875 0.6171875
3 0.6265625 0.6359375 0.6828125 0.6359375 0.6828125 0.715625 0.6265625 0.715625
3 0.609375 0.8046875 0.659375 0.8046875 0.659375 0.8921875 0.609375 0.8921875
3 0.6796875 0.803125 0.7359375 0.803125 0.7359375 0.8921875 0.6796875 0.8921875
3 0.6890625 0.728125 0.7421875 0.728125 0.7421875 0.8125 0.6890625 0.8125
3 0.6953125 0.6390625 0.7484375 0.6390625 0.7484375 0.728125 0.6953125 0.728125
3 0.6890625 0.534375 0.7546875 0.534375 0.7546875 0.61875 0.6890625 0.61875
3 0.70625 0.446875 0.771875 0.446875 0.771875 0.5171875 0.70625 0.5171875
3 0.7109375 0.3609375 0.7765625 0.3609375 0.7765625 0.4359375 0.7109375 0.4359375
3 0.7078125 0.134375 0.7671875 0.134375 0.7671875 0.20625 0.7078125 0.20625
3 0.784375 0.1359375 0.859375 0.1359375 0.859375 0.2109375 0.784375 0.2109375
3 0.7734375 0.271875 0.8390625 0.271875 0.8390625 0.340625 0.7734375 0.340625
3 0.78125 0.3671875 0.846875 0.3671875 0.846875 0.4375 0.78125 0.4375
3 0.7703125 0.45 0.840625 0.45 0.840625 0.51875 0.7703125 0.51875
3 0.759375 0.53125 0.821875 0.53125 0.821875 0.6109375 0.759375 0.6109375
3 0.7640625 0.634375 0.821875 0.634375 0.821875 0.7125 0.7640625 0.7125
3 0.75 0.7171875 0.809375 0.7171875 0.809375 0.8015625 0.75 0.8015625
3 0.75 0.8125 0.8078125 0.8125 0.8078125 0.903125 0.75 0.903125