9 0.696875 0.8046875 0.7765625 0.8046875 0.7765625 0.896875 0.696875 0.896875
9 0.596875 0.796875 0.671875 0.796875 0.671875 0.8828125 0.596875 0.8828125
9 0.4953125 0.80625 0.5640625 0.80625 0.5640625 0.8890625 0.4953125 0.8890625
9 0.3890625 0.8 0.4609375 0.8 0.4609375 0.884375 0.3890625 0.884375
9 0.2953125 0.7984375 0.3671875 0.7984375 0.3671875 0.8828125 0.2953125 0.8828125
9 0.0875 0.7875 0.1859375 0.7875 0.1859375 0.8734375 0.0875 0.8734375
9 0.815625 0.709375 0.890625 0.709375 0.890625 0.78125 0.815625 0.78125
9 0.690625 0.6984375 0.7640625 0.6984375 0.7640625 0.775 0.690625 0.775
9 0.5859375 0.6984375 0.659375 0.6984375 0.659375 0.778125 0.5859375 0.778125
9 0.39375 0.703125 0.4640625 0.703125 0.4640625 0.784375 0.39375 0.784375
9 0.296875 0.68125 0.36875 0.68125 0.36875 0.75625 0.296875 0.75625
9 0.196875 0.6953125 0.2765625 0.6953125 0.2765625 0.7671875 0.196875 0.7671875
9 0.690625 0.60625 0.7609375 0.60625 0.7609375 0.6703125 0.690625 0.6703125
9 0.5953125 0.590625 0.6625 0.590625 0.6625 0.6546875 0.5953125 0.6546875
9 0.4 0.590625 0.465625 0.590625 0.465625 0.6671875 0.4 0.6671875
9 0.2953125 0.603125 0.3796875 0.603125 0.3796875 0.665625 0.2953125 0.665625
9 0.2 0.596875 0.284375 0.596875 0.284375 0.6609375 0.2 0.6609375
9 0.1 0.6015625 0.190625 0.6015625 0.190625 0.6734375 0.1 0.6734375
9 0.7828125 0.5140625 0.8671875 0.5140625 0.8671875 0.5828125 0.7828125 0.5828125
9 0.584375 0.5078125 0.6515625 0.5078125 0.6515625 0.578125 0.584375 0.578125
9 0.490625 0.496875 0.559375 0.496875 0.559375 0.565625 0.490625 0.565625
9 0.39375 0.5046875 0.4640625 0.5046875 0.4640625 0.571875 0.39375 0.571875
9 0.3 0.496875 0.378125 0.496875 0.378125 0.565625 0.3 0.565625
9 0.209375 0.5 0.290625 0.5 0.290625 0.565625 0.209375 0.565625
9 0.096875 0.5078125 0.1921875 0.5078125 0.1921875 0.578125 0.096875 0.578125
9 0.7890625 0.4109375 0.875 0.4109375 0.875 0.4828125 0.7890625 0.4828125
9 0.6015625 0.39375 0.6703125 0.39375 0.6703125 0.4625 0.6015625 0.4625
9 0.496875 0.4109375 0.565625 0.4109375 0.565625 0.48125 0.496875 0.48125
9 0.396875 0.4015625 0.465625 0.4015625 0.465625 0.465625 0.396875 0.465625
9 0.3078125 0.4046875 0.3796875 0.4046875 0.3796875 0.4765625 0.3078125 0.4765625
9 0.20625 0.425 0.2859375 0.425 0.2859375 0.49375 0.20625 0.49375
9 0.803125 0.3125 0.88125 0.3125 0.88125 0.3828125 0.803125 0.3828125
9 0.6953125 0.3078125 0.76875 0.3078125 0.76875 0.3828125 0.6953125 0.3828125
9 0.4078125 0.3171875 0.48125 0.3171875 0.48125 0.3890625 0.4078125 0.3890625
9 0.2890625 0.3125 0.3734375 0.3125 0.3734375 0.3875 0.2890625 0.3875
9 0.490625 0.2109375 0.5640625 0.2109375 0.5640625 0.29375 0.490625 0.29375
9 0.409375 0.2109375 0.4796875 0.2109375 0.4796875 0.296875 0.409375 0.296875
9 0.2 0.20625 0.2859375 0.20625 0.2859375 0.2859375 0.2 0.2859375
9 0.1078125 0.209375 0.1921875 0.209375 0.1921875 0.2828125 0.1078125 0.2828125
9 0.796875 0.08125 0.8734375 0.08125 0.8734375 0.1640625 0.796875 0.1640625
9 0.69375 0.0828125 0.7703125 0.0828125 0.7703125 0.1765625 0.69375 0.1765625
9 0.590625 0.09375 0.6625 0.09375 0.6625 0.178125 0.590625 0.178125
9 0.38125 0.109375 0.4484375 0.109375 0.4484375 0.1984375 0.38125 0.1984375
9 0.09375 0.1234375 0.184375 0.1234375 0.184375 0.203125 0.09375 0.203125