5 0.5203125 0.43125 0.621875 0.43125 0.621875 0.5015625 0.5203125 0.5015625
5 0.753125 0.4109375 0.8609375 0.4109375 0.8609375 0.490625 0.753125 0.490625
0 0.86875 0.4125 0.9984375 0.4125 0.9984375 0.49375 0.86875 0.49375
0 0.0625 0.4359375 0.1828125 0.4359375 0.1828125 0.496875 0.0625 0.496875
1 0.3015625 0.50625 0.4046875 0.50625 0.4046875 0.5796875 0.3015625 0.5796875
1 0.5234375 0.575 0.628125 0.575 0.628125 0.678125 0.5234375 0.678125
1 0.6296875 0.4921875 0.7640625 0.4921875 0.7640625 0.5890625 0.6296875 0.5890625
1 0.0609375 0.590625 0.20625 0.590625 0.20625 0.6796875 0.0609375 0.6796875
2 0.51875 0.1578125 0.609375 0.1578125 0.609375 0.2453125 0.51875 0.2453125
2 0.6375 0.728125 0.75 0.728125 0.75 0.834375 0.6375 0.834375
2 0.8546875 0.728125 0.965625 0.728125 0.965625 0.8421875 0.8546875 0.8421875
2 0.2109375 0.7484375 0.3109375 0.7484375 0.3109375 0.8484375 0.2109375 0.8484375
3 0.2078125 0.434375 0.2953125 0.434375 0.2953125 0.496875 0.2078125 0.496875
3 0.309375 0.4328125 0.396875 0.4328125 0.396875 0.4859375 0.309375 0.4859375
3 0.640625 0.421875 0.73125 0.421875 0.73125 0.48125 0.640625 0.48125
3 0.653125 0.6578125 0.7390625 0.6578125 0.7390625 0.7296875 0.653125 0.7296875
3 0.4328125 0.6640625 0.509375 0.6640625 0.509375 0.7328125 0.4328125 0.7328125
3 0.2203125 0.6734375 0.3203125 0.6734375 0.3203125 0.7375 0.2203125 0.7375
3 0.1171875 0.75625 0.2078125 0.75625 0.2078125 0.8359375 0.1171875 0.8359375
4 0.8453125 0.5625 1 0.5625 1 0.6671875 0.8453125 0.6671875