5 0.1421875 0.2125 0.2546875 0.2125 0.2546875 0.296875 0.1421875 0.296875
5 0.40625 0.225 0.496875 0.225 0.496875 0.3046875 0.40625 0.3046875
5 0.6171875 0.2265625 0.7234375 0.2265625 0.7234375 0.3015625 0.6171875 0.3015625
5 0.7328125 0.2203125 0.83125 0.2203125 0.83125 0.3 0.7328125 0.3
5 0.8359375 0.2203125 0.9515625 0.2203125 0.9515625 0.3109375 0.8359375 0.3109375
5 0.01875 0.315625 0.14375 0.315625 0.14375 0.3890625 0.01875 0.3890625
5 0.2703125 0.309375 0.36875 0.309375 0.36875 0.3890625 0.2703125 0.3890625
5 0.4890625 0.3203125 0.5828125 0.3203125 0.5828125 0.390625 0.4890625 0.390625
5 0.71875 0.3203125 0.8296875 0.3203125 0.8296875 0.3890625 0.71875 0.3890625
5 0.3875 0.4015625 0.471875 0.4015625 0.471875 0.4703125 0.3875 0.4703125
5 0.28125 0.478125 0.3796875 0.478125 0.3796875 0.54375 0.28125 0.54375