3 0.69375 0.215625 0.7875 0.215625 0.7875 0.2921875 0.69375 0.2921875
3 0.790625 0.2953125 0.8953125 0.2953125 0.8953125 0.3578125 0.790625 0.3578125
3 0.690625 0.378125 0.775 0.378125 0.775 0.4359375 0.690625 0.4359375
3 0.771875 0.4421875 0.8828125 0.4421875 0.8828125 0.5140625 0.771875 0.5140625
3 0.6765625 0.5828125 0.78125 0.5828125 0.78125 0.64375 0.6765625 0.64375
3 0.7734375 0.6640625 0.8859375 0.6640625 0.8859375 0.725 0.7734375 0.725
3 0.6765625 0.7328125 0.7671875 0.7328125 0.7671875 0.7953125 0.6765625 0.7953125
0 0.075 0.175 0.203125 0.175 0.203125 0.25625 0.075 0.25625
0 0.184375 0.2734375 0.309375 0.2734375 0.309375 0.35625 0.184375 0.35625
0 0.309375 0.3546875 0.4015625 0.3546875 0.4015625 0.421875 0.309375 0.421875
0 0.1921875 0.4421875 0.296875 0.4421875 0.296875 0.5140625 0.1921875 0.5140625
0 0.0875 0.5125 0.184375 0.5125 0.184375 0.58125 0.0875 0.58125
0 0.2046875 0.5828125 0.3 0.5828125 0.3 0.6609375 0.2046875 0.6609375
0 0.06875 0.734375 0.184375 0.734375 0.184375 0.828125 0.06875 0.828125
2 0.415625 0.1984375 0.515625 0.1984375 0.515625 0.2859375 0.415625 0.2859375
2 0.4046875 0.496875 0.50625 0.496875 0.50625 0.5796875 0.4046875 0.5796875
2 0.3734375 0.7265625 0.4953125 0.7265625 0.4953125 0.821875 0.3734375 0.821875
5 0.5140625 0.3578125 0.603125 0.3578125 0.603125 0.4375 0.5140625 0.4375
5 0.5140625 0.584375 0.6140625 0.584375 0.6140625 0.6546875 0.5140625 0.6546875