10 0.7625 0.440625 0.871875 0.440625 0.871875 0.48125 0.7625 0.48125
10 0.5265625 0.5390625 0.6546875 0.5390625 0.6546875 0.578125 0.5265625 0.578125
7 0.7546875 0.3859375 0.8640625 0.3859375 0.8640625 0.4359375 0.7546875 0.4359375
7 0.7546875 0.5890625 0.8796875 0.5890625 0.8796875 0.634375 0.7546875 0.634375
9 0.8125 0.6453125 0.884375 0.6453125 0.884375 0.675 0.8125 0.675
9 0.434375 0.40625 0.509375 0.40625 0.509375 0.434375 0.434375 0.434375
9 0.2546875 0.5515625 0.3390625 0.5515625 0.3390625 0.5796875 0.2546875 0.5796875
9 0.15 0.5953125 0.240625 0.5953125 0.240625 0.6234375 0.15 0.6234375
9 0.246875 0.6890625 0.33125 0.6890625 0.33125 0.71875 0.246875 0.71875
9 0.1625 0.459375 0.24375 0.459375 0.24375 0.4875 0.1625 0.4875
9 0.0640625 0.421875 0.1515625 0.421875 0.1515625 0.45 0.0640625 0.45
6 0.7765625 0.5375 0.8671875 0.5375 0.8671875 0.571875 0.7765625 0.571875
6 0.6546875 0.434375 0.75 0.434375 0.75 0.46875 0.6546875 0.46875
6 0.75625 0.490625 0.84375 0.490625 0.84375 0.521875 0.75625 0.521875
6 0.55 0.7015625 0.646875 0.7015625 0.646875 0.7390625 0.55 0.7390625
6 0.3359375 0.6859375 0.4390625 0.6859375 0.4390625 0.7234375 0.3359375 0.7234375
6 0.134375 0.5015625 0.240625 0.5015625 0.240625 0.5328125 0.134375 0.5328125
11 0.325 0.390625 0.4265625 0.390625 0.4265625 0.4296875 0.325 0.4296875
11 0.2171875 0.353125 0.3328125 0.353125 0.3328125 0.390625 0.2171875 0.390625
11 0.221875 0.5015625 0.334375 0.5015625 0.334375 0.5390625 0.221875 0.5390625
11 0.0328125 0.54375 0.146875 0.54375 0.146875 0.5734375 0.0328125 0.5734375
11 0.0359375 0.590625 0.1453125 0.590625 0.1453125 0.621875 0.0359375 0.621875
11 0.0265625 0.690625 0.1359375 0.690625 0.1359375 0.725 0.0265625 0.725
8 0.6578125 0.496875 0.7515625 0.496875 0.7515625 0.5359375 0.6578125 0.5359375
8 0.4109375 0.3421875 0.5265625 0.3421875 0.5265625 0.3875 0.4109375 0.3875
8 0.3171875 0.4546875 0.440625 0.4546875 0.440625 0.4921875 0.3171875 0.4921875
8 0.3375 0.54375 0.446875 0.54375 0.446875 0.5875 0.3375 0.5875
8 0.3328125 0.640625 0.4453125 0.640625 0.4453125 0.68125 0.3328125 0.68125
7 0.0078125 0.6375 0.165625 0.6375 0.165625 0.678125 0.0078125 0.678125
8 0.11875 0.68125 0.240625 0.68125 0.240625 0.721875 0.11875 0.721875
2 0.7828125 0.696875 0.8984375 0.696875 0.8984375 0.74375 0.7828125 0.74375
2 0.6671875 0.6921875 0.7734375 0.6921875 0.7734375 0.7375 0.6671875 0.7375
2 0.146875 0.54375 0.25625 0.54375 0.25625 0.578125 0.146875 0.578125
2 0.140625 0.3953125 0.25 0.3953125 0.25 0.4390625 0.140625 0.4390625
5 0.65625 0.6453125 0.7625 0.6453125 0.7625 0.684375 0.65625 0.684375
5 0.6640625 0.5421875 0.75625 0.5421875 0.75625 0.578125 0.6640625 0.578125
5 0.5203125 0.4890625 0.6296875 0.4890625 0.6296875 0.5265625 0.5203125 0.5265625
5 0.6328125 0.4 0.7375 0.4 0.7375 0.4375 0.6328125 0.4375
5 0.4421875 0.4484375 0.5390625 0.4484375 0.5390625 0.484375 0.4421875 0.484375
5 0.05 0.3640625 0.159375 0.3640625 0.159375 0.4046875 0.05 0.4046875
5 0.0484375 0.453125 0.1640625 0.453125 0.1640625 0.49375 0.0484375 0.49375
0 0.01875 0.5015625 0.134375 0.5015625 0.134375 0.534375 0.01875 0.534375
0 0.1265625 0.3578125 0.2375 0.3578125 0.2375 0.3953125 0.1265625 0.3953125
0 0.225 0.45625 0.3296875 0.45625 0.3296875 0.4890625 0.225 0.4890625
0 0.3359375 0.5046875 0.4390625 0.5046875 0.4390625 0.5375 0.3359375 0.5375
0 0.3421875 0.35 0.4453125 0.35 0.4453125 0.3859375 0.3421875 0.3859375
0 0.7578125 0.33125 0.8546875 0.33125 0.8546875 0.3703125 0.7578125 0.3703125
4 0.4203125 0.6921875 0.5484375 0.6921875 0.5484375 0.7453125 0.4203125 0.7453125
4 0.5296875 0.5921875 0.6671875 0.5921875 0.6671875 0.6359375 0.5296875 0.6359375
4 0.5265625 0.4421875 0.6453125 0.4421875 0.6453125 0.4828125 0.5265625 0.4828125
1 0.5046875 0.64375 0.64375 0.64375 0.64375 0.69375 0.5046875 0.69375
1 0.50625 0.3890625 0.634375 0.3890625 0.634375 0.4359375 0.50625 0.4359375
1 0.4125 0.540625 0.540625 0.540625 0.540625 0.584375 0.4125 0.584375
5 0.2296875 0.5984375 0.3390625 0.5984375 0.3390625 0.634375 0.2296875 0.634375
10 0.203125 0.6390625 0.33125 0.6390625 0.33125 0.6765625 0.203125 0.6765625