9 0.284375 0.49375 0.35 0.49375 0.35 0.51875 0.284375 0.51875
9 0.384375 0.5921875 0.44375 0.5921875 0.44375 0.61875 0.384375 0.61875
8 0.171875 0.584375 0.265625 0.584375 0.265625 0.615625 0.171875 0.615625
8 0.35 0.6265625 0.434375 0.6265625 0.434375 0.659375 0.35 0.659375
8 0.6578125 0.540625 0.7328125 0.540625 0.7328125 0.571875 0.6578125 0.571875
6 0.078125 0.584375 0.1671875 0.584375 0.1671875 0.615625 0.078125 0.615625
6 0.6046875 0.4125 0.671875 0.4125 0.671875 0.440625 0.6046875 0.440625
6 0.3703125 0.5453125 0.4484375 0.5453125 0.4484375 0.5734375 0.3703125 0.5734375
7 0.2875 0.4015625 0.390625 0.4015625 0.390625 0.4375 0.2875 0.4375
7 0.559375 0.590625 0.646875 0.590625 0.646875 0.63125 0.559375 0.63125
11 0.35 0.6671875 0.4359375 0.6671875 0.4359375 0.70625 0.35 0.70625
11 0.55625 0.36875 0.63125 0.36875 0.63125 0.403125 0.55625 0.403125
2 0.096875 0.446875 0.1921875 0.446875 0.1921875 0.478125 0.096875 0.478125
2 0.1953125 0.45 0.275 0.45 0.275 0.48125 0.1953125 0.48125
2 0.478125 0.5484375 0.55 0.5484375 0.55 0.5828125 0.478125 0.5828125
3 0.7875 0.5578125 0.846875 0.5578125 0.846875 0.584375 0.7875 0.584375
3 0.56875 0.54375 0.63125 0.54375 0.63125 0.5703125 0.56875 0.5703125
3 0.3828125 0.5046875 0.44375 0.5046875 0.44375 0.5296875 0.3828125 0.5296875
3 0.1875 0.49375 0.2578125 0.49375 0.2578125 0.51875 0.1875 0.51875
5 0.2765625 0.5890625 0.3609375 0.5890625 0.3609375 0.6234375 0.2765625 0.6234375
5 0.465625 0.59375 0.5421875 0.59375 0.5421875 0.628125 0.465625 0.628125
5 0.7546875 0.6390625 0.8359375 0.6390625 0.8359375 0.6765625 0.7546875 0.6765625
1 0.6328125 0.6328125 0.7125 0.6328125 0.7125 0.6796875 0.6328125 0.6796875
1 0.4703125 0.45625 0.5609375 0.45625 0.5609375 0.490625 0.4703125 0.490625
4 0.48125 0.4984375 0.56875 0.4984375 0.56875 0.5359375 0.48125 0.5359375
4 0.671875 0.45625 0.7578125 0.45625 0.7578125 0.4890625 0.671875 0.4890625