7 0.234375 0.0578125 0.309375 0.0578125 0.309375 0.165625 0.234375 0.165625
7 0.59375 0.05625 0.659375 0.05625 0.659375 0.175 0.59375 0.175
7 0.7203125 0.2546875 0.803125 0.2546875 0.803125 0.3515625 0.7203125 0.3515625
7 0.728125 0.7296875 0.815625 0.7296875 0.815625 0.825 0.728125 0.825
10 0.24375 0.259375 0.315625 0.259375 0.315625 0.353125 0.24375 0.353125
10 0.234375 0.4578125 0.309375 0.4578125 0.309375 0.5296875 0.234375 0.5296875
10 0.2328125 0.5515625 0.3078125 0.5515625 0.3078125 0.6234375 0.2328125 0.6234375
10 0.73125 0.071875 0.81875 0.071875 0.81875 0.1875 0.73125 0.1875
10 0.725 0.371875 0.815625 0.371875 0.815625 0.45 0.725 0.45
10 0.734375 0.55 0.815625 0.55 0.815625 0.6203125 0.734375 0.6203125
10 0.728125 0.6390625 0.821875 0.6390625 0.821875 0.71875 0.728125 0.71875
9 0.33125 0.18125 0.378125 0.18125 0.378125 0.25625 0.33125 0.25625
9 0.396875 0.271875 0.4421875 0.271875 0.4421875 0.340625 0.396875 0.340625
9 0.4625 0.3796875 0.509375 0.3796875 0.509375 0.4421875 0.4625 0.4421875
9 0.540625 0.46875 0.5875 0.46875 0.5875 0.534375 0.540625 0.534375
9 0.5984375 0.55625 0.6515625 0.55625 0.6515625 0.61875 0.5984375 0.61875
9 0.6546875 0.64375 0.7078125 0.64375 0.7078125 0.7140625 0.6546875 0.7140625
9 0.3875 0.4640625 0.446875 0.4640625 0.446875 0.53125 0.3875 0.53125
9 0.3265625 0.55625 0.3796875 0.55625 0.3796875 0.61875 0.3265625 0.61875
9 0.2515625 0.640625 0.3078125 0.640625 0.3078125 0.70625 0.2515625 0.70625
9 0.525 0.28125 0.5734375 0.28125 0.5734375 0.35625 0.525 0.35625
9 0.5890625 0.19375 0.6484375 0.19375 0.6484375 0.271875 0.5890625 0.271875
6 0.31875 0.0859375 0.378125 0.0859375 0.378125 0.1671875 0.31875 0.1671875
6 0.4640625 0.0796875 0.5078125 0.0796875 0.5078125 0.175 0.4640625 0.175
6 0.53125 0.0765625 0.5796875 0.0765625 0.5796875 0.165625 0.53125 0.165625
6 0.6671875 0.0859375 0.721875 0.0859375 0.721875 0.178125 0.6671875 0.178125
1 0.221875 0.734375 0.3140625 0.734375 0.3140625 0.840625 0.221875 0.840625
4 0.2375 0.3578125 0.3109375 0.3578125 0.3109375 0.4375 0.2375 0.4375
4 0.2328125 0.159375 0.3125 0.159375 0.3125 0.2515625 0.2328125 0.2515625
4 0.71875 0.1609375 0.809375 0.1609375 0.809375 0.2625 0.71875 0.2625
4 0.73125 0.45625 0.83125 0.45625 0.83125 0.528125 0.73125 0.528125
7 0.3859375 0.05 0.4453125 0.05 0.4453125 0.178125 0.3859375 0.178125