11 0.50625 0.090625 0.559375 0.090625 0.559375 0.184375 0.50625 0.184375
11 0.5078125 0.1875 0.5703125 0.1875 0.5703125 0.2765625 0.5078125 0.2765625
11 0.434375 0.175 0.5046875 0.175 0.5046875 0.271875 0.434375 0.271875
11 0.4390625 0.4765625 0.4984375 0.4765625 0.4984375 0.5453125 0.4390625 0.5453125
9 0.225 0.0890625 0.284375 0.0890625 0.284375 0.1734375 0.225 0.1734375
9 0.2234375 0.290625 0.2796875 0.290625 0.2796875 0.3578125 0.2234375 0.3578125
9 0.3015625 0.2828125 0.353125 0.2828125 0.353125 0.3578125 0.3015625 0.3578125
9 0.225 0.4796875 0.2859375 0.4796875 0.2859375 0.5484375 0.225 0.5484375
9 0.2234375 0.5640625 0.284375 0.5640625 0.284375 0.6390625 0.2234375 0.6390625
9 0.290625 0.48125 0.353125 0.48125 0.353125 0.546875 0.290625 0.546875
9 0.29375 0.575 0.346875 0.575 0.346875 0.6390625 0.29375 0.6390625
9 0.578125 0.459375 0.634375 0.459375 0.634375 0.534375 0.578125 0.534375
9 0.653125 0.46875 0.703125 0.46875 0.703125 0.559375 0.653125 0.559375
9 0.7171875 0.3765625 0.7703125 0.3765625 0.7703125 0.4515625 0.7171875 0.4515625
9 0.7125 0.28125 0.76875 0.28125 0.76875 0.35 0.7125 0.35
8 0.3609375 0.0859375 0.428125 0.0859375 0.428125 0.1828125 0.3609375 0.1828125
8 0.290625 0.0859375 0.35 0.0859375 0.35 0.1890625 0.290625 0.1890625
8 0.440625 0.0828125 0.4984375 0.0828125 0.4984375 0.16875 0.440625 0.16875
8 0.7015625 0.1625 0.7796875 0.1625 0.7796875 0.2734375 0.7015625 0.2734375
7 0.6390625 0.05625 0.7140625 0.05625 0.7140625 0.18125 0.6390625 0.18125
6 0.503125 0.3609375 0.571875 0.3609375 0.571875 0.4515625 0.503125 0.4515625
6 0.5765625 0.2796875 0.6421875 0.2796875 0.6421875 0.36875 0.5765625 0.36875
6 0.640625 0.3734375 0.7 0.3734375 0.7 0.446875 0.640625 0.446875
6 0.3734375 0.2734375 0.4296875 0.2734375 0.4296875 0.3546875 0.3734375 0.3546875
6 0.571875 0.0796875 0.6328125 0.0796875 0.6328125 0.184375 0.571875 0.184375
5 0.71875 0.075 0.771875 0.075 0.771875 0.1578125 0.71875 0.1578125
5 0.571875 0.3703125 0.63125 0.3703125 0.63125 0.453125 0.571875 0.453125
3 0.2984375 0.1953125 0.3609375 0.1953125 0.3609375 0.2734375 0.2984375 0.2734375
3 0.228125 0.1953125 0.2875 0.1953125 0.2875 0.2765625 0.228125 0.2765625
3 0.4375 0.378125 0.4875 0.378125 0.4875 0.45 0.4375 0.45
3 0.509375 0.284375 0.5625 0.284375 0.5625 0.353125 0.509375 0.353125
3 0.575 0.1921875 0.634375 0.1921875 0.634375 0.271875 0.575 0.271875
3 0.715625 0.46875 0.79375 0.46875 0.79375 0.5484375 0.715625 0.5484375
3 0.440625 0.5515625 0.50625 0.5515625 0.50625 0.6453125 0.440625 0.6453125
2 0.3671875 0.359375 0.43125 0.359375 0.43125 0.453125 0.3671875 0.453125
2 0.2984375 0.365625 0.359375 0.365625 0.359375 0.453125 0.2984375 0.453125
2 0.21875 0.35625 0.290625 0.35625 0.290625 0.46875 0.21875 0.46875
0 0.365625 0.1828125 0.41875 0.1828125 0.41875 0.26875 0.365625 0.26875
0 0.64375 0.1859375 0.7046875 0.1859375 0.7046875 0.2703125 0.64375 0.2703125
0 0.6421875 0.265625 0.7078125 0.265625 0.7078125 0.3609375 0.6421875 0.3609375
0 0.50625 0.4609375 0.5625 0.4609375 0.5625 0.540625 0.50625 0.540625
0 0.434375 0.28125 0.49375 0.28125 0.49375 0.3578125 0.434375 0.3578125
0 0.36875 0.475 0.428125 0.475 0.428125 0.559375 0.36875 0.559375
0 0.3640625 0.5640625 0.4234375 0.5640625 0.4234375 0.64375 0.3640625 0.64375