7 0.075 0.134375 0.1984375 0.134375 0.1984375 0.24375 0.075 0.24375
7 0.1671875 0.64375 0.2765625 0.64375 0.2765625 0.7390625 0.1671875 0.7390625
7 0.5109375 0.646875 0.5890625 0.646875 0.5890625 0.7453125 0.5109375 0.7453125
10 0.7015625 0.446875 0.8109375 0.446875 0.8109375 0.5203125 0.7015625 0.5203125
10 0.065625 0.4375 0.19375 0.4375 0.19375 0.5125 0.065625 0.5125
10 0.1859375 0.7453125 0.2953125 0.7453125 0.2953125 0.846875 0.1859375 0.846875
6 0.315625 0.74375 0.390625 0.74375 0.390625 0.8234375 0.315625 0.8234375
6 0.3265625 0.1375 0.4015625 0.1375 0.4015625 0.23125 0.3265625 0.23125
6 0.634375 0.1328125 0.703125 0.1328125 0.703125 0.221875 0.634375 0.221875
6 0.203125 0.34375 0.2859375 0.34375 0.2859375 0.41875 0.203125 0.41875
6 0.3140625 0.371875 0.3890625 0.371875 0.3890625 0.4421875 0.3140625 0.4421875
8 0.3109375 0.2390625 0.3921875 0.2390625 0.3921875 0.3140625 0.3109375 0.3140625
8 0.2078125 0.2390625 0.29375 0.2390625 0.29375 0.3296875 0.2078125 0.3296875
8 0.4953125 0.2453125 0.5734375 0.2453125 0.5734375 0.325 0.4953125 0.325
8 0.221875 0.5546875 0.3078125 0.5546875 0.3078125 0.634375 0.221875 0.634375
8 0.2 0.4484375 0.290625 0.4484375 0.290625 0.521875 0.2 0.521875
8 0.2203125 0.8421875 0.3 0.8421875 0.3 0.9453125 0.2203125 0.9453125
11 0.50625 0.140625 0.575 0.140625 0.575 0.2265625 0.50625 0.2265625
11 0.33125 0.6359375 0.4 0.6359375 0.4 0.7125 0.33125 0.7125
11 0.5828125 0.7421875 0.659375 0.7421875 0.659375 0.834375 0.5828125 0.834375
11 0.5203125 0.840625 0.5984375 0.840625 0.5984375 0.9421875 0.5203125 0.9421875
6 0.5046875 0.35625 0.565625 0.35625 0.565625 0.425 0.5046875 0.425
2 0.41875 0.246875 0.496875 0.246875 0.496875 0.33125 0.41875 0.33125
2 0.6015625 0.5328125 0.675 0.5328125 0.675 0.6078125 0.6015625 0.6078125
2 0.61875 0.8375 0.703125 0.8375 0.703125 0.934375 0.61875 0.934375
2 0.6203125 0.4515625 0.684375 0.4515625 0.684375 0.515625 0.6203125 0.515625
0 0.1 0.334375 0.1984375 0.334375 0.1984375 0.40625 0.1 0.40625
0 0.403125 0.6453125 0.465625 0.6453125 0.465625 0.7140625 0.403125 0.7140625
0 0.609375 0.25625 0.678125 0.25625 0.678125 0.334375 0.609375 0.334375
0 0.7 0.5484375 0.7734375 0.5484375 0.7734375 0.615625 0.7 0.615625
0 0.696875 0.7734375 0.771875 0.7734375 0.771875 0.8578125 0.696875 0.8578125
3 0.625 0.653125 0.68125 0.653125 0.68125 0.709375 0.625 0.709375
5 0.4234375 0.7421875 0.4890625 0.7421875 0.4890625 0.83125 0.4234375 0.83125
5 0.5109375 0.73125 0.5765625 0.73125 0.5765625 0.825 0.5109375 0.825
5 0.5203125 0.5453125 0.5828125 0.5453125 0.5828125 0.6171875 0.5203125 0.6171875
5 0.709375 0.3734375 0.7890625 0.3734375 0.7890625 0.4390625 0.709375 0.4390625
5 0.2921875 0.4578125 0.36875 0.4578125 0.36875 0.5234375 0.2921875 0.5234375
5 0.7140625 0.2515625 0.7875 0.2515625 0.7875 0.3328125 0.7140625 0.3328125
9 0.4109375 0.35625 0.4671875 0.35625 0.4671875 0.4109375 0.4109375 0.4109375
4 0.4234375 0.45 0.5 0.45 0.5 0.521875 0.4234375 0.521875
4 0.60625 0.35625 0.690625 0.35625 0.690625 0.4359375 0.60625 0.4359375
4 0.4046875 0.55 0.4828125 0.55 0.4828125 0.6265625 0.4046875 0.6265625
1 0.725 0.1171875 0.825 0.1171875 0.825 0.23125 0.725 0.23125
3 0.3171875 0.5453125 0.378125 0.5453125 0.378125 0.6 0.3171875 0.6
1 0.5140625 0.45625 0.5890625 0.45625 0.5890625 0.5296875 0.5140625 0.5296875
1 0.7 0.65 0.8046875 0.65 0.8046875 0.753125 0.7 0.753125