3 0.5046875 0.409375 0.5765625 0.409375 0.5765625 0.45625 0.5046875 0.45625
3 0.5046875 0.3375 0.5703125 0.3375 0.5703125 0.3875 0.5046875 0.3875
3 0.696875 0.15 0.7734375 0.15 0.7734375 0.215625 0.696875 0.215625
3 0.41875 0.646875 0.484375 0.646875 0.484375 0.6984375 0.41875 0.6984375
3 0.31875 0.6515625 0.384375 0.6515625 0.384375 0.7046875 0.31875 0.7046875
3 0.2078125 0.7390625 0.2828125 0.7390625 0.2828125 0.80625 0.2078125 0.80625
3 0.3 0.50625 0.371875 0.50625 0.371875 0.5515625 0.3 0.5515625
1 0.3859375 0.3171875 0.4765625 0.3171875 0.4765625 0.396875 0.3859375 0.396875
1 0.15 0.3265625 0.2671875 0.3265625 0.2671875 0.4 0.15 0.4
1 0.596875 0.3890625 0.7015625 0.3890625 0.7015625 0.45625 0.596875 0.45625
1 0.796875 0.3046875 0.946875 0.3046875 0.946875 0.38125 0.796875 0.38125
2 0.0421875 0.5 0.1609375 0.5 0.1609375 0.565625 0.0421875 0.565625
2 0.6 0.4765625 0.69375 0.4765625 0.69375 0.5390625 0.6 0.5390625
2 0.821875 0.5453125 0.940625 0.5453125 0.940625 0.6078125 0.821875 0.6078125
2 0.80625 0.4578125 0.9078125 0.4578125 0.9078125 0.5265625 0.80625 0.5265625
6 0.4984375 0.2375 0.5703125 0.2375 0.5703125 0.3046875 0.4984375 0.3046875
6 0.4859375 0.1453125 0.5546875 0.1453125 0.5546875 0.2234375 0.4859375 0.2234375
6 0.6015625 0.325 0.684375 0.325 0.684375 0.38125 0.6015625 0.38125
6 0.715625 0.3984375 0.803125 0.3984375 0.803125 0.4515625 0.715625 0.4515625
9 0.4125 0.565625 0.4828125 0.565625 0.4828125 0.615625 0.4125 0.615625
9 0.5046875 0.4796875 0.5703125 0.4796875 0.5703125 0.528125 0.5046875 0.528125
9 0.5359375 0.7171875 0.6109375 0.7171875 0.6109375 0.7796875 0.5359375 0.7796875
9 0.70625 0.2375 0.78125 0.2375 0.78125 0.296875 0.70625 0.296875
11 0.503125 0.565625 0.5828125 0.565625 0.5828125 0.628125 0.503125 0.628125
11 0.7203125 0.559375 0.8171875 0.559375 0.8171875 0.621875 0.7203125 0.621875
11 0.28125 0.3375 0.3609375 0.3375 0.3609375 0.4 0.28125 0.4
0 0.40625 0.490625 0.484375 0.490625 0.484375 0.5453125 0.40625 0.5453125
0 0.15 0.159375 0.2578125 0.159375 0.2578125 0.240625 0.15 0.240625
5 0.390625 0.4109375 0.4703125 0.4109375 0.4703125 0.4734375 0.390625 0.4734375
5 0.3078125 0.575 0.390625 0.575 0.390625 0.640625 0.3078125 0.640625
8 0.5921875 0.2296875 0.6859375 0.2296875 0.6859375 0.3046875 0.5921875 0.3046875
8 0.0375 0.1625 0.1375 0.1625 0.1375 0.2515625 0.0375 0.2515625
4 0.715625 0.634375 0.8484375 0.634375 0.8484375 0.7171875 0.715625 0.7171875
10 0.3625 0.134375 0.4515625 0.134375 0.4515625 0.2375 0.3625 0.2375