8 0.3390625 0.703125 0.4203125 0.703125 0.4203125 0.8125 0.3390625 0.8125
8 0.80625 0.7859375 0.934375 0.7859375 0.934375 0.9171875 0.80625 0.9171875
8 0.7140625 0.7828125 0.8046875 0.7828125 0.8046875 0.896875 0.7140625 0.896875
8 0.725 0.509375 0.81875 0.509375 0.81875 0.590625 0.725 0.590625
8 0.3359375 0.5140625 0.434375 0.5140625 0.434375 0.5984375 0.3359375 0.5984375
8 0.090625 0.509375 0.209375 0.509375 0.209375 0.603125 0.090625 0.603125
8 0.421875 0.40625 0.5265625 0.40625 0.5265625 0.49375 0.421875 0.49375
8 0.821875 0.3953125 0.934375 0.3953125 0.934375 0.4953125 0.821875 0.4953125
8 0.7328125 0.296875 0.8265625 0.296875 0.8265625 0.396875 0.7328125 0.396875
8 0.3265625 0.3109375 0.4140625 0.3109375 0.4140625 0.3953125 0.3265625 0.3953125
8 0.203125 0.303125 0.3171875 0.303125 0.3171875 0.39375 0.203125 0.39375
8 0.3046875 0.196875 0.4171875 0.196875 0.4171875 0.29375 0.3046875 0.29375
8 0.5265625 0.1953125 0.615625 0.1953125 0.615625 0.2796875 0.5265625 0.2796875
8 0.4125 0.0734375 0.5203125 0.0734375 0.5203125 0.1859375 0.4125 0.1859375
8 0.74375 0.075 0.8484375 0.075 0.8484375 0.184375 0.74375 0.184375
8 0.0859375 0.075 0.2078125 0.075 0.2078125 0.190625 0.0859375 0.190625
2 0.5421875 0.79375 0.6375 0.79375 0.6375 0.9078125 0.5421875 0.9078125
2 0.2390625 0.8 0.3375 0.8 0.3375 0.9140625 0.2390625 0.9140625
2 0.134375 0.7125 0.2171875 0.7125 0.2171875 0.81875 0.134375 0.81875
2 0.828125 0.69375 0.9453125 0.69375 0.9453125 0.79375 0.828125 0.79375
2 0.715625 0.6015625 0.81875 0.6015625 0.81875 0.7203125 0.715625 0.7203125
2 0.434375 0.609375 0.525 0.609375 0.525 0.684375 0.434375 0.684375
2 0.1125 0.6109375 0.2453125 0.6109375 0.2453125 0.7046875 0.1125 0.7046875
2 0.6265625 0.5015625 0.7265625 0.5015625 0.7265625 0.584375 0.6265625 0.584375
2 0.5375 0.5140625 0.609375 0.5140625 0.609375 0.6109375 0.5375 0.6109375
2 0.5328125 0.3953125 0.6109375 0.3953125 0.6109375 0.4953125 0.5328125 0.4953125
2 0.1078125 0.3109375 0.2078125 0.3109375 0.2078125 0.4 0.1078125 0.4
2 0.8359375 0.20625 0.965625 0.20625 0.965625 0.3015625 0.8359375 0.3015625
2 0.6296875 0.20625 0.721875 0.20625 0.721875 0.2953125 0.6296875 0.2953125