9 0.7703125 0.1328125 0.8359375 0.1328125 0.8359375 0.20625 0.7703125 0.20625
9 0.6984375 0.140625 0.753125 0.140625 0.753125 0.21875 0.6984375 0.21875
9 0.6984375 0.321875 0.746875 0.321875 0.746875 0.384375 0.6984375 0.384375
9 0.634375 0.4125 0.684375 0.4125 0.684375 0.478125 0.634375 0.478125
9 0.69375 0.4203125 0.75 0.4203125 0.75 0.484375 0.69375 0.484375
9 0.4265625 0.5015625 0.475 0.5015625 0.475 0.5671875 0.4265625 0.5671875
9 0.63125 0.4984375 0.6859375 0.4984375 0.6859375 0.5625 0.63125 0.5625
9 0.765625 0.5 0.828125 0.5 0.828125 0.56875 0.765625 0.56875
9 0.35625 0.5890625 0.4046875 0.5890625 0.4046875 0.659375 0.35625 0.659375
9 0.5625 0.5875 0.6125 0.5875 0.6125 0.6578125 0.5625 0.6578125
9 0.6234375 0.6765625 0.6796875 0.6765625 0.6796875 0.7421875 0.6234375 0.7421875
6 0.4265625 0.4046875 0.475 0.4046875 0.475 0.46875 0.4265625 0.46875
6 0.3640625 0.4984375 0.4109375 0.4984375 0.4109375 0.56875 0.3640625 0.56875
6 0.2859375 0.5875 0.340625 0.5875 0.340625 0.6625 0.2859375 0.6625
6 0.6953125 0.5875 0.7671875 0.5875 0.7671875 0.6625 0.6953125 0.6625
1 0.35 0.3953125 0.4109375 0.3953125 0.4109375 0.4796875 0.35 0.4796875
4 0.2765625 0.0734375 0.353125 0.0734375 0.353125 0.190625 0.2765625 0.190625
4 0.284375 0.1953125 0.3515625 0.1953125 0.3515625 0.290625 0.284375 0.290625
4 0.284375 0.3 0.3515625 0.3 0.3515625 0.39375 0.284375 0.39375
4 0.3625 0.190625 0.421875 0.190625 0.421875 0.2953125 0.3625 0.2953125
7 0.6265625 0.09375 0.7 0.09375 0.7 0.2140625 0.6265625 0.2140625
7 0.6328125 0.30625 0.7015625 0.30625 0.7015625 0.390625 0.6328125 0.390625
7 0.553125 0.759375 0.6296875 0.759375 0.6296875 0.878125 0.553125 0.878125
7 0.55625 0.4921875 0.6296875 0.4921875 0.6296875 0.5765625 0.55625 0.5765625
7 0.4296875 0.0859375 0.490625 0.0859375 0.490625 0.2078125 0.4296875 0.2078125
10 0.4984375 0.0875 0.5578125 0.0875 0.5578125 0.2 0.4984375 0.2
10 0.5609375 0.20625 0.63125 0.20625 0.63125 0.3078125 0.5609375 0.3078125
10 0.490625 0.2953125 0.55 0.2953125 0.55 0.3921875 0.490625 0.3921875
10 0.565625 0.3015625 0.628125 0.3015625 0.628125 0.390625 0.565625 0.390625
10 0.5640625 0.403125 0.63125 0.403125 0.63125 0.4859375 0.5640625 0.4859375
10 0.415625 0.778125 0.4734375 0.778125 0.4734375 0.8875 0.415625 0.8875
10 0.6953125 0.7765625 0.7796875 0.7765625 0.7796875 0.903125 0.6953125 0.903125