3 0.571875 0.184375 0.6203125 0.184375 0.6203125 0.2609375 0.571875 0.2609375
3 0.5796875 0.075 0.6265625 0.075 0.6265625 0.1640625 0.5796875 0.1640625
3 0.6609375 0.065625 0.7171875 0.065625 0.7171875 0.16875 0.6609375 0.16875
3 0.6515625 0.7296875 0.7171875 0.7296875 0.7171875 0.809375 0.6515625 0.809375
3 0.41875 0.0765625 0.4703125 0.0765625 0.4703125 0.1640625 0.41875 0.1640625
3 0.171875 0.40625 0.2421875 0.40625 0.2421875 0.478125 0.171875 0.478125
3 0.1578125 0.8375 0.2234375 0.8375 0.2234375 0.91875 0.1578125 0.91875
4 0.4140625 0.3953125 0.4796875 0.3953125 0.4796875 0.4859375 0.4140625 0.4859375
9 0.484375 0.5078125 0.540625 0.5078125 0.540625 0.5796875 0.484375 0.5796875
9 0.5671875 0.828125 0.6265625 0.828125 0.6265625 0.915625 0.5671875 0.915625
9 0.4078125 0.84375 0.4640625 0.84375 0.4640625 0.928125 0.4078125 0.928125
9 0.490625 0.190625 0.5421875 0.190625 0.5421875 0.271875 0.490625 0.271875
1 0.1234375 0.1671875 0.2421875 0.1671875 0.2421875 0.2828125 0.1234375 0.2828125
1 0.2125 0.60625 0.315625 0.60625 0.315625 0.7046875 0.2125 0.7046875
1 0.7296875 0.71875 0.834375 0.71875 0.834375 0.8375 0.7296875 0.8375
1 0.39375 0.140625 0.471875 0.140625 0.471875 0.278125 0.39375 0.278125
2 0.5640625 0.2828125 0.63125 0.2828125 0.63125 0.384375 0.5640625 0.384375
2 0.5703125 0.5015625 0.634375 0.5015625 0.634375 0.59375 0.5703125 0.59375
2 0.1375 0.50625 0.2390625 0.50625 0.2390625 0.5875 0.1375 0.5875
2 0.4078125 0.2984375 0.4765625 0.2984375 0.4765625 0.3796875 0.4078125 0.3796875
6 0.5734375 0.6125 0.634375 0.6125 0.634375 0.6953125 0.5734375 0.6953125
6 0.4890625 0.7296875 0.55 0.7296875 0.55 0.8234375 0.4890625 0.8234375
6 0.4078125 0.515625 0.475 0.515625 0.475 0.5921875 0.4078125 0.5921875
6 0.7359375 0.4078125 0.8171875 0.4078125 0.8171875 0.4859375 0.7359375 0.4859375
11 0.65625 0.521875 0.73125 0.521875 0.73125 0.5953125 0.65625 0.5953125
11 0.40625 0.61875 0.475 0.61875 0.475 0.70625 0.40625 0.70625
11 0.5703125 0.7265625 0.6375 0.7265625 0.6375 0.8203125 0.5703125 0.8203125
5 0.2359375 0.171875 0.3140625 0.171875 0.3140625 0.2640625 0.2359375 0.2640625
5 0.49375 0.6171875 0.5546875 0.6171875 0.5546875 0.7015625 0.49375 0.7015625
0 0.575 0.4109375 0.6375 0.4109375 0.6375 0.490625 0.575 0.490625
0 0.334375 0.053125 0.3984375 0.053125 0.3984375 0.159375 0.334375 0.159375
8 0.4890625 0.834375 0.5546875 0.834375 0.5546875 0.9390625 0.4890625 0.9390625
8 0.4890625 0.2921875 0.55 0.2921875 0.55 0.38125 0.4890625 0.38125
10 0.4015625 0.715625 0.4703125 0.715625 0.4703125 0.834375 0.4015625 0.834375