10 0.1125 0.815625 0.21875 0.815625 0.21875 0.946875 0.1125 0.946875
2 0.11875 0.70625 0.2140625 0.70625 0.2140625 0.7984375 0.11875 0.7984375
2 0.103125 0.5109375 0.203125 0.5109375 0.203125 0.5875 0.103125 0.5875
5 0.0984375 0.33125 0.2046875 0.33125 0.2046875 0.409375 0.0984375 0.409375
8 0.1109375 0.209375 0.20625 0.209375 0.20625 0.2921875 0.1109375 0.2921875
7 0.08125 0.0890625 0.2125 0.0890625 0.2125 0.203125 0.08125 0.203125
6 0.225 0.8265625 0.3 0.8265625 0.3 0.925 0.225 0.925
3 0.24375 0.715625 0.3109375 0.715625 0.3109375 0.796875 0.24375 0.796875
7 0.2078125 0.53125 0.3078125 0.53125 0.3078125 0.615625 0.2078125 0.615625
9 0.2328125 0.428125 0.3046875 0.428125 0.3046875 0.503125 0.2328125 0.503125
0 0.23125 0.3375 0.3140625 0.3375 0.3140625 0.403125 0.23125 0.403125
0 0.21875 0.2015625 0.29375 0.2015625 0.29375 0.2828125 0.21875 0.2828125
0 0.3359375 0.825 0.4125 0.825 0.4125 0.928125 0.3359375 0.928125
6 0.3359375 0.715625 0.40625 0.715625 0.40625 0.809375 0.3359375 0.809375
11 0.31875 0.634375 0.396875 0.634375 0.396875 0.7078125 0.31875 0.7078125
5 0.3234375 0.4328125 0.39375 0.4328125 0.39375 0.50625 0.3234375 0.50625
8 0.3296875 0.325 0.409375 0.325 0.409375 0.40625 0.3296875 0.40625
6 0.3234375 0.209375 0.39375 0.209375 0.39375 0.296875 0.3234375 0.296875
11 0.3 0.1078125 0.371875 0.1078125 0.371875 0.1984375 0.3 0.1984375
8 0.440625 0.8046875 0.51875 0.8046875 0.51875 0.9046875 0.440625 0.9046875
8 0.39375 0.50625 0.484375 0.50625 0.484375 0.5890625 0.39375 0.5890625
1 0.4109375 0.421875 0.49375 0.421875 0.49375 0.4984375 0.4109375 0.4984375
6 0.41875 0.315625 0.49375 0.315625 0.49375 0.390625 0.41875 0.390625
7 0.4125 0.090625 0.5 0.090625 0.5 0.2125 0.4125 0.2125
4 0.525 0.825 0.603125 0.825 0.603125 0.9375 0.525 0.9375
1 0.515625 0.715625 0.6015625 0.715625 0.6015625 0.8265625 0.515625 0.8265625
10 0.50625 0.6140625 0.5875 0.6140625 0.5875 0.7046875 0.50625 0.7046875
4 0.509375 0.5359375 0.5984375 0.5359375 0.5984375 0.609375 0.509375 0.609375
5 0.528125 0.4328125 0.6078125 0.4328125 0.6078125 0.503125 0.528125 0.503125
8 0.509375 0.325 0.5921875 0.325 0.5921875 0.4 0.509375 0.4
8 0.509375 0.1984375 0.596875 0.1984375 0.596875 0.2796875 0.509375 0.2796875
10 0.5171875 0.0984375 0.60625 0.0984375 0.60625 0.2078125 0.5171875 0.2078125
1 0.6125 0.8015625 0.715625 0.8015625 0.715625 0.9375 0.6125 0.9375
11 0.6171875 0.709375 0.6984375 0.709375 0.6984375 0.796875 0.6171875 0.796875
3 0.615625 0.64375 0.68125 0.64375 0.68125 0.7078125 0.615625 0.7078125
0 0.6140625 0.525 0.7 0.525 0.7 0.59375 0.6140625 0.59375
6 0.621875 0.4203125 0.696875 0.4203125 0.696875 0.4984375 0.621875 0.4984375
4 0.6015625 0.30625 0.703125 0.30625 0.703125 0.4 0.6015625 0.4
2 0.6140625 0.221875 0.696875 0.221875 0.696875 0.3078125 0.6140625 0.3078125
9 0.603125 0.134375 0.665625 0.134375 0.665625 0.209375 0.603125 0.209375
5 0.7140625 0.709375 0.8 0.709375 0.8 0.79375 0.7140625 0.79375
5 0.7015625 0.6109375 0.7921875 0.6109375 0.7921875 0.69375 0.7015625 0.69375
5 0.7921875 0.8015625 0.884375 0.8015625 0.884375 0.9109375 0.7921875 0.9109375
0 0.8078125 0.5875 0.9046875 0.5875 0.9046875 0.6625 0.8078125 0.6625
2 0.7015625 0.421875 0.790625 0.421875 0.790625 0.4984375 0.7015625 0.4984375
9 0.69375 0.3359375 0.76875 0.3359375 0.76875 0.396875 0.69375 0.396875
6 0.7984375 0.409375 0.890625 0.409375 0.890625 0.4828125 0.7984375 0.4828125
11 0.7015625 0.2234375 0.79375 0.2234375 0.79375 0.3046875 0.7015625 0.3046875
3 0.690625 0.11875 0.76875 0.11875 0.76875 0.2046875 0.690625 0.2046875