10 0.3375 0.2796875 0.4296875 0.2796875 0.4296875 0.359375 0.3375 0.359375
10 0.33125 0.36875 0.421875 0.36875 0.421875 0.43125 0.33125 0.43125
10 0.8125 0.7140625 0.95 0.7140625 0.95 0.8046875 0.8125 0.8046875
10 0.0984375 0.2703125 0.2171875 0.2703125 0.2171875 0.3546875 0.0984375 0.3546875
10 0.4296875 0.1875 0.51875 0.1875 0.51875 0.28125 0.4296875 0.28125
10 0.3203125 0.18125 0.4265625 0.18125 0.4265625 0.2765625 0.3203125 0.2765625
10 0.53125 0.6578125 0.6515625 0.6578125 0.6515625 0.7546875 0.53125 0.7546875
9 0.725 0.2921875 0.8125 0.2921875 0.8125 0.353125 0.725 0.353125
9 0.8265625 0.3703125 0.915625 0.3703125 0.915625 0.421875 0.8265625 0.421875
9 0.725 0.36875 0.8125 0.36875 0.8125 0.4203125 0.725 0.4203125
9 0.721875 0.44375 0.815625 0.44375 0.815625 0.4984375 0.721875 0.4984375
9 0.63125 0.371875 0.7125 0.371875 0.7125 0.425 0.63125 0.425
9 0.725 0.521875 0.815625 0.521875 0.815625 0.575 0.725 0.575
9 0.628125 0.515625 0.7109375 0.515625 0.7109375 0.56875 0.628125 0.56875
9 0.5328125 0.4484375 0.6125 0.4484375 0.6125 0.4984375 0.5328125 0.4984375
9 0.721875 0.584375 0.815625 0.584375 0.815625 0.6421875 0.721875 0.6421875
9 0.7296875 0.7265625 0.821875 0.7265625 0.821875 0.7921875 0.7296875 0.7921875
9 0.1296875 0.76875 0.21875 0.76875 0.21875 0.8375 0.1296875 0.8375
4 0.2140625 0.265625 0.3203125 0.265625 0.3203125 0.346875 0.2140625 0.346875
4 0.7171875 0.184375 0.85 0.184375 0.85 0.2875 0.7171875 0.2875
4 0.1 0.5953125 0.21875 0.5953125 0.21875 0.66875 0.1 0.66875
4 0.096875 0.3640625 0.21875 0.3640625 0.21875 0.4328125 0.096875 0.4328125
6 0.23125 0.4375 0.309375 0.4375 0.309375 0.49375 0.23125 0.49375
6 0.4359375 0.5171875 0.5234375 0.5171875 0.5234375 0.5796875 0.4359375 0.5796875
6 0.1171875 0.4453125 0.21875 0.4453125 0.21875 0.5046875 0.1171875 0.5046875
6 0.8375 0.2109375 0.95 0.2109375 0.95 0.2828125 0.8375 0.2828125
7 0.0828125 0.1796875 0.2125 0.1796875 0.2125 0.271875 0.0828125 0.271875
7 0.5234375 0.3546875 0.634375 0.3546875 0.634375 0.4234375 0.5234375 0.4234375
7 0.7171875 0.646875 0.8609375 0.646875 0.8609375 0.7375 0.7171875 0.7375
7 0.33125 0.5171875 0.425 0.5171875 0.425 0.6 0.33125 0.6
7 0.1015625 0.675 0.2421875 0.675 0.2421875 0.76875 0.1015625 0.76875
1 0.096875 0.521875 0.2203125 0.521875 0.2203125 0.5890625 0.096875 0.5890625