11 0.340625 0.290625 0.40625 0.290625 0.40625 0.3609375 0.340625 0.3609375
11 0.4890625 0.3765625 0.5390625 0.3765625 0.5390625 0.4515625 0.4890625 0.4515625
11 0.559375 0.7046875 0.615625 0.7046875 0.615625 0.7890625 0.559375 0.7890625
11 0.490625 0.4546875 0.55 0.4546875 0.55 0.5375 0.490625 0.5375
9 0.4140625 0.190625 0.4671875 0.190625 0.4671875 0.2625 0.4140625 0.2625
9 0.3625 0.378125 0.40625 0.378125 0.40625 0.45 0.3625 0.45
9 0.365625 0.553125 0.409375 0.553125 0.409375 0.625 0.365625 0.625
9 0.434375 0.6375 0.475 0.6375 0.475 0.696875 0.434375 0.696875
9 0.559375 0.5484375 0.6125 0.5484375 0.6125 0.6125 0.559375 0.6125
9 0.6140625 0.5390625 0.6671875 0.5390625 0.6671875 0.603125 0.6140625 0.603125
9 0.675 0.534375 0.734375 0.534375 0.734375 0.59375 0.675 0.59375
9 0.66875 0.3703125 0.725 0.3703125 0.725 0.4265625 0.66875 0.4265625
9 0.615625 0.36875 0.66875 0.36875 0.66875 0.41875 0.615625 0.41875
9 0.675 0.19375 0.721875 0.19375 0.721875 0.2796875 0.675 0.2796875
9 0.6125 0.2078125 0.6625 0.2078125 0.6625 0.2671875 0.6125 0.2671875
8 0.5578125 0.61875 0.6109375 0.61875 0.6109375 0.690625 0.5578125 0.690625
8 0.49375 0.6203125 0.54375 0.6203125 0.54375 0.7 0.49375 0.7
8 0.3609375 0.6984375 0.415625 0.6984375 0.415625 0.790625 0.3609375 0.790625
8 0.421875 0.3703125 0.4796875 0.3703125 0.4796875 0.4515625 0.421875 0.4515625
7 0.6203125 0.696875 0.69375 0.696875 0.69375 0.7921875 0.6203125 0.7921875
6 0.6171875 0.2875 0.6828125 0.2875 0.6828125 0.3515625 0.6171875 0.3515625
6 0.5546875 0.10625 0.6140625 0.10625 0.6140625 0.1875 0.5546875 0.1875
6 0.490625 0.190625 0.54375 0.190625 0.54375 0.26875 0.490625 0.26875
6 0.559375 0.453125 0.6125 0.453125 0.6125 0.5234375 0.559375 0.5234375
6 0.3578125 0.453125 0.415625 0.453125 0.415625 0.525 0.3578125 0.525
5 0.478125 0.096875 0.5375 0.096875 0.5375 0.190625 0.478125 0.190625
5 0.4234375 0.2875 0.4828125 0.2875 0.4828125 0.36875 0.4234375 0.36875
3 0.5453125 0.3734375 0.6 0.3734375 0.6 0.4546875 0.5453125 0.4546875
3 0.4296875 0.4640625 0.4765625 0.4640625 0.4765625 0.5234375 0.4296875 0.5234375
3 0.428125 0.5421875 0.4796875 0.5421875 0.4796875 0.6171875 0.428125 0.6171875
3 0.6234375 0.6203125 0.675 0.6203125 0.675 0.690625 0.6234375 0.690625
3 0.6828125 0.6109375 0.7296875 0.6109375 0.7296875 0.6953125 0.6828125 0.6953125
3 0.6734375 0.10625 0.7328125 0.10625 0.7328125 0.18125 0.6734375 0.18125
3 0.36875 0.628125 0.41875 0.628125 0.41875 0.696875 0.36875 0.696875
2 0.671875 0.70625 0.734375 0.70625 0.734375 0.790625 0.671875 0.790625
2 0.54375 0.2734375 0.6078125 0.2734375 0.6078125 0.365625 0.54375 0.365625
2 0.2875 0.5453125 0.359375 0.5453125 0.359375 0.6140625 0.2875 0.6140625
0 0.6109375 0.0953125 0.675 0.0953125 0.675 0.18125 0.6109375 0.18125
0 0.6765625 0.2765625 0.7421875 0.2765625 0.7421875 0.3578125 0.6765625 0.3578125
0 0.35 0.096875 0.415625 0.096875 0.415625 0.1875 0.35 0.1875
0 0.5 0.7140625 0.54375 0.7140625 0.54375 0.7875 0.5 0.7875
0 0.490625 0.5453125 0.540625 0.5453125 0.540625 0.609375 0.490625 0.609375
0 0.5546875 0.2 0.6140625 0.2 0.6140625 0.2625 0.5546875 0.2625
0 0.421875 0.0953125 0.4734375 0.0953125 0.4734375 0.1953125 0.421875 0.1953125