5 0.1828125 0.1671875 0.2625 0.1671875 0.2625 0.275 0.1828125 0.275
5 0.3625 0.1765625 0.4234375 0.1765625 0.4234375 0.2828125 0.3625 0.2828125
5 0.5234375 0.1921875 0.5828125 0.1921875 0.5828125 0.290625 0.5234375 0.290625
5 0.7265625 0.3 0.809375 0.3 0.809375 0.3984375 0.7265625 0.3984375
5 0.44375 0.3 0.5046875 0.3 0.5046875 0.396875 0.44375 0.396875
5 0.2734375 0.4109375 0.34375 0.4109375 0.34375 0.5046875 0.2734375 0.5046875
5 0.4359375 0.50625 0.496875 0.50625 0.496875 0.5890625 0.4359375 0.5890625
5 0.3546875 0.7140625 0.415625 0.7140625 0.415625 0.8109375 0.3546875 0.8109375
5 0.1921875 0.70625 0.26875 0.70625 0.26875 0.8078125 0.1921875 0.8078125
5 0.659375 0.7953125 0.7390625 0.7953125 0.7390625 0.9015625 0.659375 0.9015625
5 0.7453125 0.8 0.8296875 0.8 0.8296875 0.9109375 0.7453125 0.9109375
11 0.4359375 0.0828125 0.4984375 0.0828125 0.4984375 0.190625 0.4359375 0.190625
11 0.721875 0.09375 0.8015625 0.09375 0.8015625 0.2078125 0.721875 0.2078125
11 0.65625 0.196875 0.728125 0.196875 0.728125 0.2984375 0.65625 0.2984375
11 0.5109375 0.4 0.5703125 0.4 0.5703125 0.4890625 0.5109375 0.4890625
11 0.1984375 0.5140625 0.2734375 0.5140625 0.2734375 0.5984375 0.1984375 0.5984375
11 0.2765625 0.6140625 0.3515625 0.6140625 0.3515625 0.7015625 0.2765625 0.7015625
11 0.5125 0.6078125 0.578125 0.6078125 0.578125 0.6921875 0.5125 0.6921875
11 0.5828125 0.5125 0.653125 0.5125 0.653125 0.5953125 0.5828125 0.5953125
11 0.6609375 0.5046875 0.740625 0.5046875 0.740625 0.5796875 0.6609375 0.5796875
11 0.5078125 0.803125 0.5734375 0.803125 0.5734375 0.9015625 0.5078125 0.9015625
11 0.590625 0.803125 0.6609375 0.803125 0.6609375 0.90625 0.590625 0.90625