1 0.3765625 0.384375 0.4515625 0.384375 0.4515625 0.4734375 0.3765625 0.4734375
4 0.6796875 0.7875 0.7671875 0.7875 0.7671875 0.9125 0.6796875 0.9125
4 0.6796875 0.6828125 0.76875 0.6828125 0.76875 0.7953125 0.6796875 0.7953125
4 0.6765625 0.584375 0.7703125 0.584375 0.7703125 0.6875 0.6765625 0.6875
4 0.671875 0.4890625 0.7671875 0.4890625 0.7671875 0.5765625 0.671875 0.5765625
6 0.23125 0.784375 0.303125 0.784375 0.303125 0.8875 0.23125 0.8875
6 0.221875 0.5890625 0.296875 0.5890625 0.296875 0.6671875 0.221875 0.6671875
6 0.221875 0.484375 0.29375 0.484375 0.29375 0.56875 0.221875 0.56875
6 0.1375 0.2953125 0.221875 0.2953125 0.221875 0.3796875 0.1375 0.3796875
7 0.13125 0.7953125 0.228125 0.7953125 0.228125 0.9328125 0.13125 0.9328125
7 0.11875 0.6859375 0.225 0.6859375 0.225 0.8046875 0.11875 0.8046875
7 0.125 0.5890625 0.228125 0.5890625 0.228125 0.6921875 0.125 0.6921875
7 0.125 0.4796875 0.228125 0.4796875 0.228125 0.5765625 0.125 0.5765625
7 0.121875 0.384375 0.228125 0.384375 0.228125 0.475 0.121875 0.475
10 0.11875 0.184375 0.2328125 0.184375 0.2328125 0.2875 0.11875 0.2875
10 0.125 0.0640625 0.23125 0.0640625 0.23125 0.178125 0.125 0.178125
10 0.2125 0.0578125 0.303125 0.0578125 0.303125 0.1921875 0.2125 0.1921875
10 0.29375 0.053125 0.38125 0.053125 0.38125 0.1875 0.29375 0.1875
10 0.3765625 0.059375 0.45 0.059375 0.45 0.1921875 0.3765625 0.1921875
10 0.2125 0.384375 0.309375 0.384375 0.309375 0.475 0.2125 0.475
10 0.209375 0.28125 0.30625 0.28125 0.30625 0.384375 0.209375 0.384375