5 0.521875 0.625 0.603125 0.625 0.603125 0.703125 0.521875 0.703125
5 0.5171875 0.4296875 0.5953125 0.4296875 0.5953125 0.496875 0.5171875 0.496875
5 0.85625 0.596875 0.9546875 0.596875 0.9546875 0.6703125 0.85625 0.6703125
5 0.234375 0.60625 0.3203125 0.60625 0.3203125 0.68125 0.234375 0.68125
5 0.09375 0.5296875 0.19375 0.5296875 0.19375 0.596875 0.09375 0.596875
5 0.1875 0.296875 0.2828125 0.296875 0.2828125 0.38125 0.1875 0.38125
3 0.8484375 0.2015625 0.9234375 0.2015625 0.9234375 0.2765625 0.8484375 0.2765625
3 0.834375 0.2984375 0.909375 0.2984375 0.909375 0.3640625 0.834375 0.3640625
3 0.8453125 0.40625 0.9375 0.40625 0.9375 0.471875 0.8453125 0.471875
3 0.840625 0.5078125 0.9234375 0.5078125 0.9234375 0.571875 0.840625 0.571875
3 0.7265625 0.396875 0.80625 0.396875 0.80625 0.45625 0.7265625 0.45625
3 0.63125 0.1015625 0.696875 0.1015625 0.696875 0.1796875 0.63125 0.1796875
3 0.5453125 0.2265625 0.6078125 0.2265625 0.6078125 0.2921875 0.5453125 0.2921875
3 0.425 0.703125 0.4875 0.703125 0.4875 0.7671875 0.425 0.7671875
3 0.346875 0.8078125 0.415625 0.8078125 0.415625 0.8859375 0.346875 0.8859375
3 0.221875 0.6890625 0.2921875 0.6890625 0.2921875 0.7625 0.221875 0.7625
3 0.128125 0.6109375 0.203125 0.6109375 0.203125 0.6703125 0.128125 0.6703125
3 0.10625 0.3171875 0.190625 0.3171875 0.190625 0.371875 0.10625 0.371875
3 0.1171875 0.190625 0.196875 0.190625 0.196875 0.265625 0.1171875 0.265625
3 0.2234375 0.496875 0.2875 0.496875 0.2875 0.5609375 0.2234375 0.5609375
0 0.6265625 0.4171875 0.7046875 0.4171875 0.7046875 0.4875 0.6265625 0.4875
0 0.6390625 0.5 0.71875 0.5 0.71875 0.5625 0.6390625 0.5625
0 0.64375 0.59375 0.71875 0.59375 0.71875 0.66875 0.64375 0.66875
0 0.4390625 0.41875 0.5125 0.41875 0.5125 0.4828125 0.4390625 0.4828125
0 0.421875 0.2875 0.490625 0.2875 0.490625 0.375 0.421875 0.375
9 0.1046875 0.0984375 0.1890625 0.0984375 0.1890625 0.1703125 0.1046875 0.1703125
9 0.096875 0.4234375 0.1765625 0.4234375 0.1765625 0.4890625 0.096875 0.4890625
9 0.1203125 0.815625 0.20625 0.815625 0.20625 0.8875 0.1203125 0.8875
9 0.225 0.8 0.2984375 0.8 0.2984375 0.8703125 0.225 0.8703125
9 0.4234375 0.790625 0.4890625 0.790625 0.4890625 0.86875 0.4234375 0.86875
9 0.515625 0.809375 0.5828125 0.809375 0.5828125 0.884375 0.515625 0.884375
9 0.6375 0.3046875 0.7015625 0.3046875 0.7015625 0.3625 0.6375 0.3625
9 0.51875 0.096875 0.5890625 0.096875 0.5890625 0.18125 0.51875 0.18125
9 0.3453125 0.09375 0.40625 0.09375 0.40625 0.1734375 0.3453125 0.1734375
9 0.2265625 0.0703125 0.3015625 0.0703125 0.3015625 0.1484375 0.2265625 0.1484375
9 0.353125 0.6046875 0.4140625 0.6046875 0.4140625 0.6671875 0.353125 0.6671875
9 0.746875 0.30625 0.815625 0.30625 0.815625 0.378125 0.746875 0.378125
9 0.840625 0.08125 0.921875 0.08125 0.921875 0.171875 0.840625 0.171875
9 0.85625 0.828125 0.9375 0.828125 0.9375 0.9 0.85625 0.9
9 0.8640625 0.715625 0.9390625 0.715625 0.9390625 0.7875 0.8640625 0.7875
6 0.73125 0.0671875 0.8125 0.0671875 0.8125 0.1671875 0.73125 0.1671875
6 0.621875 0.8078125 0.696875 0.8078125 0.696875 0.9046875 0.621875 0.9046875
6 0.4421875 0.4953125 0.5078125 0.4953125 0.5078125 0.5609375 0.4421875 0.5609375
6 0.3125 0.6921875 0.3875 0.6921875 0.3875 0.778125 0.3125 0.778125
6 0.3171875 0.30625 0.396875 0.30625 0.396875 0.3796875 0.3171875 0.3796875
11 0.7390625 0.190625 0.8296875 0.190625 0.8296875 0.2828125 0.7390625 0.2828125
11 0.6265625 0.20625 0.70625 0.20625 0.70625 0.290625 0.6265625 0.290625
10 0.540625 0.2921875 0.6234375 0.2921875 0.6234375 0.3828125 0.540625 0.3828125
10 0.7296875 0.6109375 0.8515625 0.6109375 0.8515625 0.696875 0.7296875 0.696875
10 0.6296875 0.6921875 0.7234375 0.6921875 0.7234375 0.8171875 0.6296875 0.8171875
7 0.7375 0.7 0.8515625 0.7 0.8515625 0.80625 0.7375 0.80625
7 0.5328125 0.6953125 0.60625 0.6953125 0.60625 0.796875 0.5328125 0.796875
7 0.43125 0.5828125 0.50625 0.5828125 0.50625 0.68125 0.43125 0.68125
1 0.303125 0.515625 0.403125 0.515625 0.403125 0.596875 0.303125 0.596875
1 0.534375 0.5 0.60625 0.5 0.60625 0.56875 0.534375 0.56875
1 0.3 0.409375 0.396875 0.409375 0.396875 0.4875 0.3 0.4875
4 0.06875 0.690625 0.203125 0.690625 0.203125 0.8046875 0.06875 0.8046875
4 0.7265625 0.809375 0.8296875 0.809375 0.8296875 0.934375 0.7265625 0.934375
4 0.746875 0.509375 0.8546875 0.509375 0.8546875 0.59375 0.746875 0.59375
6 0.203125 0.4125 0.29375 0.4125 0.29375 0.48125 0.203125 0.48125