6 0.60625 0.2921875 0.653125 0.2921875 0.653125 0.3765625 0.60625 0.3765625
6 0.578125 0.484375 0.640625 0.484375 0.640625 0.58125 0.578125 0.58125
6 0.7328125 0.315625 0.8078125 0.315625 0.8078125 0.390625 0.7328125 0.390625
6 0.3796875 0.3109375 0.428125 0.3109375 0.428125 0.3734375 0.3796875 0.3734375
4 0.525 0.303125 0.590625 0.303125 0.590625 0.38125 0.525 0.38125
4 0.509375 0.58125 0.565625 0.58125 0.565625 0.6875 0.509375 0.6875
4 0.5046875 0.690625 0.5703125 0.690625 0.5703125 0.778125 0.5046875 0.778125
4 0.20625 0.5875 0.29375 0.5875 0.29375 0.6625 0.20625 0.6625
7 0.528125 0.0875 0.5875 0.0875 0.5875 0.190625 0.528125 0.190625
7 0.20625 0.684375 0.28125 0.684375 0.28125 0.771875 0.20625 0.771875
7 0.2046875 0.478125 0.2875 0.478125 0.2875 0.575 0.2046875 0.575
7 0.2140625 0.2828125 0.29375 0.2828125 0.29375 0.3765625 0.2140625 0.3765625
7 0.215625 0.1703125 0.296875 0.1703125 0.296875 0.2765625 0.215625 0.2765625
1 0.5140625 0.4875 0.5765625 0.4875 0.5765625 0.565625 0.5140625 0.565625
10 0.5265625 0.1921875 0.5859375 0.1921875 0.5859375 0.2890625 0.5265625 0.2890625
10 0.6515625 0.4859375 0.7359375 0.4859375 0.7359375 0.5828125 0.6515625 0.5828125
10 0.5203125 0.4 0.5828125 0.4 0.5828125 0.484375 0.5203125 0.484375
10 0.5 0.8 0.571875 0.8 0.571875 0.89375 0.5 0.89375
10 0.203125 0.7875 0.284375 0.7875 0.284375 0.89375 0.203125 0.89375
10 0.215625 0.3828125 0.296875 0.3828125 0.296875 0.4671875 0.215625 0.4671875
9 0.3109375 0.303125 0.3625 0.303125 0.3625 0.384375 0.3109375 0.384375
9 0.453125 0.3046875 0.4984375 0.3046875 0.4984375 0.3796875 0.453125 0.3796875
9 0.6625 0.309375 0.721875 0.309375 0.721875 0.3875 0.6625 0.3875
9 0.7296875 0.49375 0.7921875 0.49375 0.7921875 0.58125 0.7296875 0.58125
9 0.5859375 0.771875 0.6453125 0.771875 0.6453125 0.85625 0.5859375 0.85625
9 0.65625 0.7796875 0.709375 0.7796875 0.709375 0.8546875 0.65625 0.8546875
9 0.4359375 0.775 0.4890625 0.775 0.4890625 0.859375 0.4359375 0.859375
9 0.3625 0.7734375 0.409375 0.7734375 0.409375 0.8578125 0.3625 0.8578125
9 0.453125 0.4921875 0.49375 0.4921875 0.49375 0.5671875 0.453125 0.5671875
9 0.3828125 0.48125 0.4265625 0.48125 0.4265625 0.553125 0.3828125 0.553125
9 0.3125 0.484375 0.35625 0.484375 0.35625 0.55625 0.3125 0.55625