5 0.534375 0.728125 0.6 0.728125 0.6 0.8265625 0.534375 0.8265625
5 0.459375 0.821875 0.53125 0.821875 0.53125 0.9375 0.459375 0.9375
3 0.321875 0.8296875 0.384375 0.8296875 0.384375 0.9171875 0.321875 0.9171875
3 0.2265625 0.740625 0.3015625 0.740625 0.3015625 0.821875 0.2265625 0.821875
3 0.31875 0.625 0.38125 0.625 0.38125 0.71875 0.31875 0.71875
3 0.221875 0.5296875 0.296875 0.5296875 0.296875 0.6265625 0.221875 0.6265625
3 0.315625 0.434375 0.390625 0.434375 0.390625 0.521875 0.315625 0.521875
3 0.2390625 0.3421875 0.3109375 0.3421875 0.3109375 0.4265625 0.2390625 0.4265625
3 0.2328125 0.228125 0.3078125 0.228125 0.3078125 0.321875 0.2328125 0.321875
2 0.753125 0.809375 0.84375 0.809375 0.84375 0.9328125 0.753125 0.9328125
2 0.6765625 0.6296875 0.7609375 0.6296875 0.7609375 0.7265625 0.6765625 0.7265625
2 0.540625 0.4296875 0.61875 0.4296875 0.61875 0.5328125 0.540625 0.5328125
0 0.3109375 0.228125 0.3859375 0.228125 0.3859375 0.321875 0.3109375 0.321875
0 0.3796875 0.121875 0.440625 0.121875 0.440625 0.228125 0.3796875 0.228125
0 0.471875 0.228125 0.54375 0.228125 0.54375 0.3125 0.471875 0.3125
0 0.5421875 0.1109375 0.6015625 0.1109375 0.6015625 0.2078125 0.5421875 0.2078125
0 0.6296875 0.225 0.6953125 0.225 0.6953125 0.315625 0.6296875 0.315625
0 0.69375 0.103125 0.765625 0.103125 0.765625 0.2 0.69375 0.2
0 0.775 0.228125 0.859375 0.228125 0.859375 0.321875 0.775 0.321875