3 0.275 0.5859375 0.353125 0.5859375 0.353125 0.6765625 0.275 0.6765625
3 0.2640625 0.709375 0.3359375 0.709375 0.3359375 0.796875 0.2640625 0.796875
3 0.36875 0.578125 0.43125 0.578125 0.43125 0.653125 0.36875 0.653125
3 0.4421875 0.4828125 0.5 0.4828125 0.5 0.5546875 0.4421875 0.5546875
3 0.359375 0.359375 0.425 0.359375 0.425 0.4421875 0.359375 0.4421875
3 0.515625 0.346875 0.575 0.346875 0.575 0.4453125 0.515625 0.4453125
3 0.6015625 0.153125 0.6625 0.153125 0.6625 0.234375 0.6015625 0.234375
3 0.5921875 0.0625 0.653125 0.0625 0.653125 0.15 0.5921875 0.15
3 0.2640625 0.715625 0.3265625 0.715625 0.3265625 0.7921875 0.2640625 0.7921875
3 0.6625 0.065625 0.71875 0.065625 0.71875 0.15625 0.6625 0.15625
3 0.35625 0.8125 0.421875 0.8125 0.421875 0.9 0.35625 0.9
3 0.73125 0.0265625 0.809375 0.0265625 0.809375 0.1390625 0.73125 0.1390625
3 0.5390625 0.7984375 0.5921875 0.7984375 0.5921875 0.884375 0.5390625 0.884375
3 0.6625 0.3609375 0.734375 0.3609375 0.734375 0.446875 0.6625 0.446875
3 0.7640625 0.78125 0.8421875 0.78125 0.8421875 0.8625 0.7640625 0.8625
3 0.6671875 0.253125 0.7328125 0.253125 0.7328125 0.3484375 0.6671875 0.3484375
3 0.759375 0.6859375 0.840625 0.6859375 0.840625 0.765625 0.759375 0.765625
3 0.753125 0.4609375 0.8328125 0.4609375 0.8328125 0.5453125 0.753125 0.5453125
3 0.765625 0.571875 0.846875 0.571875 0.846875 0.6515625 0.765625 0.6515625
3 0.675 0.5703125 0.753125 0.5703125 0.753125 0.66875 0.675 0.66875
3 0.7515625 0.4796875 0.8265625 0.4796875 0.8265625 0.5421875 0.7515625 0.5421875
3 0.4515625 0.678125 0.5109375 0.678125 0.5109375 0.7578125 0.4515625 0.7578125
3 0.68125 0.584375 0.75 0.584375 0.75 0.6546875 0.68125 0.6546875
3 0.528125 0.78125 0.6 0.78125 0.6 0.89375 0.528125 0.89375
3 0.453125 0.6796875 0.5140625 0.6796875 0.5140625 0.75625 0.453125 0.75625
3 0.3546875 0.80625 0.415625 0.80625 0.415625 0.9078125 0.3546875 0.9078125
3 0.2734375 0.5890625 0.3390625 0.5890625 0.3390625 0.671875 0.2734375 0.671875
3 0.2765625 0.3703125 0.35 0.3703125 0.35 0.4609375 0.2765625 0.4609375
3 0.3671875 0.5765625 0.428125 0.5765625 0.428125 0.6546875 0.3671875 0.6546875
3 0.509375 0.15 0.578125 0.15 0.578125 0.2484375 0.509375 0.2484375
3 0.4421875 0.4875 0.49375 0.4875 0.49375 0.5515625 0.4421875 0.5515625
3 0.7640625 0.56875 0.8484375 0.56875 0.8484375 0.653125 0.7640625 0.653125
3 0.2765625 0.3734375 0.346875 0.3734375 0.346875 0.45 0.2765625 0.45
3 0.7640625 0.6828125 0.8484375 0.6828125 0.8484375 0.76875 0.7640625 0.76875
3 0.5171875 0.35 0.56875 0.35 0.56875 0.43125 0.5171875 0.43125
3 0.76875 0.78125 0.84375 0.78125 0.84375 0.8609375 0.76875 0.8609375
3 0.665625 0.3671875 0.734375 0.3671875 0.734375 0.44375 0.665625 0.44375
3 0.1828125 0.046875 0.2703125 0.046875 0.2703125 0.153125 0.1828125 0.153125
3 0.671875 0.2578125 0.7328125 0.2578125 0.7328125 0.3421875 0.671875 0.3421875
9 0.35 0.46875 0.4125 0.46875 0.4125 0.5625 0.35 0.5625
3 0.3578125 0.3625 0.4171875 0.3625 0.4171875 0.4390625 0.3578125 0.4390625
9 0.36875 0.1359375 0.434375 0.1359375 0.434375 0.2359375 0.36875 0.2359375
3 0.1875 0.0484375 0.2640625 0.0484375 0.2640625 0.14375 0.1875 0.14375
9 0.2765625 0.0484375 0.35 0.0484375 0.35 0.1515625 0.2765625 0.1515625
3 0.5171875 0.1515625 0.5703125 0.1515625 0.5703125 0.2453125 0.5171875 0.2453125
9 0.7484375 0.2578125 0.828125 0.2578125 0.828125 0.3546875 0.7484375 0.3546875
3 0.603125 0.1609375 0.665625 0.1609375 0.665625 0.246875 0.603125 0.246875
9 0.1765625 0.80625 0.2578125 0.80625 0.2578125 0.9171875 0.1765625 0.9171875
3 0.5890625 0.059375 0.65 0.059375 0.65 0.153125 0.5890625 0.153125
8 0.3484375 0.6859375 0.421875 0.6859375 0.421875 0.7953125 0.3484375 0.7953125
3 0.6625 0.065625 0.725 0.065625 0.725 0.159375 0.6625 0.159375
8 0.584375 0.2578125 0.6625 0.2578125 0.6625 0.3625 0.584375 0.3625
3 0.7390625 0.028125 0.8109375 0.028125 0.8109375 0.1328125 0.7390625 0.1328125
8 0.428125 0.0390625 0.5046875 0.0390625 0.5046875 0.1640625 0.428125 0.1640625
9 0.1765625 0.8171875 0.2515625 0.8171875 0.2515625 0.9171875 0.1765625 0.9171875
2 0.265625 0.265625 0.3390625 0.265625 0.3390625 0.359375 0.265625 0.359375
9 0.2796875 0.05625 0.3421875 0.05625 0.3421875 0.146875 0.2796875 0.146875
2 0.428125 0.2546875 0.4953125 0.2546875 0.4953125 0.359375 0.428125 0.359375
9 0.353125 0.484375 0.4078125 0.484375 0.4078125 0.55625 0.353125 0.55625
2 0.509375 0.0328125 0.5828125 0.0328125 0.5828125 0.1625 0.509375 0.1625
9 0.3703125 0.1390625 0.4265625 0.1390625 0.4265625 0.225 0.3703125 0.225
2 0.5078125 0.459375 0.584375 0.459375 0.584375 0.5625 0.5078125 0.5625
9 0.7515625 0.2578125 0.8296875 0.2578125 0.8296875 0.3484375 0.7515625 0.3484375
5 0.1859375 0.465625 0.2796875 0.465625 0.2796875 0.5625 0.1859375 0.5625
11 0.175 0.3546875 0.2640625 0.3546875 0.2640625 0.453125 0.175 0.453125
5 0.590625 0.565625 0.66875 0.565625 0.66875 0.6625 0.590625 0.6625
5 0.178125 0.4765625 0.271875 0.4765625 0.271875 0.5625 0.178125 0.5625
11 0.178125 0.35 0.2703125 0.35 0.2703125 0.4578125 0.178125 0.4578125
5 0.5921875 0.58125 0.6671875 0.58125 0.6671875 0.66875 0.5921875 0.66875