5 0.6765625 0.81875 0.7671875 0.81875 0.7671875 0.9546875 0.6765625 0.9546875
5 0.5859375 0.7265625 0.646875 0.7265625 0.646875 0.8296875 0.5859375 0.8296875
3 0.1328125 0.421875 0.209375 0.421875 0.209375 0.5046875 0.1328125 0.5046875
3 0.2078125 0.3109375 0.2796875 0.3109375 0.2796875 0.4109375 0.2078125 0.4109375
3 0.1265625 0.2109375 0.2046875 0.2109375 0.2046875 0.3 0.1265625 0.3
3 0.209375 0.1125 0.2765625 0.1125 0.2765625 0.20625 0.209375 0.20625
3 0.6734375 0.5015625 0.7515625 0.5015625 0.7515625 0.6078125 0.6734375 0.6078125
3 0.5875 0.625 0.6578125 0.625 0.6578125 0.71875 0.5875 0.71875
3 0.684375 0.7359375 0.7453125 0.7359375 0.7453125 0.825 0.684375 0.825
2 0.2765625 0.215625 0.359375 0.215625 0.359375 0.309375 0.2765625 0.309375
2 0.346875 0.0875 0.4234375 0.0875 0.4234375 0.196875 0.346875 0.196875
2 0.434375 0.18125 0.5015625 0.18125 0.5015625 0.2921875 0.434375 0.2921875
0 0.2 0.725 0.2828125 0.725 0.2828125 0.8359375 0.2 0.8359375
0 0.3671875 0.7140625 0.4375 0.7140625 0.4375 0.8359375 0.3671875 0.8359375
0 0.3515625 0.51875 0.4296875 0.51875 0.4296875 0.603125 0.3515625 0.603125
0 0.5 0.309375 0.5796875 0.309375 0.5796875 0.403125 0.5 0.403125
0 0.671875 0.309375 0.7484375 0.309375 0.7484375 0.39375 0.671875 0.39375
0 0.675 0.04375 0.7390625 0.04375 0.7390625 0.1765625 0.675 0.1765625
0 0.35 0.3046875 0.425 0.3046875 0.425 0.384375 0.35 0.384375