6 0.515625 0.43125 0.590625 0.43125 0.590625 0.471875 0.515625 0.471875
0 0.5265625 0.365625 0.6015625 0.365625 0.6015625 0.4109375 0.5265625 0.4109375
11 0.40625 0.4140625 0.4875 0.4140625 0.4875 0.4578125 0.40625 0.4578125
5 0.303125 0.325 0.39375 0.325 0.39375 0.378125 0.303125 0.378125
5 0.4046875 0.3171875 0.4921875 0.3171875 0.4921875 0.365625 0.4046875 0.365625
8 0.0546875 0.4125 0.1578125 0.4125 0.1578125 0.4625 0.0546875 0.4625
5 0.034375 0.53125 0.1453125 0.53125 0.1453125 0.565625 0.034375 0.565625
6 0.234375 0.4 0.321875 0.4 0.321875 0.440625 0.234375 0.440625
5 0.290625 0.4734375 0.3875 0.4734375 0.3875 0.5140625 0.290625 0.5140625
10 0.61875 0.471875 0.7078125 0.471875 0.7078125 0.51875 0.61875 0.51875
8 0.64375 0.421875 0.734375 0.421875 0.734375 0.4625 0.64375 0.4625
4 0.634375 0.359375 0.721875 0.359375 0.721875 0.41875 0.634375 0.41875
11 0.5375 0.5875 0.61875 0.5875 0.61875 0.628125 0.5375 0.628125
7 0.7375 0.534375 0.834375 0.534375 0.834375 0.58125 0.7375 0.58125
1 0.85625 0.3578125 0.959375 0.3578125 0.959375 0.4203125 0.85625 0.4203125
0 0.7671875 0.4140625 0.8515625 0.4140625 0.8515625 0.4546875 0.7671875 0.4546875