4 0.6515625 0.603125 0.7265625 0.603125 0.7265625 0.70625 0.6515625 0.70625
4 0.7359375 0.290625 0.8359375 0.290625 0.8359375 0.396875 0.7359375 0.396875
4 0.734375 0.0546875 0.825 0.0546875 0.825 0.1984375 0.734375 0.1984375
4 0.2640625 0.6921875 0.35625 0.6921875 0.35625 0.8171875 0.2640625 0.8171875
10 0.18125 0.775 0.275 0.775 0.275 0.909375 0.18125 0.909375
10 0.175 0.396875 0.290625 0.396875 0.290625 0.4875 0.175 0.4875
10 0.421875 0.0625 0.4984375 0.0625 0.4984375 0.196875 0.421875 0.196875
10 0.5109375 0.1828125 0.5796875 0.1828125 0.5796875 0.3 0.5109375 0.3
10 0.725 0.7984375 0.809375 0.7984375 0.809375 0.9328125 0.725 0.9328125
10 0.353125 0.6 0.43125 0.6 0.43125 0.703125 0.353125 0.703125
10 0.4328125 0.49375 0.5 0.49375 0.5 0.590625 0.4328125 0.590625
7 0.5046875 0.7921875 0.5703125 0.7921875 0.5703125 0.9390625 0.5046875 0.9390625
7 0.18125 0.578125 0.290625 0.578125 0.290625 0.6890625 0.18125 0.6890625
7 0.58125 0.053125 0.6546875 0.053125 0.6546875 0.184375 0.58125 0.184375
7 0.58125 0.70625 0.6453125 0.70625 0.6453125 0.8328125 0.58125 0.8328125
7 0.3546875 0.40625 0.4296875 0.40625 0.4296875 0.5 0.3546875 0.5
1 0.4984375 0.403125 0.571875 0.403125 0.571875 0.4984375 0.4984375 0.4984375
6 0.20625 0.1828125 0.2890625 0.1828125 0.2890625 0.2734375 0.20625 0.2734375
6 0.7390625 0.4078125 0.8265625 0.4078125 0.8265625 0.490625 0.7390625 0.490625
6 0.7359375 0.5125 0.8078125 0.5125 0.8078125 0.59375 0.7359375 0.59375
6 0.5765625 0.3109375 0.6421875 0.3109375 0.6421875 0.39375 0.5765625 0.39375
9 0.290625 0.5046875 0.3515625 0.5046875 0.3515625 0.5796875 0.290625 0.5796875
9 0.2890625 0.2875 0.3578125 0.2875 0.3578125 0.3609375 0.2890625 0.3609375
9 0.284375 0.1046875 0.34375 0.1046875 0.34375 0.1890625 0.284375 0.1890625
9 0.359375 0.2140625 0.425 0.2140625 0.425 0.290625 0.359375 0.290625
9 0.434375 0.3171875 0.4953125 0.3171875 0.4953125 0.384375 0.434375 0.384375
9 0.3578125 0.803125 0.415625 0.803125 0.415625 0.89375 0.3578125 0.89375
9 0.43125 0.703125 0.4921875 0.703125 0.4921875 0.784375 0.43125 0.784375
9 0.5125 0.6109375 0.5625 0.6109375 0.5625 0.6796875 0.5125 0.6796875
9 0.571875 0.51875 0.628125 0.51875 0.628125 0.59375 0.571875 0.59375
9 0.659375 0.4140625 0.71875 0.4140625 0.71875 0.4890625 0.659375 0.4890625
9 0.653125 0.203125 0.7140625 0.203125 0.7140625 0.2890625 0.653125 0.2890625