5 0.45 0.3875 0.5359375 0.3875 0.5359375 0.4515625 0.45 0.4515625
5 0.328125 0.39375 0.41875 0.39375 0.41875 0.46875 0.328125 0.46875
3 0.6625 0.565625 0.73125 0.565625 0.73125 0.6140625 0.6625 0.6140625
3 0.553125 0.565625 0.625 0.565625 0.625 0.60625 0.553125 0.60625
3 0.4578125 0.5484375 0.5375 0.5484375 0.5375 0.6046875 0.4578125 0.6046875
3 0.3640625 0.5515625 0.4296875 0.5515625 0.4296875 0.6078125 0.3640625 0.6078125
3 0.6421875 0.475 0.725 0.475 0.725 0.5328125 0.6421875 0.5328125
3 0.63125 0.3953125 0.721875 0.3953125 0.721875 0.465625 0.63125 0.465625
3 0.634375 0.31875 0.70625 0.31875 0.70625 0.390625 0.634375 0.390625
2 0.54375 0.209375 0.634375 0.209375 0.634375 0.303125 0.54375 0.303125
2 0.6484375 0.221875 0.7359375 0.221875 0.7359375 0.30625 0.6484375 0.30625
2 0.425 0.23125 0.525 0.23125 0.525 0.3125 0.425 0.3125
0 0.434375 0.30625 0.5203125 0.30625 0.5203125 0.3859375 0.434375 0.3859375
0 0.33125 0.3109375 0.41875 0.3109375 0.41875 0.3953125 0.33125 0.3953125
0 0.334375 0.465625 0.41875 0.465625 0.41875 0.534375 0.334375 0.534375
0 0.4375 0.4625 0.521875 0.4625 0.521875 0.534375 0.4375 0.534375
0 0.5484375 0.4609375 0.6359375 0.4609375 0.6359375 0.53125 0.5484375 0.53125
0 0.540625 0.3875 0.6328125 0.3875 0.6328125 0.45625 0.540625 0.45625
0 0.5375 0.3140625 0.63125 0.3140625 0.63125 0.3859375 0.5375 0.3859375