5 0.0359375 0.665625 0.1546875 0.665625 0.1546875 0.7453125 0.0359375 0.7453125
5 0.0375 0.228125 0.15 0.228125 0.15 0.3109375 0.0375 0.3109375
5 0.1609375 0.1265625 0.2640625 0.1265625 0.2640625 0.2203125 0.1609375 0.2203125
5 0.275 0.490625 0.3640625 0.490625 0.3640625 0.559375 0.275 0.559375
5 0.2890625 0.403125 0.384375 0.403125 0.384375 0.46875 0.2890625 0.46875
5 0.2828125 0.7515625 0.3734375 0.7515625 0.3734375 0.8453125 0.2828125 0.8453125
5 0.7453125 0.7546875 0.8515625 0.7546875 0.8515625 0.8515625 0.7453125 0.8515625
5 0.875 0.746875 0.9875 0.746875 0.9875 0.846875 0.875 0.846875
5 0.7265625 0.11875 0.8328125 0.11875 0.8328125 0.221875 0.7265625 0.221875
5 0.6171875 0.1171875 0.7140625 0.1171875 0.7140625 0.2203125 0.6171875 0.2203125
5 0.496875 0.13125 0.596875 0.13125 0.596875 0.23125 0.496875 0.23125
11 0.0484375 0.7453125 0.1671875 0.7453125 0.1671875 0.834375 0.0484375 0.834375
11 0.1609375 0.7546875 0.2546875 0.7546875 0.2546875 0.8484375 0.1609375 0.8484375
11 0.15625 0.4921875 0.2671875 0.4921875 0.2671875 0.5609375 0.15625 0.5609375
11 0.5046875 0.7453125 0.596875 0.7453125 0.596875 0.84375 0.5046875 0.84375
11 0.625 0.7546875 0.7109375 0.7546875 0.7109375 0.8484375 0.625 0.8484375
11 0.63125 0.66875 0.7203125 0.66875 0.7203125 0.746875 0.63125 0.746875
11 0.625 0.30625 0.715625 0.30625 0.715625 0.384375 0.625 0.384375
11 0.8734375 0.496875 0.9890625 0.496875 0.9890625 0.5609375 0.8734375 0.5609375
11 0.846875 0.1234375 0.9796875 0.1234375 0.9796875 0.2203125 0.846875 0.2203125
11 0.3984375 0.1296875 0.484375 0.1296875 0.484375 0.2234375 0.3984375 0.2234375
11 0.2796875 0.1265625 0.36875 0.1265625 0.36875 0.2265625 0.2796875 0.2265625