3 0.1125 0.6140625 0.1953125 0.6140625 0.1953125 0.675 0.1125 0.675
3 0.1 0.315625 0.203125 0.315625 0.203125 0.375 0.1 0.375
3 0.3265625 0.321875 0.415625 0.321875 0.415625 0.384375 0.3265625 0.384375
3 0.5421875 0.46875 0.621875 0.46875 0.621875 0.5296875 0.5421875 0.5296875
3 0.528125 0.325 0.6203125 0.325 0.6203125 0.3875 0.528125 0.3875
3 0.66875 0.6984375 0.75 0.6984375 0.75 0.76875 0.66875 0.76875
3 0.4375 0.7109375 0.5171875 0.7109375 0.5171875 0.7828125 0.4375 0.7828125
1 0.3375 0.784375 0.428125 0.784375 0.428125 0.90625 0.3375 0.90625
1 0.5453125 0.7015625 0.6515625 0.7015625 0.6515625 0.796875 0.5453125 0.796875
1 0.315625 0.196875 0.4203125 0.196875 0.4203125 0.3015625 0.315625 0.3015625
1 0.740625 0.2859375 0.871875 0.2859375 0.871875 0.3703125 0.740625 0.3703125
2 0.334375 0.628125 0.415625 0.628125 0.415625 0.70625 0.334375 0.70625
2 0.6515625 0.78125 0.740625 0.78125 0.740625 0.8671875 0.6515625 0.8671875
2 0.85625 0.7671875 0.9671875 0.7671875 0.9671875 0.8609375 0.85625 0.8609375
2 0.2109375 0.2109375 0.30625 0.2109375 0.30625 0.303125 0.2109375 0.303125
5 0.11875 0.778125 0.21875 0.778125 0.21875 0.871875 0.11875 0.871875
5 0.865625 0.2140625 0.98125 0.2140625 0.98125 0.2921875 0.865625 0.2921875
4 0.5203125 0.1984375 0.6265625 0.1984375 0.6265625 0.3046875 0.5203125 0.3046875
0 0.23125 0.7125 0.3171875 0.7125 0.3171875 0.790625 0.23125 0.790625
0 0.85625 0.3875 0.984375 0.3875 0.984375 0.4515625 0.85625 0.4515625