11 0.321875 0.59375 0.390625 0.59375 0.390625 0.675 0.321875 0.675
11 0.5609375 0.5890625 0.6171875 0.5890625 0.6171875 0.675 0.5609375 0.675
11 0.484375 0.2859375 0.5375 0.2859375 0.5375 0.3609375 0.484375 0.3609375
10 0.221875 0.0453125 0.3171875 0.0453125 0.3171875 0.1796875 0.221875 0.1796875
9 0.56875 0.3921875 0.625 0.3921875 0.625 0.4734375 0.56875 0.4734375
9 0.634375 0.59375 0.690625 0.59375 0.690625 0.6640625 0.634375 0.6640625
9 0.4171875 0.4859375 0.465625 0.4859375 0.465625 0.5625 0.4171875 0.5625
9 0.33125 0.4953125 0.3921875 0.4953125 0.3921875 0.5640625 0.33125 0.5640625
8 0.6390625 0.284375 0.7109375 0.284375 0.7109375 0.371875 0.6390625 0.371875
8 0.3296875 0.771875 0.390625 0.771875 0.390625 0.88125 0.3296875 0.88125
6 0.7140625 0.4890625 0.79375 0.4890625 0.79375 0.5859375 0.7140625 0.5859375
6 0.790625 0.68125 0.8734375 0.68125 0.8734375 0.78125 0.790625 0.78125
6 0.55625 0.784375 0.6140625 0.784375 0.6140625 0.8953125 0.55625 0.8953125
6 0.4875 0.6890625 0.540625 0.6890625 0.540625 0.775 0.4875 0.775
2 0.246875 0.6890625 0.3140625 0.6890625 0.3140625 0.7703125 0.246875 0.7703125
2 0.390625 0.690625 0.4578125 0.690625 0.4578125 0.7953125 0.390625 0.7953125
2 0.478125 0.490625 0.5359375 0.490625 0.5359375 0.5671875 0.478125 0.5671875
2 0.5546875 0.48125 0.6171875 0.48125 0.6171875 0.575 0.5546875 0.575
3 0.471875 0.065625 0.5234375 0.065625 0.5234375 0.1546875 0.471875 0.1546875
3 0.5640625 0.1921875 0.609375 0.1921875 0.609375 0.2609375 0.5640625 0.2609375
3 0.5578125 0.2921875 0.6109375 0.2921875 0.6109375 0.3640625 0.5578125 0.3640625
3 0.784375 0.3890625 0.85625 0.3890625 0.85625 0.45 0.784375 0.45
3 0.790625 0.4921875 0.853125 0.4921875 0.853125 0.5609375 0.790625 0.5609375
3 0.7140625 0.690625 0.771875 0.690625 0.771875 0.771875 0.7140625 0.771875
3 0.3359375 0.6921875 0.3875 0.6921875 0.3875 0.771875 0.3359375 0.771875
0 0.48125 0.4015625 0.5359375 0.4015625 0.5359375 0.471875 0.48125 0.471875
0 0.4015625 0.1828125 0.4609375 0.1828125 0.4609375 0.26875 0.4015625 0.26875
1 0.3109375 0.378125 0.3953125 0.378125 0.3953125 0.453125 0.3109375 0.453125