11 0.48125 0.3328125 0.528125 0.3328125 0.528125 0.4453125 0.48125 0.4453125
11 0.5765625 0.8265625 0.6203125 0.8265625 0.6203125 0.9515625 0.5765625 0.9515625
9 0.64375 0.10625 0.6859375 0.10625 0.6859375 0.19375 0.64375 0.19375
8 0.7125 0.20625 0.7625 0.20625 0.7625 0.309375 0.7125 0.309375
6 0.7078125 0.3515625 0.7484375 0.3515625 0.7484375 0.45625 0.7078125 0.45625
7 0.6921875 0.434375 0.74375 0.434375 0.74375 0.58125 0.6921875 0.58125
9 0.64375 0.5734375 0.6734375 0.5734375 0.6734375 0.6640625 0.64375 0.6640625
9 0.55 0.5546875 0.578125 0.5546875 0.578125 0.640625 0.55 0.640625
9 0.540625 0.6640625 0.571875 0.6640625 0.571875 0.7515625 0.540625 0.7515625
9 0.484375 0.6609375 0.5125 0.6609375 0.5125 0.7484375 0.484375 0.7484375
9 0.440625 0.65625 0.46875 0.65625 0.46875 0.746875 0.440625 0.746875
9 0.534375 0.74375 0.5640625 0.74375 0.5640625 0.828125 0.534375 0.828125
8 0.675 0.8375 0.7140625 0.8375 0.7140625 0.946875 0.675 0.946875
9 0.6265625 0.84375 0.65625 0.84375 0.65625 0.940625 0.6265625 0.940625
6 0.6390625 0.734375 0.671875 0.734375 0.671875 0.85 0.6390625 0.85
10 0.5296875 0.83125 0.5671875 0.83125 0.5671875 0.98125 0.5296875 0.98125
3 0.484375 0.83125 0.515625 0.83125 0.515625 0.9296875 0.484375 0.9296875
3 0.39375 0.8203125 0.428125 0.8203125 0.428125 0.9078125 0.39375 0.9078125
3 0.39375 0.7390625 0.4234375 0.7390625 0.4234375 0.825 0.39375 0.825
3 0.49375 0.2234375 0.528125 0.2234375 0.528125 0.309375 0.49375 0.309375
3 0.43125 0.31875 0.4625 0.31875 0.4625 0.4046875 0.43125 0.4046875
3 0.4828125 0.5390625 0.5140625 0.5390625 0.5140625 0.6203125 0.4828125 0.6203125
3 0.59375 0.559375 0.625 0.559375 0.625 0.646875 0.59375 0.646875
3 0.5828125 0.65 0.6140625 0.65 0.6140625 0.7421875 0.5828125 0.7421875
5 0.31875 0.0921875 0.3640625 0.0921875 0.3640625 0.1984375 0.31875 0.1984375
5 0.34375 0.83125 0.3796875 0.83125 0.3796875 0.940625 0.34375 0.940625
2 0.3375 0.740625 0.3796875 0.740625 0.3796875 0.840625 0.3375 0.840625
0 0.3375 0.6421875 0.378125 0.6421875 0.378125 0.7546875 0.3375 0.7546875
4 0.3234375 0.53125 0.3734375 0.53125 0.3734375 0.6796875 0.3234375 0.6796875
2 0.390625 0.4296875 0.4296875 0.4296875 0.4296875 0.528125 0.390625 0.528125
1 0.4359375 0.0890625 0.4828125 0.0890625 0.4828125 0.215625 0.4359375 0.215625
0 0.5359375 0.4484375 0.5734375 0.4484375 0.5734375 0.55 0.5359375 0.55