5 0.159375 0.7078125 0.2265625 0.7078125 0.2265625 0.8640625 0.159375 0.8640625
6 0.2078125 0.3421875 0.253125 0.3421875 0.253125 0.4984375 0.2078125 0.4984375
1 0.2265625 0.05 0.2875 0.05 0.2875 0.2546875 0.2265625 0.2546875
9 0.3390625 0.2078125 0.3796875 0.2078125 0.3796875 0.328125 0.3390625 0.328125
3 0.3359375 0.3796875 0.375 0.3796875 0.375 0.5 0.3359375 0.5
9 0.3359375 0.48125 0.3765625 0.48125 0.3765625 0.6015625 0.3359375 0.6015625
10 0.4 0.128125 0.440625 0.128125 0.440625 0.328125 0.4 0.328125
5 0.459375 0.334375 0.5 0.334375 0.5 0.4796875 0.459375 0.4796875
4 0.446875 0.4046875 0.4953125 0.4046875 0.4953125 0.6046875 0.446875 0.6046875
6 0.50625 0.165625 0.540625 0.165625 0.540625 0.321875 0.50625 0.321875
8 0.590625 0.09375 0.634375 0.09375 0.634375 0.2359375 0.590625 0.2359375
11 0.609375 0.265625 0.6578125 0.265625 0.6578125 0.4078125 0.609375 0.4078125
7 0.559375 0.4078125 0.6140625 0.4078125 0.6140625 0.6203125 0.559375 0.6203125
5 0.584375 0.6671875 0.6359375 0.6671875 0.6359375 0.840625 0.584375 0.840625