9 0.221875 0.21875 0.2921875 0.21875 0.2921875 0.2953125 0.221875 0.2953125
9 0.2328125 0.3109375 0.2984375 0.3109375 0.2984375 0.3765625 0.2328125 0.3765625
9 0.228125 0.4140625 0.2890625 0.4140625 0.2890625 0.4796875 0.228125 0.4796875
9 0.2234375 0.5125 0.2953125 0.5125 0.2953125 0.578125 0.2234375 0.578125
9 0.2234375 0.6171875 0.2859375 0.6171875 0.2859375 0.6828125 0.2234375 0.6828125
9 0.6828125 0.215625 0.7453125 0.215625 0.7453125 0.2890625 0.6828125 0.2890625
9 0.6875 0.321875 0.746875 0.321875 0.746875 0.396875 0.6875 0.396875
9 0.690625 0.41875 0.7546875 0.41875 0.7546875 0.4875 0.690625 0.4875
9 0.690625 0.5203125 0.7609375 0.5203125 0.7609375 0.5953125 0.690625 0.5953125
9 0.684375 0.63125 0.75 0.63125 0.75 0.703125 0.684375 0.703125
9 0.6890625 0.721875 0.753125 0.721875 0.753125 0.7953125 0.6890625 0.7953125
1 0.690625 0.8265625 0.78125 0.8265625 0.78125 0.9515625 0.690625 0.9515625
4 0.2984375 0.0640625 0.38125 0.0640625 0.38125 0.2 0.2984375 0.2
4 0.3859375 0.059375 0.4546875 0.059375 0.4546875 0.2046875 0.3859375 0.2046875
4 0.534375 0.834375 0.6 0.834375 0.6 0.9609375 0.534375 0.9609375
4 0.6125 0.821875 0.690625 0.821875 0.690625 0.9546875 0.6125 0.9546875
6 0.46875 0.0875 0.528125 0.0875 0.528125 0.19375 0.46875 0.19375
6 0.5421875 0.41875 0.6015625 0.41875 0.6015625 0.5 0.5421875 0.5
6 0.5359375 0.515625 0.596875 0.515625 0.596875 0.596875 0.5359375 0.596875
6 0.4578125 0.8171875 0.51875 0.8171875 0.51875 0.925 0.4578125 0.925
7 0.38125 0.2953125 0.45 0.2953125 0.45 0.3984375 0.38125 0.3984375
7 0.378125 0.3984375 0.453125 0.3984375 0.453125 0.49375 0.378125 0.49375
7 0.459375 0.403125 0.528125 0.403125 0.528125 0.4953125 0.459375 0.4953125
7 0.3734375 0.60625 0.446875 0.60625 0.446875 0.696875 0.3734375 0.696875
7 0.5390625 0.05625 0.603125 0.05625 0.603125 0.19375 0.5390625 0.19375
10 0.459375 0.2875 0.5265625 0.2875 0.5265625 0.396875 0.459375 0.396875
10 0.5421875 0.2015625 0.60625 0.2015625 0.60625 0.3046875 0.5421875 0.3046875
10 0.5359375 0.3015625 0.60625 0.3015625 0.60625 0.4046875 0.5359375 0.4046875
10 0.3796875 0.50625 0.4546875 0.50625 0.4546875 0.596875 0.3796875 0.596875
10 0.375 0.6984375 0.446875 0.6984375 0.446875 0.8046875 0.375 0.8046875
10 0.3765625 0.821875 0.44375 0.821875 0.44375 0.9421875 0.3765625 0.9421875
10 0.209375 0.0671875 0.303125 0.0671875 0.303125 0.2015625 0.209375 0.2015625