6 0.6953125 0.78125 0.7390625 0.78125 0.7390625 0.934375 0.6953125 0.934375
5 0.6453125 0.7828125 0.6890625 0.7828125 0.6890625 0.9140625 0.6453125 0.9140625
9 0.5890625 0.7859375 0.6265625 0.7859375 0.6265625 0.89375 0.5890625 0.89375
8 0.54375 0.7921875 0.584375 0.7921875 0.584375 0.928125 0.54375 0.928125
3 0.4953125 0.790625 0.5265625 0.790625 0.5265625 0.89375 0.4953125 0.89375
0 0.4484375 0.7984375 0.4828125 0.7984375 0.4828125 0.95 0.4484375 0.95
0 0.39375 0.790625 0.4265625 0.790625 0.4265625 0.940625 0.39375 0.940625
3 0.340625 0.790625 0.36875 0.790625 0.36875 0.89375 0.340625 0.89375
3 0.7015625 0.703125 0.734375 0.703125 0.734375 0.803125 0.7015625 0.803125
9 0.65 0.709375 0.6828125 0.709375 0.6828125 0.8171875 0.65 0.8171875
9 0.596875 0.69375 0.6296875 0.69375 0.6296875 0.803125 0.596875 0.803125
3 0.5453125 0.7078125 0.578125 0.7078125 0.578125 0.809375 0.5453125 0.809375
3 0.4984375 0.703125 0.5296875 0.703125 0.5296875 0.8 0.4984375 0.8
9 0.4515625 0.7 0.4828125 0.7 0.4828125 0.803125 0.4515625 0.803125
11 0.3875 0.703125 0.425 0.703125 0.425 0.834375 0.3875 0.834375
9 0.3359375 0.7 0.3734375 0.7 0.3734375 0.8 0.3359375 0.8
10 0.6921875 0.5953125 0.74375 0.5953125 0.74375 0.7765625 0.6921875 0.7765625
4 0.6515625 0.603125 0.7015625 0.603125 0.7015625 0.771875 0.6515625 0.771875
7 0.5953125 0.6046875 0.6421875 0.6046875 0.6421875 0.7828125 0.5953125 0.7828125
1 0.5390625 0.596875 0.5828125 0.596875 0.5828125 0.775 0.5390625 0.775
5 0.490625 0.60625 0.525 0.60625 0.525 0.7375 0.490625 0.7375
3 0.4375 0.6109375 0.46875 0.6109375 0.46875 0.71875 0.4375 0.71875
9 0.3859375 0.6140625 0.41875 0.6140625 0.41875 0.721875 0.3859375 0.721875
11 0.33125 0.60625 0.3734375 0.60625 0.3734375 0.734375 0.33125 0.734375
6 0.70625 0.496875 0.75625 0.496875 0.75625 0.6421875 0.70625 0.6421875
5 0.646875 0.503125 0.69375 0.503125 0.69375 0.63125 0.646875 0.63125
5 0.590625 0.5078125 0.63125 0.5078125 0.63125 0.6359375 0.590625 0.6359375
9 0.5375 0.5078125 0.5734375 0.5078125 0.5734375 0.615625 0.5375 0.615625
9 0.484375 0.496875 0.51875 0.496875 0.51875 0.60625 0.484375 0.60625
3 0.334375 0.521875 0.3671875 0.521875 0.3671875 0.621875 0.334375 0.621875
8 0.6578125 0.2984375 0.7125 0.2984375 0.7125 0.4328125 0.6578125 0.4328125