11 0.1953125 0.809375 0.2703125 0.809375 0.2703125 0.925 0.1953125 0.925
11 0.26875 0.696875 0.3390625 0.696875 0.3390625 0.825 0.26875 0.825
11 0.2515625 0.4015625 0.3328125 0.4015625 0.3328125 0.490625 0.2515625 0.490625
11 0.3578125 0.803125 0.4234375 0.803125 0.4234375 0.925 0.3578125 0.925
11 0.434375 0.796875 0.4890625 0.796875 0.4890625 0.925 0.434375 0.925
11 0.5109375 0.7984375 0.5703125 0.7984375 0.5703125 0.9203125 0.5109375 0.9203125
11 0.3515625 0.490625 0.4109375 0.490625 0.4109375 0.5796875 0.3515625 0.5796875
11 0.43125 0.2890625 0.4875 0.2890625 0.4875 0.3765625 0.43125 0.3765625
11 0.509375 0.390625 0.5703125 0.390625 0.5703125 0.471875 0.509375 0.471875
11 0.58125 0.2890625 0.646875 0.2890625 0.646875 0.3734375 0.58125 0.3734375
5 0.18125 0.603125 0.2609375 0.603125 0.2609375 0.70625 0.18125 0.70625
5 0.246875 0.2859375 0.325 0.2859375 0.325 0.3703125 0.246875 0.3703125
5 0.334375 0.0625 0.403125 0.0625 0.403125 0.16875 0.334375 0.16875
5 0.4359375 0.496875 0.4890625 0.496875 0.4890625 0.5921875 0.4359375 0.5921875
5 0.428125 0.6921875 0.48125 0.6921875 0.48125 0.8109375 0.428125 0.8109375
5 0.51875 0.6 0.58125 0.6 0.58125 0.7046875 0.51875 0.7046875
5 0.659375 0.790625 0.7328125 0.790625 0.7328125 0.9046875 0.659375 0.9046875
5 0.646875 0.5890625 0.7234375 0.5890625 0.7234375 0.696875 0.646875 0.696875
5 0.653125 0.4828125 0.734375 0.4828125 0.734375 0.5703125 0.653125 0.5703125
5 0.734375 0.175 0.8203125 0.175 0.8203125 0.2703125 0.734375 0.2703125
5 0.5796875 0.1640625 0.6625 0.1640625 0.6625 0.2640625 0.5796875 0.2640625
11 0.65625 0.2796875 0.7375 0.2796875 0.7375 0.3625 0.65625 0.3625