0 0.653125 0.8125 0.7375 0.8125 0.7375 0.93125 0.653125 0.93125
0 0.425 0.8125 0.503125 0.8125 0.503125 0.915625 0.425 0.915625
0 0.5015625 0.7078125 0.5796875 0.7078125 0.5796875 0.80625 0.5015625 0.80625
0 0.334375 0.7078125 0.43125 0.7078125 0.43125 0.8078125 0.334375 0.8078125
0 0.2734375 0.5953125 0.3390625 0.5953125 0.3390625 0.7109375 0.2734375 0.7109375
0 0.1953125 0.721875 0.2734375 0.721875 0.2734375 0.825 0.1953125 0.825
0 0.103125 0.7921875 0.1875 0.7921875 0.1875 0.9421875 0.103125 0.9421875
2 0.4203125 0.5125 0.509375 0.5125 0.509375 0.615625 0.4203125 0.615625
2 0.671875 0.525 0.7421875 0.525 0.7421875 0.646875 0.671875 0.646875
2 0.1015625 0.503125 0.1953125 0.503125 0.1953125 0.609375 0.1015625 0.609375
5 0.5109375 0.4109375 0.58125 0.4109375 0.58125 0.4921875 0.5109375 0.4921875
5 0.265625 0.4046875 0.3453125 0.4046875 0.3453125 0.503125 0.265625 0.503125
3 0.671875 0.21875 0.7484375 0.21875 0.7484375 0.30625 0.671875 0.30625
3 0.596875 0.090625 0.678125 0.090625 0.678125 0.1703125 0.596875 0.1703125
3 0.5109375 0.2046875 0.5765625 0.2046875 0.5765625 0.2921875 0.5109375 0.2921875
3 0.2734375 0.2125 0.35 0.2125 0.35 0.2890625 0.2734375 0.2890625
3 0.34375 0.09375 0.4203125 0.09375 0.4203125 0.178125 0.34375 0.178125
3 0.175 0.0546875 0.265625 0.0546875 0.265625 0.18125 0.175 0.18125
3 0.1015625 0.2109375 0.1890625 0.2109375 0.1890625 0.3 0.1015625 0.3