1 0.7125 0.253125 0.8234375 0.253125 0.8234375 0.35 0.7125 0.35
4 0.4125 0.7 0.5015625 0.7 0.5015625 0.790625 0.4125 0.790625
4 0.309375 0.696875 0.396875 0.696875 0.396875 0.784375 0.309375 0.784375
4 0.2015625 0.6921875 0.3046875 0.6921875 0.3046875 0.7859375 0.2015625 0.7859375
4 0.0859375 0.6859375 0.2109375 0.6859375 0.2109375 0.7921875 0.0859375 0.7921875
6 0.63125 0.2734375 0.7125 0.2734375 0.7125 0.3390625 0.63125 0.3390625
6 0.4390625 0.2609375 0.521875 0.2609375 0.521875 0.3359375 0.4390625 0.3359375
6 0.246875 0.2640625 0.3375 0.2640625 0.3375 0.3390625 0.246875 0.3390625
6 0.140625 0.3296875 0.2390625 0.3296875 0.2390625 0.4046875 0.140625 0.4046875
7 0.5296875 0.1828125 0.6140625 0.1828125 0.6140625 0.2796875 0.5296875 0.2796875
7 0.4296875 0.175 0.521875 0.175 0.521875 0.271875 0.4296875 0.271875
7 0.33125 0.16875 0.43125 0.16875 0.43125 0.26875 0.33125 0.26875
7 0.2265625 0.1609375 0.3328125 0.1609375 0.3328125 0.2671875 0.2265625 0.2671875
7 0.1078125 0.1640625 0.2328125 0.1640625 0.2328125 0.2703125 0.1078125 0.2703125
10 0.70625 0.7125 0.8125 0.7125 0.8125 0.7953125 0.70625 0.7953125
10 0.6078125 0.7 0.7109375 0.7 0.7109375 0.7875 0.6078125 0.7875
10 0.503125 0.70625 0.6 0.70625 0.6 0.79375 0.503125 0.79375
10 0.803125 0.4140625 0.928125 0.4140625 0.928125 0.484375 0.803125 0.484375
10 0.803125 0.3421875 0.9328125 0.3421875 0.9328125 0.4171875 0.803125 0.4171875
10 0.8046875 0.2625 0.9328125 0.2625 0.9328125 0.3453125 0.8046875 0.3453125
10 0.8140625 0.190625 0.9296875 0.190625 0.9296875 0.2828125 0.8140625 0.2828125