10 0.2265625 0.175 0.309375 0.175 0.309375 0.278125 0.2265625 0.278125
10 0.2375 0.290625 0.3125 0.290625 0.3125 0.3796875 0.2375 0.3796875
10 0.2375 0.4015625 0.3140625 0.4015625 0.3140625 0.48125 0.2375 0.48125
10 0.7234375 0.56875 0.815625 0.56875 0.815625 0.640625 0.7234375 0.640625
10 0.7265625 0.75625 0.815625 0.75625 0.815625 0.8640625 0.7265625 0.8640625
10 0.396875 0.3921875 0.4515625 0.3921875 0.4515625 0.471875 0.396875 0.471875
10 0.5375 0.4046875 0.6 0.4046875 0.6 0.475 0.5375 0.475
9 0.4046875 0.575 0.4484375 0.575 0.4484375 0.6328125 0.4046875 0.6328125
9 0.534375 0.58125 0.578125 0.58125 0.578125 0.646875 0.534375 0.646875
9 0.6015625 0.6671875 0.646875 0.6671875 0.646875 0.7265625 0.6015625 0.7265625
9 0.46875 0.665625 0.509375 0.665625 0.509375 0.728125 0.46875 0.728125
9 0.33125 0.4890625 0.3796875 0.4890625 0.3796875 0.5546875 0.33125 0.5546875
9 0.534375 0.2171875 0.578125 0.2171875 0.578125 0.284375 0.534375 0.284375
9 0.4671875 0.21875 0.5109375 0.21875 0.5109375 0.2890625 0.4671875 0.2890625
9 0.39375 0.2171875 0.4375 0.2171875 0.4375 0.2796875 0.39375 0.2796875
9 0.328125 0.2109375 0.3734375 0.2109375 0.3734375 0.2765625 0.328125 0.2765625
9 0.65625 0.115625 0.7078125 0.115625 0.7078125 0.184375 0.65625 0.184375
9 0.2515625 0.1140625 0.303125 0.1140625 0.303125 0.18125 0.2515625 0.18125
7 0.31875 0.66875 0.3890625 0.66875 0.3890625 0.765625 0.31875 0.765625
7 0.2375 0.575 0.3125 0.575 0.3125 0.65 0.2375 0.65
7 0.390625 0.284375 0.4515625 0.284375 0.4515625 0.3703125 0.390625 0.3703125
7 0.4703125 0.0859375 0.5265625 0.0859375 0.5265625 0.196875 0.4703125 0.196875
7 0.390625 0.0859375 0.4515625 0.0859375 0.4515625 0.2015625 0.390625 0.2015625
6 0.5859375 0.10625 0.6375 0.10625 0.6375 0.1953125 0.5859375 0.1953125
6 0.728125 0.0859375 0.790625 0.0859375 0.790625 0.178125 0.728125 0.178125
6 0.3265625 0.1078125 0.3796875 0.1078125 0.3796875 0.196875 0.3265625 0.196875
6 0.328125 0.596875 0.3828125 0.596875 0.3828125 0.65625 0.328125 0.65625
4 0.3234375 0.2828125 0.384375 0.2828125 0.384375 0.375 0.3234375 0.375
4 0.7234375 0.3 0.8109375 0.3 0.8109375 0.384375 0.7234375 0.384375
4 0.3234375 0.396875 0.384375 0.396875 0.384375 0.4671875 0.3234375 0.4671875
4 0.2390625 0.765625 0.3109375 0.765625 0.3109375 0.871875 0.2390625 0.871875
1 0.5234375 0.7546875 0.5828125 0.7546875 0.5828125 0.8609375 0.5234375 0.8609375