5 0.175 0.753125 0.271875 0.753125 0.271875 0.8515625 0.175 0.8515625
5 0.0109375 0.665625 0.1609375 0.665625 0.1609375 0.7484375 0.0109375 0.7484375
3 0.04375 0.421875 0.14375 0.421875 0.14375 0.48125 0.04375 0.48125
3 0.03125 0.3421875 0.146875 0.3421875 0.146875 0.4125 0.03125 0.4125
3 0.071875 0.2375 0.1703125 0.2375 0.1703125 0.315625 0.071875 0.315625
3 0.053125 0.15 0.1609375 0.15 0.1609375 0.225 0.053125 0.225
3 0.16875 0.14375 0.25625 0.14375 0.25625 0.234375 0.16875 0.234375
3 0.271875 0.153125 0.34375 0.153125 0.34375 0.23125 0.271875 0.23125
3 0.4 0.1734375 0.49375 0.1734375 0.49375 0.2453125 0.4 0.2453125
2 0.7234375 0.746875 0.8625 0.746875 0.8625 0.825 0.7234375 0.825
2 0.8234375 0.7265625 0.953125 0.7265625 0.953125 0.828125 0.8234375 0.828125
2 0.828125 0.64375 0.971875 0.64375 0.971875 0.7203125 0.828125 0.7203125
0 0.828125 0.40625 0.975 0.40625 0.975 0.4953125 0.828125 0.4953125
0 0.8203125 0.315625 0.953125 0.315625 0.953125 0.4 0.8203125 0.4
0 0.80625 0.2328125 0.940625 0.2328125 0.940625 0.3265625 0.80625 0.3265625
0 0.8015625 0.15 0.9484375 0.15 0.9484375 0.253125 0.8015625 0.253125
0 0.70625 0.15 0.828125 0.15 0.828125 0.2390625 0.70625 0.2390625
0 0.603125 0.134375 0.7125 0.134375 0.7125 0.24375 0.603125 0.24375
0 0.509375 0.134375 0.596875 0.134375 0.596875 0.253125 0.509375 0.253125