5 0.8125 0.065625 0.978125 0.065625 0.978125 0.3125 0.8125 0.3125
5 0.6890625 0.0734375 0.8046875 0.0734375 0.8046875 0.309375 0.6890625 0.309375
5 0.6609375 0.3515625 0.78125 0.3515625 0.78125 0.615625 0.6609375 0.615625
5 0.7875 0.63125 0.9609375 0.63125 0.9609375 0.925 0.7875 0.925
5 0.553125 0.059375 0.6546875 0.059375 0.6546875 0.3 0.553125 0.3
5 0.546875 0.325 0.6453125 0.325 0.6453125 0.5640625 0.546875 0.5640625
5 0.43125 0.328125 0.525 0.328125 0.525 0.61875 0.43125 0.61875
5 0.428125 0.628125 0.53125 0.628125 0.53125 0.86875 0.428125 0.86875
11 0.790625 0.3671875 0.934375 0.3671875 0.934375 0.6125 0.790625 0.6125
11 0.6609375 0.625 0.778125 0.625 0.778125 0.8828125 0.6609375 0.8828125
11 0.5453125 0.6125 0.6421875 0.6125 0.6421875 0.91875 0.5453125 0.91875
11 0.234375 0.0375 0.384375 0.0375 0.384375 0.3 0.234375 0.3
11 0.2484375 0.3453125 0.3859375 0.3453125 0.3859375 0.5921875 0.2484375 0.5921875
11 0.30625 0.61875 0.4078125 0.61875 0.4078125 0.8921875 0.30625 0.8921875