8 0.771875 0.5140625 0.8609375 0.5140625 0.8609375 0.5984375 0.771875 0.5984375
8 0.778125 0.80625 0.878125 0.80625 0.878125 0.93125 0.778125 0.93125
8 0.6921875 0.80625 0.771875 0.80625 0.771875 0.9125 0.6921875 0.9125
8 0.6765625 0.6953125 0.7640625 0.6953125 0.7640625 0.7921875 0.6765625 0.7921875
8 0.58125 0.515625 0.665625 0.515625 0.665625 0.590625 0.58125 0.590625
8 0.496875 0.415625 0.571875 0.415625 0.571875 0.49375 0.496875 0.49375
8 0.59375 0.809375 0.665625 0.809375 0.665625 0.915625 0.59375 0.915625
8 0.490625 0.803125 0.578125 0.803125 0.578125 0.903125 0.490625 0.903125
8 0.4890625 0.7078125 0.5640625 0.7078125 0.5640625 0.8046875 0.4890625 0.8046875
8 0.4015625 0.8015625 0.4765625 0.8015625 0.4765625 0.9046875 0.4015625 0.9046875
8 0.1828125 0.7125 0.2796875 0.7125 0.2796875 0.8 0.1828125 0.8
8 0.08125 0.815625 0.190625 0.815625 0.190625 0.921875 0.08125 0.921875
8 0.09375 0.4265625 0.196875 0.4265625 0.196875 0.5109375 0.09375 0.5109375
8 0.2 0.328125 0.2859375 0.328125 0.2859375 0.4125 0.2 0.4125
8 0.39375 0.228125 0.4734375 0.228125 0.4734375 0.321875 0.39375 0.321875
8 0.6703125 0.3140625 0.7578125 0.3140625 0.7578125 0.396875 0.6703125 0.396875
2 0.8 0.1859375 0.878125 0.1859375 0.878125 0.3015625 0.8 0.3015625
2 0.6765625 0.403125 0.76875 0.403125 0.76875 0.484375 0.6765625 0.484375
2 0.6703125 0.0859375 0.759375 0.0859375 0.759375 0.2 0.6703125 0.2
2 0.671875 0.2046875 0.7515625 0.2046875 0.7515625 0.303125 0.671875 0.303125
2 0.4796875 0.0921875 0.559375 0.0921875 0.559375 0.215625 0.4796875 0.215625
2 0.4890625 0.3171875 0.565625 0.3171875 0.565625 0.409375 0.4890625 0.409375
2 0.4109375 0.5109375 0.4828125 0.5109375 0.4828125 0.5765625 0.4109375 0.5765625
2 0.29375 0.6109375 0.3765625 0.6109375 0.3765625 0.6984375 0.29375 0.6984375
2 0.2984375 0.421875 0.38125 0.421875 0.38125 0.503125 0.2984375 0.503125
2 0.28125 0.11875 0.371875 0.11875 0.371875 0.215625 0.28125 0.215625
2 0.3 0.209375 0.371875 0.209375 0.371875 0.315625 0.3 0.315625
2 0.1 0.328125 0.1890625 0.328125 0.1890625 0.403125 0.1 0.403125