1 0.5234375 0.615625 0.5640625 0.615625 0.5640625 0.746875 0.5234375 0.746875
1 0.5234375 0.61875 0.559375 0.61875 0.559375 0.74375 0.5234375 0.74375
4 0.403125 0.45 0.440625 0.45 0.440625 0.575 0.403125 0.575
1 0.40625 0.4515625 0.4375 0.4515625 0.4375 0.5734375 0.40625 0.5734375
4 0.446875 0.4625 0.4875 0.4625 0.4875 0.58125 0.446875 0.58125
4 0.45 0.465625 0.484375 0.465625 0.484375 0.584375 0.45 0.584375
5 0.309375 0.465625 0.35 0.465625 0.35 0.5890625 0.309375 0.5890625
4 0.3109375 0.4671875 0.346875 0.4671875 0.346875 0.5890625 0.3109375 0.5890625
5 0.4875 0.7 0.5171875 0.7 0.5171875 0.79375 0.4875 0.79375
2 0.5359375 0.384375 0.565625 0.384375 0.565625 0.478125 0.5359375 0.478125
5 0.3296875 0.7078125 0.3609375 0.7078125 0.3609375 0.80625 0.3296875 0.80625
2 0.4953125 0.475 0.5265625 0.475 0.5265625 0.559375 0.4953125 0.559375
5 0.3703125 0.6421875 0.403125 0.6421875 0.403125 0.740625 0.3703125 0.740625
2 0.40625 0.5578125 0.4375 0.5578125 0.4375 0.65625 0.40625 0.65625
2 0.4953125 0.471875 0.528125 0.471875 0.528125 0.5546875 0.4953125 0.5546875
2 0.328125 0.365625 0.3625 0.365625 0.3625 0.4671875 0.328125 0.4671875
2 0.3265625 0.36875 0.3640625 0.36875 0.3640625 0.465625 0.3265625 0.465625
5 0.490625 0.703125 0.51875 0.703125 0.51875 0.7984375 0.490625 0.7984375
2 0.5328125 0.3828125 0.5671875 0.3828125 0.5671875 0.4796875 0.5328125 0.4796875
5 0.371875 0.6375 0.4 0.6375 0.4 0.734375 0.371875 0.734375
0 0.4 0.5640625 0.4359375 0.5640625 0.4359375 0.6546875 0.4 0.6546875
5 0.3328125 0.7078125 0.3609375 0.7078125 0.3609375 0.8046875 0.3328125 0.8046875
0 0.4109375 0.734375 0.4390625 0.734375 0.4390625 0.8375 0.4109375 0.8375
0 0.4125 0.7328125 0.4375 0.7328125 0.4375 0.8328125 0.4125 0.8328125
0 0.45 0.6140625 0.48125 0.6140625 0.48125 0.7140625 0.45 0.7140625