10 0.6078125 0.1296875 0.6875 0.1296875 0.6875 0.259375 0.6078125 0.259375
10 0.4578125 0.134375 0.525 0.134375 0.525 0.2625 0.4578125 0.2625
10 0.4578125 0.278125 0.528125 0.278125 0.528125 0.384375 0.4578125 0.384375
10 0.6171875 0.58125 0.7046875 0.58125 0.7046875 0.6875 0.6171875 0.6875
10 0.690625 0.8171875 0.7890625 0.8171875 0.7890625 0.9546875 0.690625 0.9546875
10 0.3734375 0.5984375 0.45 0.5984375 0.45 0.6921875 0.3734375 0.6921875
10 0.275 0.0296875 0.36875 0.0296875 0.36875 0.1765625 0.275 0.1765625
7 0.534375 0.6921875 0.609375 0.6921875 0.609375 0.821875 0.534375 0.821875
7 0.703125 0.6 0.796875 0.6 0.796875 0.7109375 0.703125 0.7109375
7 0.6875 0.140625 0.7734375 0.140625 0.7734375 0.259375 0.6875 0.259375
7 0.2796875 0.703125 0.36875 0.703125 0.36875 0.809375 0.2796875 0.809375
7 0.090625 0.596875 0.2140625 0.596875 0.2140625 0.7078125 0.090625 0.7078125
1 0.2796875 0.2640625 0.36875 0.2640625 0.36875 0.365625 0.2796875 0.365625
4 0.3609375 0.3890625 0.45 0.3890625 0.45 0.4828125 0.3609375 0.4828125
4 0.4625 0.4890625 0.5234375 0.4890625 0.5234375 0.5765625 0.4625 0.5765625
4 0.5328125 0.3828125 0.603125 0.3828125 0.603125 0.471875 0.5328125 0.471875
4 0.696875 0.0046875 0.7828125 0.0046875 0.7828125 0.1390625 0.696875 0.1390625
6 0.121875 0.1765625 0.2140625 0.1765625 0.2140625 0.2796875 0.121875 0.2796875
6 0.221875 0.4 0.3015625 0.4 0.3015625 0.4765625 0.221875 0.4765625
6 0.121875 0.7890625 0.2140625 0.7890625 0.2140625 0.909375 0.121875 0.909375
6 0.475 0.8015625 0.5359375 0.8015625 0.5359375 0.909375 0.475 0.909375