10 0.390625 0.003125 0.434375 0.003125 0.434375 0.1421875 0.390625 0.1421875
7 0.4578125 0.6875 0.509375 0.6875 0.509375 0.846875 0.4578125 0.846875
8 0.6078125 0.009375 0.6515625 0.009375 0.6515625 0.14375 0.6078125 0.14375
8 0.6390625 0.4421875 0.6875 0.4421875 0.6875 0.58125 0.6390625 0.58125
11 0.615625 0.2046875 0.6546875 0.2046875 0.6546875 0.34375 0.615625 0.34375
11 0.5828125 0.6828125 0.6359375 0.6828125 0.6359375 0.8203125 0.5828125 0.8203125
6 0.453125 0.328125 0.4921875 0.328125 0.4921875 0.4609375 0.453125 0.4609375
6 0.55625 0.1890625 0.596875 0.1890625 0.596875 0.33125 0.55625 0.33125
9 0.4 0.4703125 0.4328125 0.4703125 0.4328125 0.571875 0.4 0.571875
9 0.3984375 0.590625 0.4375 0.590625 0.4375 0.684375 0.3984375 0.684375
9 0.334375 0.603125 0.3734375 0.603125 0.3734375 0.7015625 0.334375 0.7015625
9 0.3296875 0.4765625 0.3703125 0.4765625 0.3703125 0.5828125 0.3296875 0.5828125
9 0.3328125 0.3484375 0.36875 0.3484375 0.36875 0.4546875 0.3328125 0.4546875
9 0.3265625 0.2328125 0.365625 0.2328125 0.365625 0.3359375 0.3265625 0.3359375
9 0.2859375 0.1296875 0.321875 0.1296875 0.321875 0.2375 0.2859375 0.2375
9 0.3953125 0.140625 0.43125 0.140625 0.43125 0.24375 0.3953125 0.24375
4 0.3890625 0.6875 0.44375 0.6875 0.44375 0.8484375 0.3890625 0.8484375
1 0.446875 0 0.490625 0 0.490625 0.1421875 0.446875 0.1421875
5 0.2578125 0.46875 0.309375 0.46875 0.309375 0.596875 0.2578125 0.596875
5 0.265625 0.3375 0.3140625 0.3375 0.3140625 0.471875 0.265625 0.471875
5 0.571875 0.434375 0.615625 0.434375 0.615625 0.559375 0.571875 0.559375
5 0.565625 0.3078125 0.6046875 0.3078125 0.6046875 0.446875 0.565625 0.446875
0 0.45 0.2078125 0.4796875 0.2078125 0.4796875 0.3421875 0.45 0.3421875
0 0.3890625 0.203125 0.428125 0.203125 0.428125 0.3375 0.3890625 0.3375
3 0.3921875 0.3515625 0.4265625 0.3515625 0.4265625 0.453125 0.3921875 0.453125
3 0.459375 0.484375 0.49375 0.484375 0.49375 0.578125 0.459375 0.578125
3 0.5296875 0.590625 0.565625 0.590625 0.565625 0.6875 0.5296875 0.6875
3 0.53125 0.45 0.565625 0.45 0.565625 0.54375 0.53125 0.54375
3 0.503125 0.3375 0.5375 0.3375 0.5375 0.4390625 0.503125 0.4390625
3 0.50625 0.234375 0.540625 0.234375 0.540625 0.340625 0.50625 0.340625
3 0.5015625 0.1171875 0.53125 0.1171875 0.53125 0.2328125 0.5015625 0.2328125
3 0.446875 0.11875 0.4734375 0.11875 0.4734375 0.2265625 0.446875 0.2265625