0 0.84375 0.828125 0.9234375 0.828125 0.9234375 0.909375 0.84375 0.909375
9 0.8296875 0.7375 0.909375 0.7375 0.909375 0.809375 0.8296875 0.809375
9 0.63125 0.61875 0.696875 0.61875 0.696875 0.6828125 0.63125 0.6828125
9 0.4578125 0.8578125 0.51875 0.8578125 0.51875 0.9421875 0.4578125 0.9421875
9 0.1296875 0.85625 0.20625 0.85625 0.20625 0.940625 0.1296875 0.940625
9 0.228125 0.6609375 0.296875 0.6609375 0.296875 0.7265625 0.228125 0.7265625
9 0.128125 0.634375 0.203125 0.634375 0.203125 0.696875 0.128125 0.696875
9 0.815625 0.5484375 0.896875 0.5484375 0.896875 0.609375 0.815625 0.609375
9 0.83125 0.45 0.9125 0.45 0.9125 0.5125 0.83125 0.5125
9 0.134375 0.459375 0.2140625 0.459375 0.2140625 0.5203125 0.134375 0.5203125
9 0.2453125 0.340625 0.3109375 0.340625 0.3109375 0.4 0.2453125 0.4
9 0.3453125 0.23125 0.4078125 0.23125 0.4078125 0.303125 0.3453125 0.303125
9 0.125 0.13125 0.2015625 0.13125 0.2015625 0.2109375 0.125 0.2109375
9 0.8359375 0.115625 0.9125 0.115625 0.9125 0.19375 0.8359375 0.19375
9 0.73125 0.1125 0.8046875 0.1125 0.8046875 0.1890625 0.73125 0.1890625
9 0.8328125 0.61875 0.9140625 0.61875 0.9140625 0.6796875 0.8328125 0.6796875
3 0.721875 0.740625 0.7953125 0.740625 0.7953125 0.8109375 0.721875 0.8109375
3 0.6390625 0.834375 0.703125 0.834375 0.703125 0.9140625 0.6390625 0.9140625
3 0.53125 0.746875 0.590625 0.746875 0.590625 0.815625 0.53125 0.815625
3 0.3484375 0.853125 0.4078125 0.853125 0.4078125 0.9328125 0.3484375 0.9328125
3 0.228125 0.84375 0.29375 0.84375 0.29375 0.9265625 0.228125 0.9265625
3 0.2578125 0.553125 0.3234375 0.553125 0.3234375 0.6140625 0.2578125 0.6140625
3 0.7296875 0.5484375 0.803125 0.5484375 0.803125 0.6078125 0.7296875 0.6078125
3 0.1125 0.315625 0.1859375 0.315625 0.1859375 0.38125 0.1125 0.38125
3 0.4234375 0.2421875 0.4796875 0.2421875 0.4796875 0.3109375 0.4234375 0.3109375
3 0.534375 0.13125 0.5921875 0.13125 0.5921875 0.2078125 0.534375 0.2078125
3 0.434375 0.1203125 0.49375 0.1203125 0.49375 0.1984375 0.434375 0.1984375
3 0.3328125 0.1375 0.390625 0.1375 0.390625 0.215625 0.3328125 0.215625
3 0.24375 0.1296875 0.309375 0.1296875 0.309375 0.2078125 0.24375 0.2078125
3 0.7265625 0.8328125 0.8484375 0.8328125 0.8484375 0.96875 0.7265625 0.96875
4 0.446875 0.4390625 0.525 0.4390625 0.525 0.515625 0.446875 0.515625
4 0.5171875 0.2140625 0.5984375 0.2140625 0.5984375 0.3234375 0.5171875 0.3234375
4 0.5609375 0.8453125 0.6375 0.8453125 0.6375 0.9484375 0.5609375 0.9484375
5 0.3359375 0.75625 0.4140625 0.75625 0.4140625 0.85 0.3359375 0.85
5 0.6328125 0.7125 0.7140625 0.7125 0.7140625 0.8 0.6328125 0.8
5 0.61875 0.53125 0.7015625 0.53125 0.7015625 0.596875 0.61875 0.596875
5 0.3375 0.328125 0.4125 0.328125 0.4125 0.4078125 0.3375 0.4078125
5 0.7140625 0.33125 0.8046875 0.33125 0.8046875 0.409375 0.7140625 0.409375
6 0.45 0.7453125 0.515625 0.7453125 0.515625 0.83125 0.45 0.83125
6 0.3421875 0.640625 0.4109375 0.640625 0.4109375 0.7125 0.3421875 0.7125
6 0.721875 0.64375 0.8125 0.64375 0.8125 0.721875 0.721875 0.721875
6 0.721875 0.428125 0.809375 0.428125 0.809375 0.496875 0.721875 0.496875
6 0.115625 0.2359375 0.2078125 0.2359375 0.2078125 0.3203125 0.115625 0.3203125
6 0.6234375 0.0984375 0.7 0.0984375 0.7 0.19375 0.6234375 0.19375
6 0.2078125 0.76875 0.2875 0.76875 0.2875 0.85625 0.2078125 0.85625
0 0.44375 0.653125 0.50625 0.653125 0.50625 0.725 0.44375 0.725
0 0.6328125 0.4203125 0.7078125 0.4203125 0.7078125 0.48125 0.6328125 0.48125
0 0.54375 0.33125 0.6125 0.33125 0.6125 0.403125 0.54375 0.403125
0 0.440625 0.3265625 0.50625 0.3265625 0.50625 0.4 0.440625 0.4
10 0.09375 0.734375 0.2125 0.734375 0.2125 0.85 0.09375 0.85
10 0.525 0.634375 0.6109375 0.634375 0.6109375 0.7328125 0.525 0.7328125
10 0.725 0.203125 0.8484375 0.203125 0.8484375 0.3140625 0.725 0.3140625
7 0.44375 0.525 0.525 0.525 0.525 0.6046875 0.44375 0.6046875
7 0.315625 0.45 0.40625 0.45 0.40625 0.528125 0.315625 0.528125
7 0.609375 0.3046875 0.709375 0.3046875 0.709375 0.4046875 0.609375 0.4046875
1 0.628125 0.1875 0.73125 0.1875 0.73125 0.3015625 0.628125 0.3015625
1 0.534375 0.4375 0.61875 0.4375 0.61875 0.515625 0.534375 0.515625
1 0.0921875 0.5421875 0.2140625 0.5421875 0.2140625 0.6234375 0.0921875 0.6234375
11 0.35 0.5359375 0.421875 0.5359375 0.421875 0.6046875 0.35 0.6046875
11 0.2296875 0.446875 0.3140625 0.446875 0.3140625 0.5171875 0.2296875 0.5171875