7 0.40625 0.6453125 0.69375 0.6453125 0.69375 0.75 0.40625 0.75
9 0.2375 0.7625 0.403125 0.7625 0.403125 0.834375 0.2375 0.834375
9 0.21875 0.5828125 0.3765625 0.5828125 0.3765625 0.64375 0.21875 0.64375
9 0.403125 0.5640625 0.5734375 0.5640625 0.5734375 0.6234375 0.403125 0.6234375
9 0.5625 0.5578125 0.728125 0.5578125 0.728125 0.6171875 0.5625 0.6171875
9 0.721875 0.5546875 0.8953125 0.5546875 0.8953125 0.6125 0.721875 0.6125
9 0.56875 0.128125 0.7578125 0.128125 0.7578125 0.196875 0.56875 0.196875
9 0.3984375 0.0984375 0.565625 0.0984375 0.565625 0.1734375 0.3984375 0.1734375
9 0.18125 0.078125 0.36875 0.078125 0.36875 0.15625 0.18125 0.15625
10 0.0046875 0.26875 0.2265625 0.26875 0.2265625 0.3671875 0.0046875 0.3671875
6 0.7359375 0.203125 0.9640625 0.203125 0.9640625 0.2734375 0.7359375 0.2734375
6 0.41875 0.7328125 0.63125 0.7328125 0.63125 0.8265625 0.41875 0.8265625
8 0.5953125 0.6375 0.79375 0.6375 0.79375 0.728125 0.5953125 0.728125
8 0.58125 0.7140625 0.7984375 0.7140625 0.7984375 0.7921875 0.58125 0.7921875
11 0.71875 0.1171875 0.934375 0.1171875 0.934375 0.1984375 0.71875 0.1984375
11 0.209375 0.6625 0.403125 0.6625 0.403125 0.75 0.209375 0.75
3 0.3734375 0.21875 0.5546875 0.21875 0.5546875 0.2796875 0.3734375 0.2796875
3 0.575 0.2125 0.746875 0.2125 0.746875 0.284375 0.575 0.284375
3 0.7265625 0.3171875 0.9109375 0.3171875 0.9109375 0.3734375 0.7265625 0.3734375
3 0.5734375 0.31875 0.7375 0.31875 0.7375 0.375 0.5734375 0.375
3 0.5875 0.4 0.759375 0.4 0.759375 0.45625 0.5875 0.45625
3 0.5703125 0.4671875 0.7421875 0.4671875 0.7421875 0.5234375 0.5703125 0.5234375
3 0.41875 0.48125 0.5890625 0.48125 0.5890625 0.5375 0.41875 0.5375
3 0.721875 0.471875 0.903125 0.471875 0.903125 0.528125 0.721875 0.528125
5 0.1859375 0.190625 0.3984375 0.190625 0.3984375 0.284375 0.1859375 0.284375
5 0.221875 0.29375 0.428125 0.29375 0.428125 0.3703125 0.221875 0.3703125
5 0.2203125 0.4046875 0.4265625 0.4046875 0.4265625 0.4734375 0.2203125 0.4734375
5 0.2421875 0.4890625 0.4484375 0.4890625 0.4484375 0.5671875 0.2421875 0.5671875
0 0.740625 0.390625 0.96875 0.390625 0.96875 0.4515625 0.740625 0.4515625
0 0.728125 0.628125 0.940625 0.628125 0.940625 0.703125 0.728125 0.703125
1 0.4046875 0.38125 0.6828125 0.38125 0.6828125 0.453125 0.4046875 0.453125
4 0.3875 0.2953125 0.6625 0.2953125 0.6625 0.3828125 0.3875 0.3828125