3 0.284375 0.646875 0.3453125 0.646875 0.3453125 0.7328125 0.284375 0.7328125
3 0.365625 0.6546875 0.4234375 0.6546875 0.4234375 0.7390625 0.365625 0.7390625
3 0.46875 0.75 0.528125 0.75 0.528125 0.846875 0.46875 0.846875
3 0.6171875 0.43125 0.6828125 0.43125 0.6828125 0.515625 0.6171875 0.515625
3 0.3734375 0.540625 0.4421875 0.540625 0.4421875 0.6296875 0.3734375 0.6296875
3 0.278125 0.0796875 0.3515625 0.0796875 0.3515625 0.175 0.278125 0.175
3 0.528125 0.075 0.5796875 0.075 0.5796875 0.1671875 0.528125 0.1671875
1 0.2375 0.421875 0.3390625 0.421875 0.3390625 0.525 0.2375 0.525
1 0.540625 0.6390625 0.615625 0.6390625 0.615625 0.7640625 0.540625 0.7640625
1 0.6859375 0.296875 0.7859375 0.296875 0.7859375 0.4046875 0.6859375 0.4046875
1 0.44375 0.190625 0.5125 0.190625 0.5125 0.30625 0.44375 0.30625
2 0.26875 0.171875 0.3515625 0.171875 0.3515625 0.29375 0.26875 0.29375
2 0.603125 0.5359375 0.6828125 0.5359375 0.6828125 0.6296875 0.603125 0.6296875
2 0.690625 0.6515625 0.7640625 0.6515625 0.7640625 0.7640625 0.690625 0.7640625
2 0.609375 0.1921875 0.6984375 0.1921875 0.6984375 0.290625 0.609375 0.290625
5 0.3546875 0.4234375 0.4296875 0.4234375 0.4296875 0.5109375 0.3546875 0.5109375
5 0.778125 0.521875 0.875 0.521875 0.875 0.6296875 0.778125 0.6296875
4 0.4515625 0.41875 0.525 0.41875 0.525 0.5265625 0.4515625 0.5265625
0 0.6921875 0.053125 0.7859375 0.053125 0.7859375 0.175 0.6921875 0.175
0 0.521875 0.30625 0.6 0.30625 0.6 0.409375 0.521875 0.409375