3 0.065625 0.7875 0.165625 0.7875 0.165625 0.878125 0.065625 0.878125
3 0.1828125 0.584375 0.2625 0.584375 0.2625 0.66875 0.1828125 0.66875
3 0.103125 0.375 0.190625 0.375 0.190625 0.4546875 0.103125 0.4546875
3 0.1 0.271875 0.196875 0.271875 0.196875 0.34375 0.1 0.34375
3 0.1109375 0.1765625 0.2109375 0.1765625 0.2109375 0.259375 0.1109375 0.259375
3 0.2171875 0.075 0.2921875 0.075 0.2921875 0.1625 0.2171875 0.1625
3 0.2015625 0.3828125 0.2890625 0.3828125 0.2890625 0.459375 0.2015625 0.459375
3 0.3015625 0.56875 0.3890625 0.56875 0.3890625 0.646875 0.3015625 0.646875
3 0.403125 0.7 0.471875 0.7 0.471875 0.765625 0.403125 0.765625
3 0.403125 0.5921875 0.4734375 0.5921875 0.4734375 0.659375 0.403125 0.659375
3 0.490625 0.49375 0.5625 0.49375 0.5625 0.56875 0.490625 0.56875
3 0.4953125 0.6875 0.5640625 0.6875 0.5640625 0.7640625 0.4953125 0.7640625
3 0.4 0.284375 0.46875 0.284375 0.46875 0.365625 0.4 0.365625
3 0.4984375 0.196875 0.5765625 0.196875 0.5765625 0.2796875 0.4984375 0.2796875
3 0.59375 0.0671875 0.68125 0.0671875 0.68125 0.159375 0.59375 0.159375
3 0.6046875 0.3796875 0.678125 0.3796875 0.678125 0.4671875 0.6046875 0.4671875
3 0.60625 0.2703125 0.671875 0.2703125 0.671875 0.35625 0.60625 0.35625
3 0.6078125 0.171875 0.690625 0.171875 0.690625 0.259375 0.6078125 0.259375
3 0.6 0.68125 0.684375 0.68125 0.684375 0.75 0.6 0.75
3 0.696875 0.4671875 0.775 0.4671875 0.775 0.5578125 0.696875 0.5578125
3 0.790625 0.1625 0.875 0.1625 0.875 0.278125 0.790625 0.278125
3 0.815625 0.5734375 0.9109375 0.5734375 0.9109375 0.6578125 0.815625 0.6578125
3 0.8109375 0.684375 0.915625 0.684375 0.915625 0.7625 0.8109375 0.7625
9 0.084375 0.575 0.178125 0.575 0.178125 0.6484375 0.084375 0.6484375
9 0.3015625 0.3671875 0.378125 0.3671875 0.378125 0.4453125 0.3015625 0.4453125
9 0.3875 0.4796875 0.46875 0.4796875 0.46875 0.5515625 0.3875 0.5515625
9 0.5078125 0.36875 0.5765625 0.36875 0.5765625 0.4625 0.5078125 0.4625
9 0.7 0.3875 0.7796875 0.3875 0.7796875 0.465625 0.7 0.465625
2 0.2015625 0.471875 0.2859375 0.471875 0.2859375 0.553125 0.2015625 0.553125
2 0.2921875 0.675 0.38125 0.675 0.38125 0.759375 0.2921875 0.759375
2 0.7875 0.46875 0.89375 0.46875 0.89375 0.55625 0.7875 0.55625
2 0.496875 0.571875 0.590625 0.571875 0.590625 0.6546875 0.496875 0.6546875
8 0.278125 0.275 0.378125 0.275 0.378125 0.3671875 0.278125 0.3671875
8 0.684375 0.1671875 0.79375 0.1671875 0.79375 0.26875 0.684375 0.26875
8 0.5859375 0.484375 0.6734375 0.484375 0.6734375 0.56875 0.5859375 0.56875
11 0.4125 0.1484375 0.4875 0.1484375 0.4875 0.259375 0.4125 0.259375
5 0.7078125 0.5875 0.8046875 0.5875 0.8046875 0.671875 0.7078125 0.671875
5 0.690625 0.25625 0.7890625 0.25625 0.7890625 0.359375 0.690625 0.359375
4 0.290625 0.13125 0.384375 0.13125 0.384375 0.271875 0.290625 0.271875