10 0.3046875 0.128125 0.3953125 0.128125 0.3953125 0.2390625 0.3046875 0.2390625
10 0.3078125 0.340625 0.403125 0.340625 0.403125 0.4234375 0.3078125 0.4234375
10 0.4953125 0.5265625 0.58125 0.5265625 0.58125 0.625 0.4953125 0.625
10 0.484375 0.7015625 0.5734375 0.7015625 0.5734375 0.815625 0.484375 0.815625
10 0.2078125 0.69375 0.3140625 0.69375 0.3140625 0.8203125 0.2078125 0.8203125
10 0.68125 0.528125 0.7828125 0.528125 0.7828125 0.640625 0.68125 0.640625
10 0.2109375 0.69375 0.3109375 0.69375 0.3109375 0.8203125 0.2109375 0.8203125
10 0.3 0.1328125 0.4 0.1328125 0.4 0.2359375 0.3 0.2359375
10 0.3953125 0.70625 0.496875 0.70625 0.496875 0.83125 0.3953125 0.83125
10 0.409375 0.6109375 0.4828125 0.6109375 0.4828125 0.725 0.409375 0.725
10 0.4046875 0.6109375 0.484375 0.6109375 0.484375 0.715625 0.4046875 0.715625
10 0.309375 0.353125 0.3953125 0.353125 0.3953125 0.4328125 0.309375 0.4328125
10 0.090625 0.2375 0.2125 0.2375 0.2125 0.334375 0.090625 0.334375
10 0.0953125 0.2453125 0.221875 0.2453125 0.221875 0.325 0.0953125 0.325
7 0.096875 0.61875 0.2203125 0.61875 0.2203125 0.7375 0.096875 0.7375
10 0.490625 0.7078125 0.571875 0.7078125 0.571875 0.81875 0.490625 0.81875
10 0.4 0.709375 0.4875 0.709375 0.4875 0.8140625 0.4 0.8140625
7 0.4953125 0.434375 0.58125 0.434375 0.58125 0.525 0.4953125 0.525
7 0.075 0.1296875 0.215625 0.1296875 0.215625 0.2375 0.075 0.2375
7 0.675 0.34375 0.790625 0.34375 0.790625 0.4328125 0.675 0.4328125
7 0.7671875 0.4359375 0.896875 0.4359375 0.896875 0.525 0.7671875 0.525
10 0.49375 0.5265625 0.58125 0.5265625 0.58125 0.6265625 0.49375 0.6265625
10 0.675 0.5328125 0.790625 0.5328125 0.790625 0.6328125 0.675 0.6328125
7 0.5828125 0.63125 0.6765625 0.63125 0.6765625 0.725 0.5828125 0.725
7 0.5046875 0.2421875 0.5859375 0.2421875 0.5859375 0.3421875 0.5046875 0.3421875
7 0.3 0.7953125 0.409375 0.7953125 0.409375 0.9328125 0.3 0.9328125
7 0.5859375 0.5125 0.678125 0.5125 0.678125 0.628125 0.5859375 0.628125
7 0.0984375 0.61875 0.228125 0.61875 0.228125 0.734375 0.0984375 0.734375
4 0.1 0.34375 0.225 0.34375 0.225 0.434375 0.1 0.434375
7 0.3 0.796875 0.403125 0.796875 0.403125 0.93125 0.3 0.93125
4 0.1109375 0.7875 0.225 0.7875 0.225 0.934375 0.1109375 0.934375
7 0.584375 0.6203125 0.678125 0.6203125 0.678125 0.7359375 0.584375 0.7359375
4 0.5 0.8015625 0.571875 0.8015625 0.571875 0.921875 0.5 0.921875
7 0.684375 0.3390625 0.8 0.3390625 0.8 0.415625 0.684375 0.415625
7 0.765625 0.4390625 0.9078125 0.4390625 0.9078125 0.5265625 0.765625 0.5265625
4 0.775 0.7984375 0.878125 0.7984375 0.878125 0.928125 0.775 0.928125
7 0.5 0.2375 0.590625 0.2375 0.590625 0.3390625 0.5 0.3390625
4 0.76875 0.6203125 0.8828125 0.6203125 0.8828125 0.71875 0.76875 0.71875
4 0.5921875 0.434375 0.6890625 0.434375 0.6890625 0.515625 0.5921875 0.515625
7 0.5 0.4375 0.5859375 0.4375 0.5859375 0.528125 0.5 0.528125
1 0.7828125 0.346875 0.9 0.346875 0.9 0.425 0.7828125 0.425
4 0.0921875 0.34375 0.215625 0.34375 0.215625 0.434375 0.0921875 0.434375
1 0.490625 0.1265625 0.58125 0.1265625 0.58125 0.234375 0.490625 0.234375
4 0.10625 0.8015625 0.221875 0.8015625 0.221875 0.934375 0.10625 0.934375
1 0.4140625 0.434375 0.4890625 0.434375 0.4890625 0.521875 0.4140625 0.521875
4 0.5 0.7984375 0.575 0.7984375 0.575 0.9203125 0.5 0.9203125
1 0.6671875 0.70625 0.778125 0.70625 0.778125 0.8328125 0.6671875 0.8328125
4 0.7625 0.615625 0.88125 0.615625 0.88125 0.7265625 0.7625 0.7265625
1 0.315625 0.6015625 0.40625 0.6015625 0.40625 0.715625 0.315625 0.715625
4 0.7609375 0.79375 0.8828125 0.79375 0.8828125 0.921875 0.7609375 0.921875
1 0.1 0.5234375 0.2203125 0.5234375 0.2203125 0.6296875 0.1 0.6296875
4 0.590625 0.4265625 0.6859375 0.4265625 0.6859375 0.5296875 0.590625 0.5296875
1 0.4875 0.121875 0.5828125 0.121875 0.5828125 0.234375 0.4875 0.234375
1 0.2140625 0.45 0.3 0.45 0.3 0.528125 0.2140625 0.528125
1 0.7734375 0.34375 0.8953125 0.34375 0.8953125 0.4328125 0.7734375 0.4328125
1 0.31875 0.596875 0.4 0.596875 0.4 0.7125 0.31875 0.7125
1 0.4203125 0.43125 0.4890625 0.43125 0.4890625 0.5203125 0.4203125 0.5203125
1 0.6703125 0.70625 0.78125 0.70625 0.78125 0.8375 0.6703125 0.8375
1 0.1046875 0.525 0.225 0.525 0.225 0.621875 0.1046875 0.621875
1 0.2125 0.434375 0.31875 0.434375 0.31875 0.515625 0.2125 0.515625
1 0.075 0.121875 0.225 0.121875 0.225 0.240625 0.075 0.240625