10 0.7953125 0.3109375 0.9375 0.3109375 0.9375 0.4171875 0.7953125 0.4171875
10 0.4984375 0.5109375 0.590625 0.5109375 0.590625 0.6015625 0.4984375 0.6015625
10 0.1921875 0.603125 0.3109375 0.603125 0.3109375 0.70625 0.1921875 0.70625
10 0.096875 0.2296875 0.228125 0.2296875 0.228125 0.3375 0.096875 0.3375
10 0.403125 0.615625 0.496875 0.615625 0.496875 0.7046875 0.403125 0.7046875
10 0.4984375 0.415625 0.5921875 0.415625 0.5921875 0.503125 0.4984375 0.503125
10 0.5984375 0.3203125 0.690625 0.3203125 0.690625 0.415625 0.5984375 0.415625
10 0.6984375 0.43125 0.79375 0.43125 0.79375 0.5140625 0.6984375 0.5140625
10 0.509375 0.0984375 0.596875 0.0984375 0.596875 0.2265625 0.509375 0.2265625
7 0.603125 0.190625 0.6953125 0.190625 0.6953125 0.3125 0.603125 0.3125
7 0.69375 0.61875 0.771875 0.61875 0.771875 0.7015625 0.69375 0.7015625
7 0.603125 0.515625 0.6875 0.515625 0.6875 0.6046875 0.603125 0.6046875
7 0.5140625 0.70625 0.603125 0.70625 0.603125 0.80625 0.5140625 0.80625
7 0.178125 0.703125 0.3046875 0.703125 0.3046875 0.8140625 0.178125 0.8140625
7 0.39375 0.5078125 0.4984375 0.5078125 0.4984375 0.603125 0.39375 0.603125
7 0.09375 0.40625 0.2265625 0.40625 0.2265625 0.5125 0.09375 0.5125
4 0.7921875 0.50625 0.9140625 0.50625 0.9140625 0.596875 0.7921875 0.596875
4 0.7875 0.69375 0.909375 0.69375 0.909375 0.80625 0.7875 0.80625
4 0.4875 0.8 0.575 0.8 0.575 0.9265625 0.4875 0.9265625
4 0.3 0.8015625 0.409375 0.8015625 0.409375 0.9296875 0.3 0.9296875
4 0.403125 0.221875 0.49375 0.221875 0.49375 0.325 0.403125 0.325
4 0.696875 0.196875 0.7890625 0.196875 0.7890625 0.315625 0.696875 0.315625
1 0.221875 0.503125 0.3359375 0.503125 0.3359375 0.5875 0.221875 0.5875
1 0.1640625 0.7953125 0.3015625 0.7953125 0.3015625 0.915625 0.1640625 0.915625
1 0.2046875 0.3265625 0.3234375 0.3265625 0.3234375 0.41875 0.2046875 0.41875
1 0.2953125 0.1140625 0.4 0.1140625 0.4 0.2390625 0.2953125 0.2390625
1 0.415625 0.109375 0.5078125 0.109375 0.5078125 0.234375 0.415625 0.234375
7 0.2046875 0.1328125 0.3203125 0.1328125 0.3203125 0.2484375 0.2046875 0.2484375
1 0.6046875 0.6109375 0.6859375 0.6109375 0.6859375 0.725 0.6046875 0.725
1 0.790625 0.096875 0.915625 0.096875 0.915625 0.228125 0.790625 0.228125