0 0.6640625 0.709375 0.6984375 0.709375 0.6984375 0.81875 0.6640625 0.81875
0 0.6265625 0.725 0.659375 0.725 0.659375 0.834375 0.6265625 0.834375
0 0.4921875 0.821875 0.521875 0.821875 0.521875 0.9375 0.4921875 0.9375
0 0.3859375 0.6109375 0.4203125 0.6109375 0.4203125 0.7171875 0.3859375 0.7171875
0 0.3359375 0.5140625 0.375 0.5140625 0.375 0.6109375 0.3359375 0.6109375
0 0.684375 0.3109375 0.725 0.3109375 0.725 0.4046875 0.684375 0.4046875
6 0.6359375 0.425 0.6703125 0.425 0.6703125 0.525 0.6359375 0.525
6 0.625 0.31875 0.659375 0.31875 0.659375 0.415625 0.625 0.415625
6 0.3375 0.44375 0.371875 0.44375 0.371875 0.54375 0.3375 0.54375
6 0.3734375 0.33125 0.4125 0.33125 0.4125 0.428125 0.3734375 0.428125
6 0.36875 0.2375 0.4046875 0.2375 0.4046875 0.328125 0.36875 0.328125
6 0.48125 0.55 0.515625 0.55 0.515625 0.6515625 0.48125 0.6515625
9 0.671875 0.8203125 0.7015625 0.8203125 0.7015625 0.9078125 0.671875 0.9078125
9 0.53125 0.815625 0.559375 0.815625 0.559375 0.90625 0.53125 0.90625
9 0.4421875 0.8109375 0.4703125 0.8109375 0.4703125 0.8953125 0.4421875 0.8953125
9 0.634375 0.528125 0.6640625 0.528125 0.6640625 0.609375 0.634375 0.609375
9 0.4 0.815625 0.428125 0.815625 0.428125 0.903125 0.4 0.903125
9 0.4375 0.434375 0.46875 0.434375 0.46875 0.5125 0.4375 0.5125
9 0.596875 0.225 0.628125 0.225 0.628125 0.3 0.596875 0.3
5 0.584375 0.1015625 0.625 0.1015625 0.625 0.19375 0.584375 0.19375
5 0.53125 0.1046875 0.5671875 0.1046875 0.5671875 0.1984375 0.53125 0.1984375
5 0.5859375 0.628125 0.6203125 0.628125 0.6203125 0.7296875 0.5859375 0.7296875
5 0.484375 0.4359375 0.51875 0.4359375 0.51875 0.5375 0.484375 0.5375
5 0.378125 0.4390625 0.415625 0.4390625 0.415625 0.5375 0.378125 0.5375
5 0.3328125 0.6125 0.371875 0.6125 0.371875 0.709375 0.3328125 0.709375
5 0.5765625 0.815625 0.6078125 0.815625 0.6078125 0.925 0.5765625 0.925
11 0.53125 0.6078125 0.565625 0.6078125 0.565625 0.7140625 0.53125 0.7140625
11 0.35625 0.8265625 0.390625 0.8265625 0.390625 0.9328125 0.35625 0.9328125
11 0.3953125 0.70625 0.4296875 0.70625 0.4296875 0.8125 0.3953125 0.8125
11 0.48125 0.121875 0.51875 0.121875 0.51875 0.221875 0.48125 0.221875
11 0.534375 0.33125 0.56875 0.33125 0.56875 0.43125 0.534375 0.43125
11 0.48125 0.309375 0.515625 0.309375 0.515625 0.4125 0.48125 0.4125
7 0.4140625 0.1046875 0.4578125 0.1046875 0.4578125 0.2234375 0.4140625 0.2234375
7 0.440625 0.703125 0.475 0.703125 0.475 0.846875 0.440625 0.846875
7 0.340625 0.7 0.3875 0.7 0.3875 0.8390625 0.340625 0.8390625
1 0.525 0.421875 0.5640625 0.421875 0.5640625 0.55625 0.525 0.55625
1 0.4375 0.5234375 0.478125 0.5234375 0.478125 0.6609375 0.4375 0.6609375
1 0.5734375 0.7125 0.609375 0.7125 0.609375 0.853125 0.5734375 0.853125
2 0.628125 0.634375 0.665625 0.634375 0.665625 0.74375 0.628125 0.74375
2 0.5375 0.534375 0.5734375 0.534375 0.5734375 0.6359375 0.5375 0.6359375
2 0.4265625 0.33125 0.465625 0.33125 0.465625 0.43125 0.4265625 0.43125
2 0.328125 0.33125 0.36875 0.33125 0.36875 0.4375 0.328125 0.4375
8 0.68125 0.6109375 0.7203125 0.6109375 0.7203125 0.71875 0.68125 0.71875
8 0.58125 0.41875 0.6203125 0.41875 0.6203125 0.51875 0.58125 0.51875
8 0.434375 0.625 0.471875 0.625 0.471875 0.73125 0.434375 0.73125
8 0.39375 0.521875 0.43125 0.521875 0.43125 0.6375 0.39375 0.6375
8 0.48125 0.7125 0.515625 0.7125 0.515625 0.8265625 0.48125 0.8265625
8 0.621875 0.809375 0.659375 0.809375 0.659375 0.915625 0.621875 0.915625
10 0.534375 0.721875 0.5734375 0.721875 0.5734375 0.8640625 0.534375 0.8640625
10 0.309375 0.103125 0.3625 0.103125 0.3625 0.2140625 0.309375 0.2140625
4 0.684375 0.421875 0.73125 0.421875 0.73125 0.55 0.684375 0.55
4 0.6875 0.21875 0.740625 0.21875 0.740625 0.340625 0.6875 0.340625
5 0.31875 0.23125 0.3625 0.23125 0.3625 0.33125 0.31875 0.33125
4 0.478125 0.6203125 0.5171875 0.6203125 0.5171875 0.7578125 0.478125 0.7578125
10 0.5828125 0.53125 0.6234375 0.53125 0.6234375 0.6703125 0.5828125 0.6703125