5 0.21875 0.140625 0.29375 0.140625 0.29375 0.2734375 0.21875 0.2734375
5 0.196875 0.7046875 0.290625 0.7046875 0.290625 0.8234375 0.196875 0.8234375
3 0.4734375 0.465625 0.5453125 0.465625 0.5453125 0.5625 0.4734375 0.5625
3 0.3125 0.69375 0.371875 0.69375 0.371875 0.778125 0.3125 0.778125
3 0.309375 0.5765625 0.38125 0.5765625 0.38125 0.6796875 0.309375 0.6796875
3 0.296875 0.50625 0.371875 0.50625 0.371875 0.575 0.296875 0.575
3 0.296875 0.38125 0.3765625 0.38125 0.3765625 0.4484375 0.296875 0.4484375
3 0.2921875 0.2890625 0.3984375 0.2890625 0.3984375 0.3765625 0.2921875 0.3765625
3 0.315625 0.1765625 0.3859375 0.1765625 0.3859375 0.278125 0.315625 0.278125
2 0.5328125 0.0578125 0.5984375 0.0578125 0.5984375 0.1953125 0.5328125 0.1953125
2 0.309375 0.0453125 0.3921875 0.0453125 0.3921875 0.1703125 0.309375 0.1703125
2 0.3 0.8 0.36875 0.8 0.36875 0.921875 0.3 0.921875
0 0.76875 0.8078125 0.875 0.8078125 0.875 0.928125 0.76875 0.928125
0 0.7 0.709375 0.7828125 0.709375 0.7828125 0.790625 0.7 0.790625
0 0.615625 0.60625 0.684375 0.60625 0.684375 0.6828125 0.615625 0.6828125
0 0.6875 0.484375 0.7671875 0.484375 0.7671875 0.5875 0.6875 0.5875
0 0.775 0.38125 0.853125 0.38125 0.853125 0.490625 0.775 0.490625
0 0.6796875 0.26875 0.7671875 0.26875 0.7671875 0.378125 0.6796875 0.378125
0 0.59375 0.171875 0.678125 0.171875 0.678125 0.2875 0.59375 0.2875