5 0.1765625 0.2234375 0.265625 0.2234375 0.265625 0.3125 0.1765625 0.3125
5 0.18125 0.3328125 0.2703125 0.3328125 0.2703125 0.4140625 0.18125 0.4140625
0 0.2671875 0.2203125 0.34375 0.2203125 0.34375 0.303125 0.2671875 0.303125
0 0.265625 0.425 0.346875 0.425 0.346875 0.5046875 0.265625 0.5046875
1 0.175 0.625 0.2859375 0.625 0.2859375 0.728125 0.175 0.728125
1 0.178125 0.728125 0.2890625 0.728125 0.2890625 0.8421875 0.178125 0.8421875
1 0.18125 0.8265625 0.2890625 0.8265625 0.2890625 0.95 0.18125 0.95
1 0.171875 0.5234375 0.2796875 0.5234375 0.2796875 0.6296875 0.171875 0.6296875
2 0.1734375 0.1203125 0.2671875 0.1203125 0.2671875 0.2109375 0.1734375 0.2109375
2 0.259375 0.1234375 0.34375 0.1234375 0.34375 0.2078125 0.259375 0.2078125
2 0.2640625 0.334375 0.3515625 0.334375 0.3515625 0.4203125 0.2640625 0.4203125
2 0.2640625 0.5359375 0.3515625 0.5359375 0.3515625 0.6109375 0.2640625 0.6109375
3 0.35625 0.53125 0.4234375 0.53125 0.4234375 0.6125 0.35625 0.6125
3 0.3625 0.6359375 0.421875 0.6359375 0.421875 0.715625 0.3625 0.715625
3 0.3609375 0.7359375 0.4234375 0.7359375 0.4234375 0.821875 0.3609375 0.821875
3 0.359375 0.834375 0.4265625 0.834375 0.4265625 0.9296875 0.359375 0.9296875
3 0.2875 0.628125 0.346875 0.628125 0.346875 0.7078125 0.2875 0.7078125
3 0.2890625 0.728125 0.353125 0.728125 0.353125 0.8109375 0.2890625 0.8109375
3 0.290625 0.828125 0.3578125 0.828125 0.3578125 0.9171875 0.290625 0.9171875
4 0.1671875 0.4296875 0.275 0.4296875 0.275 0.5125 0.1671875 0.5125