9 0.6078125 0.8203125 0.790625 0.8203125 0.790625 0.9046875 0.6078125 0.9046875
9 0.384375 0.8 0.565625 0.8 0.565625 0.8828125 0.384375 0.8828125
9 0.19375 0.78125 0.38125 0.78125 0.38125 0.846875 0.19375 0.846875
9 0.0203125 0.784375 0.2078125 0.784375 0.2078125 0.84375 0.0203125 0.84375
9 0.0203125 0.6734375 0.2015625 0.6734375 0.2015625 0.7265625 0.0203125 0.7265625
9 0.0296875 0.33125 0.2078125 0.33125 0.2078125 0.384375 0.0296875 0.384375
9 0.19375 0.321875 0.371875 0.321875 0.371875 0.378125 0.19375 0.378125
9 0.3609375 0.309375 0.5390625 0.309375 0.5390625 0.371875 0.3609375 0.371875
10 0.70625 0.5828125 0.990625 0.5828125 0.990625 0.690625 0.70625 0.690625
3 0.55625 0.3875 0.7390625 0.3875 0.7390625 0.446875 0.55625 0.446875
9 0.3625 0.309375 0.5359375 0.309375 0.5359375 0.371875 0.3625 0.371875
3 0.396875 0.6890625 0.575 0.6890625 0.575 0.7515625 0.396875 0.7515625
3 0.0234375 0.590625 0.2046875 0.590625 0.2046875 0.6421875 0.0234375 0.6421875
0 0.125 0.684375 0.384375 0.684375 0.384375 0.765625 0.125 0.765625
3 0.0015625 0.4984375 0.1828125 0.4984375 0.1828125 0.546875 0.0015625 0.546875
5 0.5078125 0.271875 0.734375 0.271875 0.734375 0.3609375 0.5078125 0.3609375
3 0.0203125 0.425 0.19375 0.425 0.19375 0.471875 0.0203125 0.471875
5 0.515625 0.5859375 0.74375 0.5859375 0.74375 0.6703125 0.515625 0.6703125
3 0.18125 0.434375 0.3671875 0.434375 0.3671875 0.484375 0.18125 0.484375
5 0.55625 0.6859375 0.778125 0.6859375 0.778125 0.778125 0.55625 0.778125
3 0.165625 0.5046875 0.334375 0.5046875 0.334375 0.5453125 0.165625 0.5453125
5 0.525 0.465625 0.7390625 0.465625 0.7390625 0.54375 0.525 0.54375
3 0.1796875 0.603125 0.3296875 0.603125 0.3296875 0.646875 0.1796875 0.646875
3 0.396875 0.690625 0.5671875 0.690625 0.5671875 0.7515625 0.396875 0.7515625
0 0.1375 0.6875 0.384375 0.6875 0.384375 0.7578125 0.1375 0.7578125
0 0.0015625 0.2328125 0.209375 0.2328125 0.209375 0.3078125 0.0015625 0.3078125
6 0.284375 0.409375 0.528125 0.409375 0.528125 0.46875 0.284375 0.46875
3 0.1671875 0.5125 0.2515625 0.5125 0.2515625 0.546875 0.1671875 0.546875
5 0.509375 0.2734375 0.7375 0.2734375 0.7375 0.3609375 0.509375 0.3609375
11 0.534375 0.1625 0.75625 0.1625 0.75625 0.2625 0.534375 0.2625
8 0.1140625 0.2 0.3375 0.2 0.3375 0.2921875 0.1140625 0.2921875
8 0.1171875 0.1328125 0.3609375 0.1328125 0.3609375 0.1890625 0.1171875 0.1890625
4 0.246875 0.58125 0.55625 0.58125 0.55625 0.659375 0.246875 0.659375
7 0.2140625 0.1625 0.5265625 0.1625 0.5265625 0.28125 0.2140625 0.28125
10 0.7140625 0.5890625 1 0.5890625 1 0.6875 0.7140625 0.6875
1 0.221875 0.5015625 0.5515625 0.5015625 0.5515625 0.5765625 0.221875 0.5765625