3 0.0578125 0.4234375 0.1515625 0.4234375 0.1515625 0.4953125 0.0578125 0.4953125
3 0.071875 0.215625 0.16875 0.215625 0.16875 0.2921875 0.071875 0.2921875
3 0.153125 0.096875 0.25 0.096875 0.25 0.184375 0.153125 0.184375
3 0.5859375 0.078125 0.671875 0.078125 0.671875 0.171875 0.5859375 0.171875
3 0.590625 0.1984375 0.671875 0.1984375 0.671875 0.2828125 0.590625 0.2828125
3 0.6921875 0.228125 0.7796875 0.228125 0.7796875 0.3015625 0.6921875 0.3015625
3 0.7984375 0.215625 0.8765625 0.215625 0.8765625 0.3 0.7984375 0.3
3 0.690625 0.3171875 0.7671875 0.3171875 0.7671875 0.4 0.690625 0.4
3 0.590625 0.41875 0.66875 0.41875 0.66875 0.5 0.590625 0.5
3 0.68125 0.5265625 0.7625 0.5265625 0.7625 0.6046875 0.68125 0.6046875
3 0.46875 0.5453125 0.540625 0.5453125 0.540625 0.6203125 0.46875 0.6203125
3 0.3796875 0.634375 0.4578125 0.634375 0.4578125 0.721875 0.3796875 0.721875
3 0.1640625 0.43125 0.25625 0.43125 0.25625 0.5 0.1640625 0.5
3 0.278125 0.6109375 0.353125 0.6109375 0.353125 0.7078125 0.278125 0.7078125
3 0.1609375 0.715625 0.25 0.715625 0.25 0.803125 0.1609375 0.803125
3 0.36875 0.73125 0.45625 0.73125 0.45625 0.834375 0.36875 0.834375
3 0.278125 0.8234375 0.3515625 0.8234375 0.3515625 0.9234375 0.278125 0.9234375
3 0.18125 0.8171875 0.259375 0.8171875 0.259375 0.915625 0.18125 0.915625
3 0.065625 0.8171875 0.165625 0.8171875 0.165625 0.9171875 0.065625 0.9171875
3 0.48125 0.7234375 0.55625 0.7234375 0.55625 0.8265625 0.48125 0.8265625
3 0.5734375 0.7234375 0.64375 0.7234375 0.64375 0.8171875 0.5734375 0.8171875
3 0.79375 0.73125 0.8859375 0.73125 0.8859375 0.81875 0.79375 0.81875
3 0.7984375 0.6328125 0.890625 0.6328125 0.890625 0.71875 0.7984375 0.71875
9 0.271875 0.41875 0.3546875 0.41875 0.3546875 0.484375 0.271875 0.484375
9 0.05625 0.625 0.1484375 0.625 0.1484375 0.7078125 0.05625 0.7078125
9 0.471875 0.6328125 0.553125 0.6328125 0.553125 0.709375 0.471875 0.709375
9 0.478125 0.8234375 0.55 0.8234375 0.55 0.9140625 0.478125 0.9140625
9 0.5765625 0.6328125 0.6546875 0.6328125 0.6546875 0.7171875 0.5765625 0.7171875
2 0.165625 0.5203125 0.265625 0.5203125 0.265625 0.6203125 0.165625 0.6203125
2 0.265625 0.7234375 0.3625 0.7234375 0.3625 0.821875 0.265625 0.821875
2 0.66875 0.8390625 0.7625 0.8390625 0.7625 0.9515625 0.66875 0.9515625
2 0.7828125 0.53125 0.88125 0.53125 0.88125 0.628125 0.7828125 0.628125
8 0.1328125 0.628125 0.2640625 0.628125 0.2640625 0.7171875 0.1328125 0.7171875
8 0.475 0.425 0.565625 0.425 0.565625 0.515625 0.475 0.515625
8 0.771875 0.8375 0.865625 0.8375 0.865625 0.978125 0.771875 0.978125
11 0.3671875 0.534375 0.45 0.534375 0.45 0.621875 0.3671875 0.621875
5 0.7015625 0.640625 0.7921875 0.640625 0.7921875 0.740625 0.7015625 0.740625
5 0.78125 0.41875 0.903125 0.41875 0.903125 0.5015625 0.78125 0.5015625
4 0.478125 0.321875 0.565625 0.321875 0.565625 0.4125 0.478125 0.4125