0 0.65 0.0875 0.7046875 0.0875 0.7046875 0.19375 0.65 0.19375
0 0.709375 0.2484375 0.76875 0.2484375 0.76875 0.36875 0.709375 0.36875
5 0.44375 0.4734375 0.490625 0.4734375 0.490625 0.6078125 0.44375 0.6078125
5 0.56875 0.4984375 0.6125 0.4984375 0.6125 0.6140625 0.56875 0.6140625
4 0.575 0.3609375 0.628125 0.3609375 0.628125 0.5109375 0.575 0.5109375
5 0.625 0.853125 0.6734375 0.853125 0.6734375 0.9953125 0.625 0.9953125
6 0.4390625 0.6234375 0.4828125 0.6234375 0.4828125 0.7515625 0.4390625 0.7515625
5 0.715625 0.3796875 0.76875 0.3796875 0.76875 0.5046875 0.715625 0.5046875
8 0.64375 0.5171875 0.6875 0.5171875 0.6875 0.6515625 0.64375 0.6515625
10 0.696875 0.4875 0.7640625 0.4875 0.7640625 0.665625 0.696875 0.665625
11 0.5765625 0.765625 0.615625 0.765625 0.615625 0.8875 0.5765625 0.8875
11 0.5078125 0.740625 0.546875 0.740625 0.546875 0.8703125 0.5078125 0.8703125
7 0.5125 0.5078125 0.559375 0.5078125 0.559375 0.6671875 0.5125 0.6671875
6 0.515625 0.65 0.5515625 0.65 0.5515625 0.7328125 0.515625 0.7328125
8 0.5171875 0.3765625 0.5625 0.3765625 0.5625 0.4828125 0.5171875 0.4828125
1 0.5703125 0.61875 0.6140625 0.61875 0.6140625 0.784375 0.5703125 0.784375