1 0.6046875 0.60625 0.6875 0.60625 0.6875 0.7078125 0.6046875 0.7078125
4 0.225 0.0765625 0.315625 0.0765625 0.315625 0.209375 0.225 0.209375
4 0.2265625 0.1984375 0.3140625 0.1984375 0.3140625 0.3046875 0.2265625 0.3046875
4 0.2203125 0.3046875 0.3109375 0.3046875 0.3109375 0.403125 0.2203125 0.403125
4 0.2171875 0.4078125 0.3140625 0.4078125 0.3140625 0.5015625 0.2171875 0.5015625
6 0.603125 0.1140625 0.6796875 0.1140625 0.6796875 0.2140625 0.603125 0.2140625
6 0.68125 0.2234375 0.753125 0.2234375 0.753125 0.3140625 0.68125 0.3140625
6 0.684375 0.425 0.753125 0.425 0.753125 0.5015625 0.684375 0.5015625
6 0.746875 0.60625 0.8359375 0.60625 0.8359375 0.6828125 0.746875 0.6828125
7 0.75 0.0671875 0.85 0.0671875 0.85 0.2 0.75 0.2
7 0.75 0.19375 0.853125 0.19375 0.853125 0.3046875 0.75 0.3046875
7 0.75 0.303125 0.853125 0.303125 0.853125 0.4015625 0.75 0.4015625
7 0.7484375 0.4125 0.8515625 0.4125 0.8515625 0.5078125 0.7484375 0.5078125
7 0.74375 0.5109375 0.84375 0.5109375 0.84375 0.603125 0.74375 0.603125
10 0.7390625 0.6984375 0.85 0.6984375 0.85 0.80625 0.7390625 0.80625
10 0.671875 0.5109375 0.765625 0.5109375 0.765625 0.596875 0.671875 0.596875
10 0.7484375 0.8015625 0.84375 0.8015625 0.84375 0.9171875 0.7484375 0.9171875
10 0.671875 0.796875 0.7609375 0.796875 0.7609375 0.9171875 0.671875 0.9171875
10 0.60625 0.790625 0.6859375 0.790625 0.6859375 0.9171875 0.60625 0.9171875
10 0.528125 0.7921875 0.60625 0.7921875 0.60625 0.9171875 0.528125 0.9171875
10 0.5328125 0.60625 0.603125 0.60625 0.603125 0.7171875 0.5328125 0.7171875