3 0.31875 0.3546875 0.396875 0.3546875 0.396875 0.4046875 0.31875 0.4046875
3 0.4109375 0.4296875 0.48125 0.4296875 0.48125 0.4765625 0.4109375 0.4765625
3 0.51875 0.50625 0.6 0.50625 0.6 0.5515625 0.51875 0.5515625
3 0.7140625 0.50625 0.790625 0.50625 0.790625 0.5546875 0.7140625 0.5546875
3 0.71875 0.584375 0.8 0.584375 0.8 0.634375 0.71875 0.634375
3 0.7296875 0.6734375 0.809375 0.6734375 0.809375 0.728125 0.7296875 0.728125
3 0.61875 0.6703125 0.69375 0.6703125 0.69375 0.7265625 0.61875 0.7265625
3 0.5296875 0.64375 0.59375 0.64375 0.59375 0.7046875 0.5296875 0.7046875
3 0.4046875 0.584375 0.475 0.584375 0.475 0.6375 0.4046875 0.6375
3 0.40625 0.721875 0.48125 0.721875 0.48125 0.7828125 0.40625 0.7828125
3 0.621875 0.1734375 0.69375 0.1734375 0.69375 0.2390625 0.621875 0.2390625
3 0.7234375 0.2484375 0.7984375 0.2484375 0.7984375 0.309375 0.7234375 0.309375
3 0.734375 0.3453125 0.8046875 0.3453125 0.8046875 0.4015625 0.734375 0.4015625
3 0.5078125 0.3453125 0.584375 0.3453125 0.584375 0.3953125 0.5078125 0.3953125
3 0.503125 0.1796875 0.575 0.1796875 0.575 0.2421875 0.503125 0.2421875
2 0.815625 0.5 0.925 0.5 0.925 0.559375 0.815625 0.559375
2 0.6140625 0.4265625 0.6984375 0.4265625 0.6984375 0.484375 0.6140625 0.484375
2 0.4109375 0.2515625 0.4921875 0.2515625 0.4921875 0.328125 0.4109375 0.328125
2 0.190625 0.575 0.2875 0.575 0.2875 0.6375 0.190625 0.6375
5 0.184375 0.3515625 0.2890625 0.3515625 0.2890625 0.4125 0.184375 0.4125
5 0.2890625 0.6546875 0.384375 0.6546875 0.384375 0.7203125 0.2890625 0.7203125
8 0.5046875 0.7328125 0.5953125 0.7328125 0.5953125 0.8046875 0.5046875 0.8046875
8 0.5171875 0.26875 0.596875 0.26875 0.596875 0.3328125 0.5171875 0.3328125
4 0.2796875 0.503125 0.3921875 0.503125 0.3921875 0.565625 0.2796875 0.565625