6 0.334375 0.3234375 0.425 0.3234375 0.425 0.3890625 0.334375 0.3890625
6 0.6046875 0.2484375 0.675 0.2484375 0.675 0.3203125 0.6046875 0.3203125
6 0.7890625 0.23125 0.8828125 0.23125 0.8828125 0.3125 0.7890625 0.3125
6 0.2359375 0.6140625 0.3296875 0.6140625 0.3296875 0.684375 0.2359375 0.684375
4 0.7796875 0.3984375 0.903125 0.3984375 0.903125 0.4640625 0.7796875 0.4640625
4 0.5109375 0.465625 0.590625 0.465625 0.590625 0.528125 0.5109375 0.528125
4 0.775 0.5984375 0.89375 0.5984375 0.89375 0.678125 0.775 0.678125
4 0.7734375 0.6765625 0.896875 0.6765625 0.896875 0.7625 0.7734375 0.7625
7 0.5140625 0.2375 0.603125 0.2375 0.603125 0.31875 0.5140625 0.31875
7 0.1078125 0.31875 0.215625 0.31875 0.215625 0.3875 0.1078125 0.3875
7 0.1078125 0.3921875 0.2203125 0.3921875 0.2203125 0.4578125 0.1078125 0.4578125
7 0.4140625 0.396875 0.5 0.396875 0.5 0.459375 0.4140625 0.459375
7 0.603125 0.534375 0.684375 0.534375 0.684375 0.5984375 0.603125 0.5984375
1 0.78125 0.53125 0.91875 0.53125 0.91875 0.6 0.78125 0.6
10 0.084375 0.2359375 0.2203125 0.2359375 0.2203125 0.303125 0.084375 0.303125
10 0.103125 0.4625 0.215625 0.4625 0.215625 0.5234375 0.103125 0.5234375
10 0.50625 0.740625 0.5921875 0.740625 0.5921875 0.8421875 0.50625 0.8421875
10 0.771875 0.4640625 0.915625 0.4640625 0.915625 0.528125 0.771875 0.528125
10 0.79375 0.315625 0.9046875 0.315625 0.9046875 0.3921875 0.79375 0.3921875
10 0.7640625 0.734375 0.89375 0.734375 0.89375 0.8328125 0.7640625 0.8328125
10 0.690625 0.5953125 0.7953125 0.5953125 0.7953125 0.684375 0.690625 0.684375
9 0.2390625 0.2484375 0.321875 0.2484375 0.321875 0.3078125 0.2390625 0.3078125
9 0.340625 0.240625 0.415625 0.240625 0.415625 0.3046875 0.340625 0.3046875
9 0.6984375 0.2453125 0.759375 0.2453125 0.759375 0.303125 0.6984375 0.303125
9 0.225 0.3328125 0.3109375 0.3328125 0.3109375 0.378125 0.225 0.378125
9 0.2484375 0.4 0.3109375 0.4 0.3109375 0.453125 0.2484375 0.453125
9 0.2390625 0.5328125 0.315625 0.5328125 0.315625 0.5890625 0.2390625 0.5890625
9 0.2421875 0.753125 0.3171875 0.753125 0.3171875 0.815625 0.2421875 0.815625
9 0.3203125 0.7453125 0.3875 0.7453125 0.3875 0.8140625 0.3203125 0.8140625
9 0.4203125 0.7484375 0.48125 0.7484375 0.48125 0.8140625 0.4203125 0.8140625
9 0.6140625 0.740625 0.6890625 0.740625 0.6890625 0.809375 0.6140625 0.809375
9 0.7046875 0.740625 0.78125 0.740625 0.78125 0.7953125 0.7046875 0.7953125