11 0.025 0.14375 0.15 0.14375 0.15 0.2375 0.025 0.2375
11 0.4921875 0.1296875 0.596875 0.1296875 0.596875 0.2265625 0.4921875 0.2265625
11 0.2859375 0.2375 0.3890625 0.2375 0.3890625 0.3171875 0.2859375 0.3171875
11 0.29375 0.321875 0.396875 0.321875 0.396875 0.39375 0.29375 0.39375
11 0.5109375 0.3234375 0.6015625 0.3234375 0.6015625 0.390625 0.5109375 0.390625
11 0.621875 0.4140625 0.715625 0.4140625 0.715625 0.4734375 0.621875 0.4734375
11 0.8375 0.31875 0.953125 0.31875 0.953125 0.3953125 0.8375 0.3953125
11 0.05 0.490625 0.171875 0.490625 0.171875 0.5703125 0.05 0.5703125
11 0.40625 0.725 0.496875 0.725 0.496875 0.8140625 0.40625 0.8140625
11 0.5984375 0.71875 0.6921875 0.71875 0.6921875 0.809375 0.5984375 0.809375
11 0.803125 0.7125 0.91875 0.7125 0.91875 0.796875 0.803125 0.796875
5 0.15 0.1375 0.265625 0.1375 0.265625 0.2328125 0.15 0.2328125
5 0.840625 0.1203125 0.9609375 0.1203125 0.9609375 0.2265625 0.840625 0.2265625
5 0.825 0.2375 0.9484375 0.2375 0.9484375 0.3140625 0.825 0.3140625
5 0.1515625 0.403125 0.2671875 0.403125 0.2671875 0.4640625 0.1515625 0.4640625
5 0.2875 0.5015625 0.378125 0.5015625 0.378125 0.5609375 0.2875 0.5609375
5 0.5078125 0.49375 0.6 0.49375 0.6 0.559375 0.5078125 0.559375
5 0.7171875 0.575 0.828125 0.575 0.828125 0.6515625 0.7171875 0.6515625
5 0.4984375 0.571875 0.5984375 0.571875 0.5984375 0.64375 0.4984375 0.64375
5 0.4234375 0.6453125 0.5140625 0.6453125 0.5140625 0.7265625 0.4234375 0.7265625
5 0.1765625 0.6453125 0.2796875 0.6453125 0.2796875 0.725 0.1765625 0.725
5 0.709375 0.7140625 0.8171875 0.7140625 0.8171875 0.8078125 0.709375 0.8078125