5 0.4046875 0.4828125 0.4890625 0.4828125 0.4890625 0.54375 0.4046875 0.54375
5 0.615625 0.4921875 0.709375 0.4921875 0.709375 0.553125 0.615625 0.553125
5 0.8421875 0.478125 0.9578125 0.478125 0.9578125 0.55 0.8421875 0.55
5 0.2515625 0.5625 0.3453125 0.5625 0.3453125 0.6328125 0.2515625 0.6328125
5 0.5109375 0.565625 0.596875 0.565625 0.596875 0.6296875 0.5109375 0.6296875
5 0.728125 0.5671875 0.83125 0.5671875 0.83125 0.6375 0.728125 0.6375
5 0.16875 0.640625 0.2828125 0.640625 0.2828125 0.715625 0.16875 0.715625
5 0.4109375 0.6453125 0.4859375 0.6453125 0.4859375 0.721875 0.4109375 0.721875
5 0.053125 0.7265625 0.16875 0.7265625 0.16875 0.8109375 0.053125 0.8109375
5 0.175 0.7265625 0.278125 0.7265625 0.278125 0.815625 0.175 0.815625
5 0.28125 0.7203125 0.3796875 0.7203125 0.3796875 0.8078125 0.28125 0.8078125