8 0.4203125 0.4203125 0.4953125 0.4203125 0.4953125 0.45625 0.4203125 0.45625
6 0.41875 0.53125 0.490625 0.53125 0.490625 0.5609375 0.41875 0.5609375
5 0.5265625 0.628125 0.603125 0.628125 0.603125 0.6671875 0.5265625 0.6671875
5 0.728125 0.6265625 0.81875 0.6265625 0.81875 0.6625 0.728125 0.6625
5 0.840625 0.575 0.9375 0.575 0.9375 0.609375 0.840625 0.609375
5 0.753125 0.4859375 0.8421875 0.4859375 0.8421875 0.51875 0.753125 0.51875
11 0.7453125 0.378125 0.834375 0.378125 0.834375 0.415625 0.7453125 0.415625
0 0.840625 0.428125 0.9296875 0.428125 0.9296875 0.45625 0.840625 0.45625
11 0.7546875 0.2796875 0.846875 0.2796875 0.846875 0.321875 0.7546875 0.321875
0 0.43125 0.325 0.5078125 0.325 0.5078125 0.3625 0.43125 0.3625
8 0.315625 0.6328125 0.4 0.6328125 0.4 0.66875 0.315625 0.66875