1 0.7421875 0.621875 0.8609375 0.621875 0.8609375 0.6984375 0.7421875 0.6984375
4 0.1609375 0.190625 0.26875 0.190625 0.26875 0.278125 0.1609375 0.278125
4 0.1609375 0.2765625 0.271875 0.2765625 0.271875 0.3515625 0.1609375 0.3515625
4 0.1625 0.35 0.2765625 0.35 0.2765625 0.4203125 0.1625 0.4203125
4 0.16875 0.428125 0.2828125 0.428125 0.2828125 0.49375 0.16875 0.49375
6 0.646875 0.2125 0.7359375 0.2125 0.7359375 0.275 0.646875 0.275
6 0.7359375 0.2890625 0.828125 0.2890625 0.828125 0.35 0.7359375 0.35
6 0.74375 0.4296875 0.834375 0.4296875 0.834375 0.4875 0.74375 0.4875
6 0.74375 0.5671875 0.8328125 0.5671875 0.8328125 0.6265625 0.74375 0.6265625
7 0.825 0.1765625 0.953125 0.1765625 0.953125 0.265625 0.825 0.265625
7 0.834375 0.259375 0.9671875 0.259375 0.9671875 0.34375 0.834375 0.34375
7 0.83125 0.34375 0.959375 0.34375 0.959375 0.4140625 0.83125 0.4140625
7 0.834375 0.421875 0.9578125 0.421875 0.9578125 0.4890625 0.834375 0.4890625
7 0.8265625 0.4875 0.95625 0.4875 0.95625 0.553125 0.8265625 0.553125
10 0.1609375 0.49375 0.275 0.49375 0.275 0.55625 0.1609375 0.55625
10 0.1703125 0.565625 0.2859375 0.565625 0.2859375 0.640625 0.1703125 0.640625
10 0.1765625 0.6375 0.278125 0.6375 0.278125 0.7140625 0.1765625 0.7140625
10 0.5625 0.6921875 0.653125 0.6921875 0.653125 0.7828125 0.5625 0.7828125
10 0.653125 0.6921875 0.759375 0.6921875 0.759375 0.78125 0.653125 0.78125
10 0.7453125 0.6859375 0.8515625 0.6859375 0.8515625 0.7796875 0.7453125 0.7796875
10 0.83125 0.6921875 0.946875 0.6921875 0.946875 0.775 0.83125 0.775