10 0.5390625 0.7546875 0.6359375 0.7546875 0.6359375 0.8515625 0.5390625 0.8515625
10 0.4515625 0.296875 0.5359375 0.296875 0.5359375 0.39375 0.4515625 0.39375
10 0.3625 0.1984375 0.446875 0.1984375 0.446875 0.3140625 0.3625 0.3140625
10 0.5375 0.2015625 0.6140625 0.2015625 0.6140625 0.3125 0.5375 0.3125
10 0.63125 0.29375 0.7203125 0.29375 0.7203125 0.3859375 0.63125 0.3859375
10 0.5453125 0.571875 0.6296875 0.571875 0.6296875 0.65625 0.5453125 0.65625
10 0.165625 0.38125 0.271875 0.38125 0.271875 0.475 0.165625 0.475
10 0.0734375 0.3875 0.1796875 0.3875 0.1796875 0.478125 0.0734375 0.478125
10 0.3578125 0.39375 0.4515625 0.39375 0.4515625 0.4875 0.3578125 0.4875
7 0.4546875 0.653125 0.5453125 0.653125 0.5453125 0.7453125 0.4546875 0.7453125
7 0.26875 0.734375 0.359375 0.734375 0.359375 0.8625 0.26875 0.8625
7 0.3671875 0.5625 0.4515625 0.5625 0.4515625 0.659375 0.3671875 0.659375
7 0.7140625 0.559375 0.825 0.559375 0.825 0.659375 0.7140625 0.659375
7 0.446875 0.1078125 0.534375 0.1078125 0.534375 0.2328125 0.446875 0.2328125
7 0.26875 0.278125 0.3625 0.278125 0.3625 0.390625 0.26875 0.390625
7 0.534375 0.3828125 0.625 0.3828125 0.625 0.4890625 0.534375 0.4890625
7 0.0671875 0.4859375 0.1859375 0.4859375 0.1859375 0.5734375 0.0671875 0.5734375
4 0.625 0.7421875 0.7234375 0.7421875 0.7234375 0.8484375 0.625 0.8484375
4 0.715625 0.659375 0.825 0.659375 0.825 0.759375 0.715625 0.759375
4 0.6171875 0.0984375 0.7125 0.0984375 0.7125 0.2328125 0.6171875 0.2328125
4 0.26875 0.096875 0.3609375 0.096875 0.3609375 0.2296875 0.26875 0.2296875
4 0.0734375 0.2984375 0.1953125 0.2984375 0.1953125 0.3890625 0.0734375 0.3890625
4 0.0765625 0.0984375 0.1875 0.0984375 0.1875 0.21875 0.0765625 0.21875
1 0.3875 0.746875 0.45625 0.746875 0.45625 0.8640625 0.3875 0.8640625
1 0.26875 0.575 0.34375 0.575 0.34375 0.6578125 0.26875 0.6578125
1 0.271875 0.48125 0.365625 0.48125 0.365625 0.56875 0.271875 0.56875
1 0.1671875 0.6609375 0.2703125 0.6609375 0.2703125 0.753125 0.1671875 0.753125
1 0.065625 0.578125 0.1796875 0.578125 0.1796875 0.66875 0.065625 0.66875
1 0.7 0.384375 0.81875 0.384375 0.81875 0.4765625 0.7 0.4765625
4 0.625 0.4828125 0.71875 0.4828125 0.71875 0.565625 0.625 0.565625
1 0.70625 0.096875 0.8125 0.096875 0.8125 0.234375 0.70625 0.234375