0 0.1109375 0.50625 0.2125 0.50625 0.2125 0.5328125 0.1109375 0.5328125
0 0.1921875 0.425 0.2921875 0.425 0.2921875 0.45 0.1921875 0.45
0 0.584375 0.59375 0.675 0.59375 0.675 0.628125 0.584375 0.628125
0 0.6015625 0.6703125 0.6890625 0.6703125 0.6890625 0.709375 0.6015625 0.709375
0 0.7734375 0.390625 0.846875 0.390625 0.846875 0.421875 0.7734375 0.421875
0 0.4921875 0.453125 0.571875 0.453125 0.571875 0.484375 0.4921875 0.484375
1 0.103125 0.45625 0.2328125 0.45625 0.2328125 0.490625 0.103125 0.490625
1 0.79375 0.628125 0.8890625 0.628125 0.8890625 0.6703125 0.79375 0.6703125
1 0.16875 0.36875 0.296875 0.36875 0.296875 0.4078125 0.16875 0.4078125
2 0.6703125 0.584375 0.7578125 0.584375 0.7578125 0.6203125 0.6703125 0.6203125
2 0.2234375 0.68125 0.3203125 0.68125 0.3203125 0.7125 0.2234375 0.7125
2 0.1515625 0.6171875 0.2421875 0.6171875 0.2421875 0.6546875 0.1515625 0.6546875
2 0.765625 0.4359375 0.8515625 0.4359375 0.8515625 0.471875 0.765625 0.471875
4 0.7890625 0.534375 0.884375 0.534375 0.884375 0.5734375 0.7890625 0.5734375
4 0.18125 0.534375 0.3109375 0.534375 0.3109375 0.571875 0.18125 0.571875
4 0.365625 0.49375 0.4875 0.49375 0.4875 0.53125 0.365625 0.53125
5 0.5765625 0.5328125 0.6578125 0.5328125 0.6578125 0.56875 0.5765625 0.56875
5 0.7921875 0.675 0.88125 0.675 0.88125 0.715625 0.7921875 0.715625
5 0.484375 0.5796875 0.56875 0.5796875 0.56875 0.6140625 0.484375 0.6140625
5 0.2890625 0.4515625 0.3796875 0.4515625 0.3796875 0.4859375 0.2890625 0.4859375
11 0.7921875 0.4796875 0.8734375 0.4796875 0.8734375 0.5171875 0.7921875 0.5171875
11 0.6625 0.54375 0.746875 0.54375 0.746875 0.575 0.6625 0.575
11 0.659375 0.4859375 0.7453125 0.4859375 0.7453125 0.5203125 0.659375 0.5203125
11 0.3 0.625 0.39375 0.625 0.39375 0.65625 0.3 0.65625
11 0.1421875 0.6734375 0.240625 0.6734375 0.240625 0.7046875 0.1421875 0.7046875
10 0.571875 0.6234375 0.678125 0.6234375 0.678125 0.665625 0.571875 0.665625
10 0.553125 0.403125 0.65625 0.403125 0.65625 0.440625 0.553125 0.440625
10 0.35625 0.5359375 0.4734375 0.5359375 0.4734375 0.5703125 0.35625 0.5703125
9 0.2390625 0.61875 0.3171875 0.61875 0.3171875 0.65 0.2390625 0.65
9 0.415625 0.6265625 0.4765625 0.6265625 0.4765625 0.6578125 0.415625 0.6578125
9 0.5015625 0.6234375 0.58125 0.6234375 0.58125 0.6609375 0.5015625 0.6609375
9 0.5015625 0.5 0.5703125 0.5 0.5703125 0.525 0.5015625 0.525
9 0.4796875 0.5390625 0.5546875 0.5390625 0.5546875 0.5734375 0.4796875 0.5734375
9 0.56875 0.359375 0.6375 0.359375 0.6375 0.3921875 0.56875 0.3921875
9 0.671875 0.34375 0.740625 0.34375 0.740625 0.378125 0.671875 0.378125
8 0.2140625 0.5796875 0.309375 0.5796875 0.309375 0.61875 0.2140625 0.61875
8 0.3 0.5015625 0.384375 0.5015625 0.384375 0.5375 0.3 0.5375
8 0.38125 0.3640625 0.4765625 0.3640625 0.4765625 0.403125 0.38125 0.403125
8 0.6625 0.45 0.75625 0.45 0.75625 0.4890625 0.6625 0.4890625
8 0.778125 0.575 0.865625 0.575 0.865625 0.6125 0.778125 0.6125
7 0.671875 0.6234375 0.76875 0.6234375 0.76875 0.665625 0.671875 0.665625
7 0.3578125 0.40625 0.484375 0.40625 0.484375 0.4453125 0.3578125 0.4453125
7 0.0984375 0.540625 0.2234375 0.540625 0.2234375 0.578125 0.0984375 0.578125
6 0.3015625 0.684375 0.4 0.684375 0.4 0.71875 0.3015625 0.71875
6 0.10625 0.5921875 0.21875 0.5921875 0.21875 0.6203125 0.10625 0.6203125
6 0.2046875 0.509375 0.3078125 0.509375 0.3078125 0.5375 0.2046875 0.5375
6 0.4015625 0.578125 0.4953125 0.578125 0.4953125 0.6125 0.4015625 0.6125
6 0.45 0.3734375 0.5421875 0.3734375 0.5421875 0.4078125 0.45 0.4078125
6 0.6625 0.396875 0.746875 0.396875 0.746875 0.4296875 0.6625 0.4296875
11 0.3171875 0.565625 0.3984375 0.565625 0.3984375 0.603125 0.3171875 0.603125
8 0.4640625 0.409375 0.5546875 0.409375 0.5546875 0.45 0.4640625 0.45