3 0.4125 0.4609375 0.48125 0.4609375 0.48125 0.5046875 0.4125 0.5046875
3 0.525 0.29375 0.59375 0.29375 0.59375 0.34375 0.525 0.34375
3 0.5203125 0.203125 0.590625 0.203125 0.590625 0.2640625 0.5203125 0.2640625
3 0.29375 0.19375 0.3703125 0.19375 0.3703125 0.25625 0.29375 0.25625
3 0.309375 0.6140625 0.3734375 0.6140625 0.3734375 0.6640625 0.309375 0.6640625
3 0.3015625 0.303125 0.3671875 0.303125 0.3671875 0.353125 0.3015625 0.353125
3 0.3984375 0.6890625 0.4640625 0.6890625 0.4640625 0.7453125 0.3984375 0.7453125
1 0.609375 0.2734375 0.7265625 0.2734375 0.7265625 0.353125 0.609375 0.353125
1 0.2921875 0.3625 0.3828125 0.3625 0.3828125 0.4265625 0.2921875 0.4265625
1 0.4125 0.175 0.4875 0.175 0.4875 0.265625 0.4125 0.265625
1 0.8 0.7546875 0.940625 0.7546875 0.940625 0.8578125 0.8 0.8578125
2 0.5234375 0.359375 0.603125 0.359375 0.603125 0.421875 0.5234375 0.421875
2 0.4046875 0.521875 0.4875 0.521875 0.4875 0.5859375 0.4046875 0.5859375
2 0.3015625 0.5328125 0.3859375 0.5328125 0.3859375 0.5953125 0.3015625 0.5953125
2 0.496875 0.7546875 0.5828125 0.7546875 0.5828125 0.840625 0.496875 0.840625
6 0.1796875 0.2765625 0.265625 0.2765625 0.265625 0.3390625 0.1796875 0.3390625
6 0.184375 0.359375 0.2671875 0.359375 0.2671875 0.4203125 0.184375 0.4203125
6 0.184375 0.5265625 0.26875 0.5265625 0.26875 0.59375 0.184375 0.59375
6 0.4 0.6015625 0.478125 0.6015625 0.478125 0.6625 0.4 0.6625
9 0.421875 0.378125 0.4828125 0.378125 0.4828125 0.4265625 0.421875 0.4265625
9 0.3078125 0.4515625 0.3734375 0.4515625 0.3734375 0.5046875 0.3078125 0.5046875
9 0.2 0.6046875 0.271875 0.6046875 0.271875 0.6640625 0.2 0.6640625
9 0.4125 0.2921875 0.4796875 0.2921875 0.4796875 0.346875 0.4125 0.346875
11 0.6171875 0.3671875 0.7109375 0.3671875 0.7109375 0.421875 0.6171875 0.421875
11 0.71875 0.371875 0.8125 0.371875 0.8125 0.43125 0.71875 0.43125
11 0.6078125 0.5265625 0.709375 0.5265625 0.709375 0.5875 0.6078125 0.5875
0 0.615625 0.6765625 0.6984375 0.6765625 0.6984375 0.7578125 0.615625 0.7578125
0 0.5109375 0.603125 0.6 0.603125 0.6 0.6625 0.5109375 0.6625
5 0.29375 0.6765625 0.3734375 0.6765625 0.3734375 0.7484375 0.29375 0.7484375
5 0.1828125 0.4453125 0.271875 0.4453125 0.271875 0.5046875 0.1828125 0.5046875
8 0.609375 0.596875 0.703125 0.596875 0.703125 0.6625 0.609375 0.6625
8 0.5015625 0.4421875 0.584375 0.4421875 0.584375 0.5046875 0.5015625 0.5046875
4 0.5046875 0.5203125 0.5984375 0.5203125 0.5984375 0.5875 0.5046875 0.5875
10 0.6140625 0.440625 0.728125 0.440625 0.728125 0.5046875 0.6140625 0.5046875