5 0.775 0.1359375 0.8421875 0.1359375 0.8421875 0.2921875 0.775 0.2921875
6 0.746875 0.5015625 0.7921875 0.5015625 0.7921875 0.6578125 0.746875 0.6578125
1 0.7125 0.746875 0.7734375 0.746875 0.7734375 0.95 0.7125 0.95
9 0.6203125 0.671875 0.6609375 0.671875 0.6609375 0.7921875 0.6203125 0.7921875
3 0.625 0.5 0.6640625 0.5 0.6640625 0.6203125 0.625 0.6203125
9 0.625 0.4 0.665625 0.4 0.665625 0.51875 0.625 0.51875
10 0.559375 0.671875 0.6 0.671875 0.6 0.871875 0.559375 0.871875
5 0.5 0.521875 0.540625 0.521875 0.540625 0.665625 0.5 0.665625
4 0.50625 0.396875 0.553125 0.396875 0.553125 0.596875 0.50625 0.596875
6 0.4609375 0.678125 0.4953125 0.678125 0.4953125 0.834375 0.4609375 0.834375
8 0.3671875 0.7640625 0.4109375 0.7640625 0.4109375 0.90625 0.3671875 0.90625
11 0.3421875 0.5921875 0.390625 0.5921875 0.390625 0.734375 0.3421875 0.734375
7 0.3859375 0.38125 0.440625 0.38125 0.440625 0.59375 0.3859375 0.59375
5 0.365625 0.159375 0.4171875 0.159375 0.4171875 0.3328125 0.365625 0.3328125