10 0.403125 0.2890625 0.503125 0.2890625 0.503125 0.3953125 0.403125 0.3953125
10 0.403125 0.4828125 0.509375 0.4828125 0.509375 0.5765625 0.403125 0.5765625
10 0.3140625 0.5890625 0.40625 0.5890625 0.40625 0.6875 0.3140625 0.6875
10 0.40625 0.66875 0.5046875 0.66875 0.5046875 0.7796875 0.40625 0.7796875
10 0.503125 0.575 0.6015625 0.575 0.6015625 0.6796875 0.503125 0.6796875
10 0.7734375 0.659375 0.90625 0.659375 0.90625 0.7765625 0.7734375 0.7765625
10 0.49375 0.0796875 0.59375 0.0796875 0.59375 0.215625 0.49375 0.215625
10 0.684375 0.1890625 0.803125 0.1890625 0.803125 0.2890625 0.684375 0.2890625
10 0.4109375 0.7890625 0.50625 0.7890625 0.50625 0.8890625 0.4109375 0.8890625
7 0.0796875 0.503125 0.2109375 0.503125 0.2109375 0.6046875 0.0796875 0.6046875
7 0.3109375 0.3984375 0.40625 0.3984375 0.40625 0.4875 0.3109375 0.4875
7 0.5953125 0.4921875 0.7078125 0.4921875 0.7078125 0.565625 0.5953125 0.565625
7 0.684375 0.575 0.803125 0.575 0.803125 0.659375 0.684375 0.659375
7 0.69375 0.75625 0.8125 0.75625 0.8125 0.8734375 0.69375 0.8734375
7 0.503125 0.3984375 0.5875 0.3984375 0.5875 0.4859375 0.503125 0.4859375
7 0.3140625 0.6859375 0.40625 0.6859375 0.40625 0.790625 0.3140625 0.790625
7 0.190625 0.078125 0.296875 0.078125 0.296875 0.209375 0.190625 0.209375
4 0.0671875 0.290625 0.2015625 0.290625 0.2015625 0.390625 0.0671875 0.390625
4 0.309375 0.1875 0.3984375 0.1875 0.3984375 0.290625 0.309375 0.290625
4 0.5984375 0.6640625 0.703125 0.6640625 0.703125 0.771875 0.5984375 0.771875
4 0.21875 0.7734375 0.31875 0.7734375 0.31875 0.903125 0.21875 0.903125
4 0.5953125 0.075 0.684375 0.075 0.684375 0.209375 0.5953125 0.209375
4 0.3953125 0.0765625 0.49375 0.0765625 0.49375 0.21875 0.3953125 0.21875
1 0.059375 0.0671875 0.19375 0.0671875 0.19375 0.2015625 0.059375 0.2015625
1 0.7703125 0.078125 0.915625 0.078125 0.915625 0.2046875 0.7703125 0.2046875
1 0.7734375 0.28125 0.90625 0.28125 0.90625 0.3875 0.7734375 0.3875
1 0.7734375 0.48125 0.9125 0.48125 0.9125 0.565625 0.7734375 0.565625
1 0.6859375 0.403125 0.80625 0.403125 0.80625 0.475 0.6859375 0.475
1 0.50625 0.2921875 0.59375 0.2921875 0.59375 0.390625 0.50625 0.390625
1 0.5140625 0.765625 0.60625 0.765625 0.60625 0.8765625 0.5140625 0.8765625
1 0.60625 0.76875 0.7171875 0.76875 0.7171875 0.8921875 0.60625 0.8921875