1 0.5484375 0.384375 0.66875 0.384375 0.66875 0.4265625 0.5484375 0.4265625
1 0.29375 0.425 0.4125 0.425 0.4125 0.465625 0.29375 0.465625
4 0.7203125 0.68125 0.85 0.68125 0.85 0.7171875 0.7203125 0.7171875
4 0.478125 0.690625 0.60625 0.690625 0.60625 0.728125 0.478125 0.728125
2 0.6984375 0.403125 0.8015625 0.403125 0.8015625 0.4375 0.6984375 0.4375
2 0.290625 0.521875 0.3890625 0.521875 0.3890625 0.5546875 0.290625 0.5546875
2 0.7234375 0.5671875 0.8171875 0.5671875 0.8171875 0.596875 0.7234375 0.596875
2 0.6375 0.60625 0.746875 0.60625 0.746875 0.6375 0.6375 0.6375
0 0.478125 0.5984375 0.575 0.5984375 0.575 0.628125 0.478125 0.628125
0 0.090625 0.615625 0.175 0.615625 0.175 0.6484375 0.090625 0.6484375
5 0.628125 0.478125 0.721875 0.478125 0.721875 0.5078125 0.628125 0.5078125
5 0.375 0.56875 0.46875 0.56875 0.46875 0.6 0.375 0.6
5 0.478125 0.48125 0.565625 0.48125 0.565625 0.5109375 0.478125 0.5109375