8 0.09375 0.140625 0.2015625 0.140625 0.2015625 0.240625 0.09375 0.240625
8 0.5171875 0.1265625 0.590625 0.1265625 0.590625 0.2359375 0.5171875 0.2359375
8 0.6 0.2359375 0.6671875 0.2359375 0.6671875 0.328125 0.6 0.328125
8 0.4984375 0.25 0.5796875 0.25 0.5796875 0.325 0.4984375 0.325
8 0.21875 0.353125 0.3 0.353125 0.3 0.421875 0.21875 0.421875
8 0.1203125 0.45 0.209375 0.45 0.209375 0.528125 0.1203125 0.528125
8 0.415625 0.4546875 0.4890625 0.4546875 0.4890625 0.521875 0.415625 0.521875
8 0.509375 0.4515625 0.5734375 0.4515625 0.5734375 0.515625 0.509375 0.515625
8 0.790625 0.4453125 0.875 0.4453125 0.875 0.509375 0.790625 0.509375
8 0.5234375 0.640625 0.5875 0.640625 0.5875 0.74375 0.5234375 0.74375
8 0.4140625 0.6453125 0.484375 0.6453125 0.484375 0.7359375 0.4140625 0.7359375
8 0.3328125 0.5484375 0.4078125 0.5484375 0.4078125 0.63125 0.3328125 0.63125
8 0.0984375 0.6359375 0.2046875 0.6359375 0.2046875 0.7203125 0.0984375 0.7203125
8 0.128125 0.8046875 0.221875 0.8046875 0.221875 0.9140625 0.128125 0.9140625
8 0.23125 0.821875 0.3046875 0.821875 0.3046875 0.928125 0.23125 0.928125
8 0.4296875 0.809375 0.5046875 0.809375 0.5046875 0.91875 0.4296875 0.91875
2 0.3046875 0.1375 0.3859375 0.1375 0.3859375 0.234375 0.3046875 0.234375
2 0.6921875 0.1265625 0.7890625 0.1265625 0.7890625 0.225 0.6921875 0.225
2 0.7921875 0.2421875 0.8671875 0.2421875 0.8671875 0.321875 0.7921875 0.321875
2 0.5859375 0.4453125 0.653125 0.4453125 0.653125 0.5203125 0.5859375 0.5203125
2 0.6984375 0.5359375 0.7828125 0.5359375 0.7828125 0.6171875 0.6984375 0.6171875
2 0.6953125 0.628125 0.7609375 0.628125 0.7609375 0.73125 0.6953125 0.73125
2 0.796875 0.825 0.8921875 0.825 0.8921875 0.940625 0.796875 0.940625
2 0.51875 0.83125 0.6 0.83125 0.6 0.925 0.51875 0.925
2 0.6 0.7359375 0.6734375 0.7359375 0.6734375 0.846875 0.6 0.846875
2 0.33125 0.7359375 0.4125 0.7359375 0.4125 0.8359375 0.33125 0.8359375
2 0.203125 0.7140625 0.31875 0.7140625 0.31875 0.7984375 0.203125 0.7984375
2 0.4125 0.346875 0.484375 0.346875 0.484375 0.421875 0.4125 0.421875
2 0.3140625 0.3484375 0.3921875 0.3484375 0.3921875 0.43125 0.3140625 0.43125