11 0.4296875 0.0703125 0.490625 0.0703125 0.490625 0.1875 0.4296875 0.1875
11 0.5078125 0.090625 0.56875 0.090625 0.56875 0.190625 0.5078125 0.190625
11 0.58125 0.078125 0.640625 0.078125 0.640625 0.18125 0.58125 0.18125
11 0.721875 0.08125 0.796875 0.08125 0.796875 0.1875 0.721875 0.1875
11 0.6578125 0.18125 0.7296875 0.18125 0.7296875 0.2875 0.6578125 0.2875
11 0.5875 0.409375 0.653125 0.409375 0.653125 0.4890625 0.5875 0.4890625
11 0.6671875 0.4953125 0.74375 0.4953125 0.74375 0.5765625 0.6671875 0.5765625
11 0.4328125 0.509375 0.4921875 0.509375 0.4921875 0.584375 0.4328125 0.584375
11 0.5078125 0.60625 0.5734375 0.60625 0.5734375 0.6890625 0.5078125 0.6890625
11 0.35625 0.6125 0.421875 0.6125 0.421875 0.690625 0.35625 0.690625
11 0.271875 0.6140625 0.340625 0.6140625 0.340625 0.7015625 0.271875 0.7015625
5 0.26875 0.0671875 0.34375 0.0671875 0.34375 0.1828125 0.26875 0.1828125
5 0.51875 0.175 0.5796875 0.175 0.5796875 0.28125 0.51875 0.28125
5 0.2796875 0.2875 0.3484375 0.2875 0.3484375 0.3875 0.2796875 0.3875
5 0.4265625 0.2859375 0.4875 0.2859375 0.4875 0.384375 0.4265625 0.384375
5 0.28125 0.40625 0.353125 0.40625 0.353125 0.4875 0.28125 0.4875
5 0.509375 0.396875 0.5703125 0.396875 0.5703125 0.4828125 0.509375 0.4828125
5 0.73125 0.29375 0.809375 0.29375 0.809375 0.3875 0.73125 0.3875
5 0.6640625 0.603125 0.746875 0.603125 0.746875 0.696875 0.6640625 0.696875
5 0.584375 0.80625 0.6625 0.80625 0.6625 0.903125 0.584375 0.903125
5 0.3453125 0.7140625 0.4140625 0.7140625 0.4140625 0.809375 0.3453125 0.809375
5 0.18125 0.7109375 0.2640625 0.7109375 0.2640625 0.8125 0.18125 0.8125