10 0.234375 0.171875 0.31875 0.171875 0.31875 0.2828125 0.234375 0.2828125
10 0.46875 0.1875 0.540625 0.1875 0.540625 0.290625 0.46875 0.290625
10 0.5390625 0.175 0.6140625 0.175 0.6140625 0.290625 0.5390625 0.290625
10 0.61875 0.171875 0.703125 0.171875 0.703125 0.2828125 0.61875 0.2828125
10 0.6828125 0.1828125 0.7734375 0.1828125 0.7734375 0.290625 0.6828125 0.290625
10 0.6875 0.0734375 0.778125 0.0734375 0.778125 0.1921875 0.6875 0.1921875
10 0.6125 0.0609375 0.6875 0.0609375 0.6875 0.1859375 0.6125 0.1859375
7 0.13125 0.0640625 0.234375 0.0640625 0.234375 0.1828125 0.13125 0.1828125
7 0.225 0.053125 0.3125 0.053125 0.3125 0.190625 0.225 0.190625
7 0.3140625 0.0546875 0.3859375 0.0546875 0.3859375 0.1875 0.3140625 0.1875
7 0.4 0.059375 0.4609375 0.059375 0.4609375 0.190625 0.4 0.190625
7 0.475 0.0671875 0.540625 0.0671875 0.540625 0.1953125 0.475 0.1953125
6 0.16875 0.190625 0.2453125 0.190625 0.2453125 0.290625 0.16875 0.290625
6 0.3265625 0.1953125 0.3890625 0.1953125 0.3890625 0.2828125 0.3265625 0.2828125
6 0.4109375 0.1875 0.4640625 0.1875 0.4640625 0.28125 0.4109375 0.28125
6 0.54375 0.0765625 0.6046875 0.0765625 0.6046875 0.1828125 0.54375 0.1828125
4 0.15 0.7828125 0.24375 0.7828125 0.24375 0.9109375 0.15 0.9109375
4 0.2375 0.784375 0.325 0.784375 0.325 0.909375 0.2375 0.909375
4 0.3203125 0.7859375 0.390625 0.7859375 0.390625 0.9171875 0.3203125 0.9171875
4 0.4015625 0.778125 0.46875 0.778125 0.46875 0.90625 0.4015625 0.90625
1 0.4734375 0.7828125 0.54375 0.7828125 0.54375 0.9109375 0.4734375 0.9109375