11 0.490625 0.1109375 0.5765625 0.1109375 0.5765625 0.2203125 0.490625 0.2203125
3 0.81875 0.10625 0.91875 0.10625 0.91875 0.2 0.81875 0.2
3 0.4890625 0.25 0.5703125 0.25 0.5703125 0.321875 0.4890625 0.321875
3 0.5015625 0.340625 0.578125 0.340625 0.578125 0.43125 0.5015625 0.43125
3 0.3828125 0.4546875 0.45625 0.4546875 0.45625 0.53125 0.3828125 0.53125
3 0.296875 0.3515625 0.371875 0.3515625 0.371875 0.4234375 0.296875 0.4234375
3 0.1796875 0.4609375 0.271875 0.4609375 0.271875 0.5421875 0.1796875 0.5421875
3 0.2703125 0.2359375 0.3484375 0.2359375 0.3484375 0.3171875 0.2703125 0.3171875
3 0.1421875 0.225 0.2359375 0.225 0.2359375 0.30625 0.1421875 0.30625
3 0.04375 0.3390625 0.140625 0.3390625 0.140625 0.425 0.04375 0.425
3 0.06875 0.5640625 0.159375 0.5640625 0.159375 0.6515625 0.06875 0.6515625
3 0.2796875 0.7546875 0.3640625 0.7546875 0.3640625 0.853125 0.2796875 0.853125
3 0.2796875 0.8546875 0.3703125 0.8546875 0.3703125 0.9625 0.2796875 0.9625
3 0.390625 0.84375 0.46875 0.84375 0.46875 0.9484375 0.390625 0.9484375
3 0.4875 0.7453125 0.5625 0.7453125 0.5625 0.840625 0.4875 0.840625
3 0.5875 0.7484375 0.6703125 0.7484375 0.6703125 0.853125 0.5875 0.853125
3 0.69375 0.6703125 0.76875 0.6703125 0.76875 0.7609375 0.69375 0.7609375
3 0.790625 0.6578125 0.878125 0.6578125 0.878125 0.746875 0.790625 0.746875
3 0.78125 0.7515625 0.871875 0.7515625 0.871875 0.8453125 0.78125 0.8453125
3 0.8046875 0.8578125 0.9046875 0.8578125 0.9046875 0.95625 0.8046875 0.95625
3 0.7046875 0.5546875 0.7859375 0.5546875 0.7859375 0.6421875 0.7046875 0.6421875
3 0.5109375 0.55625 0.575 0.55625 0.575 0.634375 0.5109375 0.634375
3 0.1828125 0.8453125 0.2671875 0.8453125 0.2671875 0.9453125 0.1828125 0.9453125
3 0.09375 0.840625 0.18125 0.840625 0.18125 0.95 0.09375 0.95
9 0.815625 0.234375 0.90625 0.234375 0.90625 0.315625 0.815625 0.315625
9 0.7234375 0.3578125 0.8046875 0.3578125 0.8046875 0.4328125 0.7234375 0.4328125
9 0.5859375 0.859375 0.6640625 0.859375 0.6640625 0.959375 0.5859375 0.959375
9 0.390625 0.334375 0.4625 0.334375 0.4625 0.409375 0.390625 0.409375
9 0.03125 0.1171875 0.128125 0.1171875 0.128125 0.2140625 0.03125 0.2140625
8 0.578125 0.646875 0.6734375 0.646875 0.6734375 0.7578125 0.578125 0.7578125
8 0.79375 0.453125 0.903125 0.453125 0.903125 0.54375 0.79375 0.54375
8 0.134375 0.3296875 0.265625 0.3296875 0.265625 0.421875 0.134375 0.421875
2 0.7875 0.5484375 0.89375 0.5484375 0.89375 0.6625 0.7875 0.6625
2 0.5875 0.4375 0.68125 0.4375 0.68125 0.55 0.5875 0.55
2 0.3828125 0.540625 0.4828125 0.540625 0.4828125 0.6515625 0.3828125 0.6515625
2 0.5875 0.21875 0.6859375 0.21875 0.6859375 0.3296875 0.5875 0.3296875
5 0.371875 0.121875 0.465625 0.121875 0.465625 0.228125 0.371875 0.228125
5 0.265625 0.640625 0.36875 0.640625 0.36875 0.7484375 0.265625 0.7484375
4 0.025 0.6421875 0.171875 0.6421875 0.171875 0.7890625 0.025 0.7890625