5 0.6328125 0.2609375 0.703125 0.2609375 0.703125 0.35625 0.6328125 0.35625
5 0.6265625 0.659375 0.7 0.659375 0.7 0.74375 0.6265625 0.74375
0 0.4203125 0.3625 0.4734375 0.3625 0.4734375 0.45625 0.4203125 0.45625
0 0.4 0.1671875 0.475 0.1671875 0.475 0.271875 0.4 0.271875
2 0.25 0.35625 0.328125 0.35625 0.328125 0.45625 0.25 0.45625
2 0.21875 0.559375 0.325 0.559375 0.325 0.659375 0.21875 0.659375
2 0.2296875 0.7625 0.3140625 0.7625 0.3140625 0.865625 0.2296875 0.865625
2 0.2546875 0.1578125 0.3265625 0.1578125 0.3265625 0.2625 0.2546875 0.2625
3 0.7046875 0.184375 0.7640625 0.184375 0.7640625 0.2765625 0.7046875 0.2765625
3 0.690625 0.3703125 0.75625 0.3703125 0.75625 0.45625 0.690625 0.45625
3 0.6890625 0.559375 0.7671875 0.559375 0.7671875 0.659375 0.6890625 0.659375
3 0.6953125 0.759375 0.7609375 0.759375 0.7609375 0.84375 0.6953125 0.84375
3 0.4109375 0.5671875 0.4703125 0.5671875 0.4703125 0.65625 0.4109375 0.65625
3 0.328125 0.7640625 0.396875 0.7640625 0.396875 0.8484375 0.328125 0.8484375
3 0.33125 0.075 0.39375 0.075 0.39375 0.165625 0.33125 0.165625
4 0.546875 0.7515625 0.6203125 0.7515625 0.6203125 0.8859375 0.546875 0.8859375
1 0.5453125 0.56875 0.6296875 0.56875 0.6296875 0.665625 0.5453125 0.665625
1 0.5453125 0.3515625 0.6125 0.3515625 0.6125 0.471875 0.5453125 0.471875
1 0.4765625 0.453125 0.5390625 0.453125 0.5390625 0.55625 0.4765625 0.55625
1 0.553125 0.14375 0.628125 0.14375 0.628125 0.2734375 0.553125 0.2734375