3 0.815625 0.215625 0.9 0.215625 0.9 0.28125 0.815625 0.28125
3 0.80625 0.359375 0.8984375 0.359375 0.8984375 0.41875 0.80625 0.41875
3 0.796875 0.4296875 0.8984375 0.4296875 0.8984375 0.4859375 0.796875 0.4859375
3 0.8 0.571875 0.896875 0.571875 0.896875 0.6296875 0.8 0.6296875
3 0.803125 0.70625 0.89375 0.70625 0.89375 0.775 0.803125 0.775
3 0.7125 0.2171875 0.796875 0.2171875 0.796875 0.278125 0.7125 0.278125
3 0.709375 0.2875 0.796875 0.2875 0.796875 0.3421875 0.709375 0.3421875
3 0.715625 0.3515625 0.80625 0.3515625 0.80625 0.4125 0.715625 0.4125
3 0.7046875 0.4265625 0.7875 0.4265625 0.7875 0.484375 0.7046875 0.484375
3 0.715625 0.4984375 0.8015625 0.4984375 0.8015625 0.5515625 0.715625 0.5515625
3 0.71875 0.5765625 0.7890625 0.5765625 0.7890625 0.6296875 0.71875 0.6296875
3 0.7046875 0.6484375 0.7890625 0.6484375 0.7890625 0.7015625 0.7046875 0.7015625
3 0.7078125 0.715625 0.7921875 0.715625 0.7921875 0.7765625 0.7078125 0.7765625
3 0.628125 0.21875 0.703125 0.21875 0.703125 0.278125 0.628125 0.278125
3 0.621875 0.284375 0.7 0.284375 0.7 0.340625 0.621875 0.340625
3 0.615625 0.4234375 0.7 0.4234375 0.7 0.4765625 0.615625 0.4765625
3 0.6265625 0.496875 0.7109375 0.496875 0.7109375 0.546875 0.6265625 0.546875
3 0.63125 0.571875 0.7125 0.571875 0.7125 0.625 0.63125 0.625
3 0.621875 0.715625 0.7 0.715625 0.7 0.775 0.621875 0.775
3 0.5265625 0.2078125 0.6109375 0.2078125 0.6109375 0.2734375 0.5265625 0.2734375
3 0.521875 0.2828125 0.596875 0.2828125 0.596875 0.3375 0.521875 0.3375
3 0.525 0.35625 0.6 0.35625 0.6 0.41875 0.525 0.41875
3 0.525 0.4375 0.6046875 0.4375 0.6046875 0.4875 0.525 0.4875
3 0.5171875 0.5 0.6015625 0.5 0.6015625 0.55625 0.5171875 0.55625
3 0.528125 0.5703125 0.6125 0.5703125 0.6125 0.6234375 0.528125 0.6234375
3 0.53125 0.64375 0.6125 0.64375 0.6125 0.696875 0.53125 0.696875
3 0.51875 0.715625 0.596875 0.715625 0.596875 0.775 0.51875 0.775
3 0.4375 0.209375 0.5171875 0.209375 0.5171875 0.271875 0.4375 0.271875
3 0.425 0.278125 0.5 0.278125 0.5 0.3375 0.425 0.3375
3 0.43125 0.4265625 0.50625 0.4265625 0.50625 0.4796875 0.43125 0.4796875
3 0.4390625 0.490625 0.5140625 0.490625 0.5140625 0.540625 0.4390625 0.540625
3 0.4296875 0.571875 0.4953125 0.571875 0.4953125 0.625 0.4296875 0.625
3 0.4296875 0.6484375 0.5046875 0.6484375 0.5046875 0.7015625 0.4296875 0.7015625
3 0.3375 0.2671875 0.4 0.2671875 0.4 0.3421875 0.3375 0.3421875
3 0.3484375 0.3515625 0.425 0.3515625 0.425 0.4078125 0.3484375 0.4078125
3 0.3265625 0.4390625 0.4015625 0.4390625 0.4015625 0.490625 0.3265625 0.490625
3 0.3421875 0.5015625 0.4046875 0.5015625 0.4046875 0.5578125 0.3421875 0.5578125
3 0.2171875 0.2640625 0.3015625 0.2640625 0.3015625 0.3296875 0.2171875 0.3296875
3 0.225 0.34375 0.309375 0.34375 0.309375 0.4 0.225 0.4
3 0.225 0.4328125 0.309375 0.4328125 0.309375 0.490625 0.225 0.490625
3 0.1296875 0.265625 0.2140625 0.265625 0.2140625 0.3328125 0.1296875 0.3328125
3 0.115625 0.3484375 0.196875 0.3484375 0.196875 0.40625 0.115625 0.40625
3 0.1375 0.4390625 0.215625 0.4390625 0.215625 0.490625 0.1375 0.490625
3 0.11875 0.503125 0.203125 0.503125 0.203125 0.5625 0.11875 0.5625