10 0.0453125 0.2390625 0.1515625 0.2390625 0.1515625 0.3421875 0.0453125 0.3421875
7 0.1484375 0.03125 0.275 0.03125 0.275 0.146875 0.1484375 0.146875
7 0.2765625 0.3703125 0.371875 0.3703125 0.371875 0.4453125 0.2765625 0.4453125
8 0.3546875 0.571875 0.446875 0.571875 0.446875 0.640625 0.3546875 0.640625
8 0.146875 0.46875 0.25625 0.46875 0.25625 0.534375 0.146875 0.534375
8 0.1875 0.375 0.259375 0.375 0.259375 0.44375 0.1875 0.44375
8 0.065625 0.146875 0.165625 0.146875 0.165625 0.225 0.065625 0.225
9 0.4078125 0.275 0.4890625 0.275 0.4890625 0.325 0.4078125 0.325
6 0.175 0.2703125 0.25625 0.2703125 0.25625 0.3375 0.175 0.3375
6 0.5109375 0.39375 0.5796875 0.39375 0.5796875 0.446875 0.5109375 0.446875
11 0.3015625 0.05625 0.390625 0.05625 0.390625 0.1421875 0.3015625 0.1421875
11 0.290625 0.4625 0.3625 0.4625 0.3625 0.5234375 0.290625 0.5234375
9 0.078125 0.4640625 0.1453125 0.4640625 0.1453125 0.5234375 0.078125 0.5234375
5 0.1703125 0.546875 0.2578125 0.546875 0.2578125 0.6078125 0.1703125 0.6078125
5 0.28125 0.5515625 0.359375 0.5515625 0.359375 0.6078125 0.28125 0.6078125
3 0.43125 0.096875 0.5 0.096875 0.5 0.1609375 0.43125 0.1609375
3 0.0875 0.06875 0.159375 0.06875 0.159375 0.1375 0.0875 0.1375
2 0.0375 0.365625 0.15 0.365625 0.15 0.4171875 0.0375 0.4171875
2 0.03125 0.553125 0.1328125 0.553125 0.1328125 0.615625 0.03125 0.615625
1 0.3796875 0.4703125 0.4640625 0.4703125 0.4640625 0.53125 0.3796875 0.53125
1 0.2890625 0.259375 0.378125 0.259375 0.378125 0.340625 0.2890625 0.340625
0 0.40625 0.184375 0.4671875 0.184375 0.4671875 0.259375 0.40625 0.259375
4 0.303125 0.146875 0.4015625 0.146875 0.4015625 0.2484375 0.303125 0.2484375
4 0.15625 0.1625 0.265625 0.1625 0.265625 0.253125 0.15625 0.253125
10 0.39375 0.3734375 0.475 0.3734375 0.475 0.4515625 0.39375 0.4515625