3 0.465625 0.509375 0.521875 0.509375 0.521875 0.5953125 0.465625 0.5953125
3 0.3921875 0.709375 0.45 0.709375 0.45 0.80625 0.3921875 0.80625
3 0.340625 0.7015625 0.39375 0.7015625 0.39375 0.8046875 0.340625 0.8046875
3 0.25 0.6875 0.3203125 0.6875 0.3203125 0.8015625 0.25 0.8015625
3 0.4703125 0.696875 0.5421875 0.696875 0.5421875 0.7953125 0.4703125 0.7953125
3 0.5515625 0.70625 0.609375 0.70625 0.609375 0.790625 0.5515625 0.790625
3 0.61875 0.6921875 0.6765625 0.6921875 0.6765625 0.7828125 0.61875 0.7828125
0 0.253125 0.2953125 0.3140625 0.2953125 0.3140625 0.4125 0.253125 0.4125
0 0.325 0.1984375 0.3859375 0.1984375 0.3859375 0.2953125 0.325 0.2953125
0 0.4109375 0.071875 0.4859375 0.071875 0.4859375 0.1953125 0.4109375 0.1953125
0 0.475 0.2078125 0.5546875 0.2078125 0.5546875 0.3015625 0.475 0.3015625
0 0.55625 0.31875 0.63125 0.31875 0.63125 0.4046875 0.55625 0.4046875
0 0.634375 0.196875 0.7109375 0.196875 0.7109375 0.284375 0.634375 0.284375
0 0.71875 0.084375 0.8125 0.084375 0.8125 0.1921875 0.71875 0.1921875
2 0.1515625 0.6859375 0.2390625 0.6859375 0.2390625 0.7875 0.1515625 0.7875
2 0.6828125 0.7078125 0.771875 0.7078125 0.771875 0.8 0.6828125 0.8
2 0.1578125 0.415625 0.240625 0.415625 0.240625 0.5140625 0.1578125 0.5140625
5 0.2328125 0.8015625 0.321875 0.8015625 0.321875 0.921875 0.2328125 0.921875
5 0.628125 0.8046875 0.690625 0.8046875 0.690625 0.9125 0.628125 0.9125