0 0.7375 0.728125 0.8390625 0.728125 0.8390625 0.8109375 0.7375 0.8109375
0 0.5296875 0.43125 0.6140625 0.43125 0.6140625 0.4859375 0.5296875 0.4859375
1 0.3203125 0.5125 0.41875 0.5125 0.41875 0.571875 0.3203125 0.571875
1 0.5296875 0.571875 0.6265625 0.571875 0.6265625 0.65 0.5296875 0.65
1 0.528125 0.3328125 0.621875 0.3328125 0.621875 0.4046875 0.528125 0.4046875
1 0.8546875 0.6015625 0.99375 0.6015625 0.99375 0.68125 0.8546875 0.68125
2 0.078125 0.346875 0.1890625 0.346875 0.1890625 0.4125 0.078125 0.4125
2 0.221875 0.590625 0.3171875 0.590625 0.3171875 0.6515625 0.221875 0.6515625
2 0.31875 0.4296875 0.4140625 0.4296875 0.4140625 0.4921875 0.31875 0.4921875
2 0.10625 0.440625 0.20625 0.440625 0.20625 0.4984375 0.10625 0.4984375
3 0.328125 0.3453125 0.4046875 0.3453125 0.4046875 0.409375 0.328125 0.409375
3 0.54375 0.275 0.609375 0.275 0.609375 0.328125 0.54375 0.328125
3 0.6421875 0.2703125 0.715625 0.2703125 0.715625 0.3265625 0.6421875 0.3265625
3 0.6484375 0.4234375 0.7140625 0.4234375 0.7140625 0.4796875 0.6484375 0.4796875
3 0.4234375 0.584375 0.5078125 0.584375 0.5078125 0.6359375 0.4234375 0.6359375
3 0.2234375 0.7453125 0.3 0.7453125 0.3 0.8125 0.2234375 0.8125
3 0.7515625 0.1796875 0.8296875 0.1796875 0.8296875 0.2453125 0.7515625 0.2453125
4 0.1828125 0.246875 0.2984375 0.246875 0.2984375 0.328125 0.1828125 0.328125
5 0.534375 0.5046875 0.6234375 0.5046875 0.6234375 0.5609375 0.534375 0.5609375
5 0.74375 0.59375 0.8375 0.59375 0.8375 0.6625 0.74375 0.6625
6 0.425 0.665625 0.5265625 0.665625 0.5265625 0.7328125 0.425 0.7328125
6 0.4296875 0.7453125 0.5234375 0.7453125 0.5234375 0.8234375 0.4296875 0.8234375
6 0.2109375 0.5078125 0.3 0.5078125 0.3 0.5671875 0.2109375 0.5671875
6 0.753125 0.5125 0.8375 0.5125 0.8375 0.56875 0.753125 0.56875
8 0.3171875 0.6609375 0.40625 0.6609375 0.40625 0.7328125 0.3171875 0.7328125
9 0.41875 0.184375 0.5046875 0.184375 0.5046875 0.2484375 0.41875 0.2484375
9 0.4359375 0.3484375 0.5015625 0.3484375 0.5015625 0.40625 0.4359375 0.40625
8 0.85 0.3390625 0.965625 0.3390625 0.965625 0.396875 0.85 0.396875
9 0.440625 0.4390625 0.5046875 0.4390625 0.5046875 0.490625 0.440625 0.490625
10 0.54375 0.73125 0.625 0.73125 0.625 0.8390625 0.54375 0.8390625
9 0.0890625 0.6640625 0.178125 0.6640625 0.178125 0.7140625 0.0890625 0.7140625
11 0.415625 0.259375 0.490625 0.259375 0.490625 0.3296875 0.415625 0.3296875
11 0.6390625 0.159375 0.721875 0.159375 0.721875 0.2421875 0.6390625 0.2421875
11 0.2046875 0.340625 0.3 0.340625 0.3 0.403125 0.2046875 0.403125