3 0.8609375 0.0921875 0.9578125 0.0921875 0.9578125 0.1765625 0.8609375 0.1765625
3 0.75 0.1 0.83125 0.1 0.83125 0.184375 0.75 0.184375
3 0.75625 0.3078125 0.840625 0.3078125 0.840625 0.3796875 0.75625 0.3796875
3 0.7546875 0.509375 0.8390625 0.509375 0.8390625 0.58125 0.7546875 0.58125
3 0.85 0.61875 0.9375 0.61875 0.9375 0.690625 0.85 0.690625
3 0.8390625 0.7203125 0.9375 0.7203125 0.9375 0.7921875 0.8390625 0.7921875
3 0.878125 0.825 0.975 0.825 0.975 0.9125 0.878125 0.9125
3 0.7625 0.71875 0.8390625 0.71875 0.8390625 0.7984375 0.7625 0.7984375
3 0.7625 0.8234375 0.84375 0.8234375 0.84375 0.9109375 0.7625 0.9109375
3 0.6546875 0.7265625 0.7375 0.7265625 0.7375 0.8015625 0.6546875 0.8015625
3 0.559375 0.8265625 0.6375 0.8265625 0.6375 0.9109375 0.559375 0.9109375
3 0.459375 0.8265625 0.528125 0.8265625 0.528125 0.915625 0.459375 0.915625
3 0.3515625 0.7296875 0.421875 0.7296875 0.421875 0.8140625 0.3515625 0.8140625
3 0.3625 0.840625 0.428125 0.840625 0.428125 0.9375 0.3625 0.9375
3 0.228125 0.1953125 0.3 0.1953125 0.3 0.2796875 0.228125 0.2796875
3 0.2609375 0.4390625 0.3328125 0.4390625 0.3328125 0.50625 0.2609375 0.50625
3 0.2546875 0.628125 0.3296875 0.628125 0.3296875 0.703125 0.2546875 0.703125
3 0.2578125 0.834375 0.328125 0.834375 0.328125 0.9265625 0.2578125 0.9265625
3 0.13125 0.1984375 0.209375 0.1984375 0.209375 0.2875 0.13125 0.2875
3 0.1265625 0.3171875 0.209375 0.3171875 0.209375 0.3890625 0.1265625 0.3890625
3 0.134375 0.540625 0.2234375 0.540625 0.2234375 0.615625 0.134375 0.615625
3 0.134375 0.7359375 0.21875 0.7359375 0.21875 0.81875 0.134375 0.81875
3 0.1640625 0.828125 0.2359375 0.828125 0.2359375 0.9265625 0.1640625 0.9265625
9 0.8640625 0.20625 0.9578125 0.20625 0.9578125 0.2890625 0.8640625 0.2890625
9 0.8578125 0.3125 0.9546875 0.3125 0.9546875 0.384375 0.8578125 0.384375
9 0.659375 0.8296875 0.7390625 0.8296875 0.7390625 0.9234375 0.659375 0.9234375
9 0.2625 0.5296875 0.3375 0.5296875 0.3375 0.6046875 0.2625 0.6046875
9 0.1203125 0.0890625 0.2078125 0.0890625 0.2078125 0.1796875 0.1203125 0.1796875
8 0.8484375 0.4109375 0.9640625 0.4109375 0.9640625 0.5015625 0.8484375 0.5015625
8 0.7375 0.6 0.846875 0.6 0.846875 0.6984375 0.7375 0.6984375
8 0.2234375 0.3015625 0.3265625 0.3015625 0.3265625 0.390625 0.2234375 0.390625
2 0.84375 0.5125 0.9625 0.5125 0.9625 0.5984375 0.84375 0.5984375
2 0.7484375 0.203125 0.85 0.203125 0.85 0.3015625 0.7484375 0.3015625
2 0.7484375 0.403125 0.85 0.403125 0.85 0.490625 0.7484375 0.490625
2 0.45 0.7140625 0.540625 0.7140625 0.540625 0.825 0.45 0.825
5 0.2328125 0.05 0.321875 0.05 0.321875 0.16875 0.2328125 0.16875
5 0.1015625 0.415625 0.215625 0.415625 0.215625 0.4953125 0.1015625 0.4953125
11 0.2390625 0.73125 0.3359375 0.73125 0.3359375 0.834375 0.2390625 0.834375
4 0.1 0.6203125 0.234375 0.6203125 0.234375 0.7375 0.1 0.7375