6 0.346875 0.059375 0.4125 0.059375 0.4125 0.2515625 0.346875 0.2515625
6 0.3578125 0.2984375 0.4203125 0.2984375 0.4203125 0.4640625 0.3578125 0.4640625
6 0.3421875 0.496875 0.4046875 0.496875 0.4046875 0.640625 0.3421875 0.640625
6 0.43125 0.4828125 0.4953125 0.4828125 0.4953125 0.628125 0.43125 0.628125
6 0.221875 0.76875 0.30625 0.76875 0.30625 0.909375 0.221875 0.909375
6 0.5296875 0.51875 0.603125 0.51875 0.603125 0.6609375 0.5296875 0.6609375
0 0.23125 0.5703125 0.3171875 0.5703125 0.3171875 0.7078125 0.23125 0.7078125
0 0.228125 0.259375 0.309375 0.259375 0.309375 0.44375 0.228125 0.44375
0 0.3453125 0.75 0.4203125 0.75 0.4203125 0.903125 0.3453125 0.903125
0 0.446875 0.721875 0.509375 0.721875 0.509375 0.8671875 0.446875 0.8671875
0 0.5265625 0.05625 0.596875 0.05625 0.596875 0.24375 0.5265625 0.24375