11 0.04375 0.6734375 0.15625 0.6734375 0.15625 0.7109375 0.04375 0.7109375
8 0.6953125 0.7109375 0.7890625 0.7109375 0.7890625 0.7609375 0.6953125 0.7609375
0 0.246875 0.340625 0.353125 0.340625 0.353125 0.3796875 0.246875 0.3796875
2 0.6921875 0.3203125 0.7859375 0.3203125 0.7859375 0.365625 0.6921875 0.365625
3 0.09375 0.39375 0.184375 0.39375 0.184375 0.425 0.09375 0.425
3 0.175 0.396875 0.2625 0.396875 0.2625 0.421875 0.175 0.421875
3 0.2546875 0.4015625 0.34375 0.4015625 0.34375 0.4296875 0.2546875 0.4296875
3 0.5890625 0.38125 0.6671875 0.38125 0.6671875 0.4109375 0.5890625 0.4109375
3 0.68125 0.3875 0.765625 0.3875 0.765625 0.41875 0.68125 0.41875
9 0.803125 0.64375 0.896875 0.64375 0.896875 0.6828125 0.803125 0.6828125
9 0.0640625 0.625 0.153125 0.625 0.153125 0.653125 0.0640625 0.653125
9 0.7 0.6453125 0.784375 0.6453125 0.784375 0.6859375 0.7 0.6859375
9 0.1546875 0.63125 0.246875 0.63125 0.246875 0.659375 0.1546875 0.659375
9 0.56875 0.6421875 0.6546875 0.6421875 0.6546875 0.684375 0.56875 0.684375
9 0.2546875 0.6421875 0.3453125 0.6421875 0.3453125 0.6734375 0.2546875 0.6734375
9 0.3546875 0.546875 0.4484375 0.546875 0.4484375 0.5765625 0.3546875 0.5765625
9 0.465625 0.6421875 0.553125 0.6421875 0.553125 0.671875 0.465625 0.671875
5 0.0609375 0.34375 0.165625 0.34375 0.165625 0.378125 0.0609375 0.378125
2 0.1625 0.3359375 0.2515625 0.3359375 0.2515625 0.3734375 0.1625 0.3734375
4 0.328125 0.325 0.459375 0.325 0.459375 0.3703125 0.328125 0.3703125
1 0.434375 0.321875 0.56875 0.321875 0.56875 0.3703125 0.434375 0.3703125
0 0.5734375 0.328125 0.6734375 0.328125 0.6734375 0.3671875 0.5734375 0.3671875
3 0.5 0.3984375 0.5796875 0.3984375 0.5796875 0.428125 0.5 0.428125
3 0.825 0.384375 0.903125 0.384375 0.903125 0.4140625 0.825 0.4140625
5 0.803125 0.31875 0.9046875 0.31875 0.9046875 0.3625 0.803125 0.3625
3 0.378125 0.4828125 0.459375 0.4828125 0.459375 0.509375 0.378125 0.509375
10 0.303125 0.6890625 0.4390625 0.6890625 0.4390625 0.7390625 0.303125 0.7390625
7 0.4265625 0.69375 0.5609375 0.69375 0.5609375 0.74375 0.4265625 0.74375
6 0.540625 0.70625 0.6375 0.70625 0.6375 0.746875 0.540625 0.746875
11 0.796875 0.7109375 0.89375 0.7109375 0.89375 0.7578125 0.796875 0.7578125
8 0.1453125 0.678125 0.246875 0.678125 0.246875 0.721875 0.1453125 0.721875
6 0.225 0.68125 0.33125 0.68125 0.33125 0.7171875 0.225 0.7171875