3 0.315625 0.6171875 0.3640625 0.6171875 0.3640625 0.68125 0.315625 0.68125
3 0.24375 0.70625 0.296875 0.70625 0.296875 0.775 0.24375 0.775
3 0.3953125 0.428125 0.4453125 0.428125 0.4453125 0.4890625 0.3953125 0.4890625
3 0.5375 0.21875 0.5921875 0.21875 0.5921875 0.2953125 0.5375 0.2953125
3 0.6203125 0.109375 0.6703125 0.109375 0.6703125 0.19375 0.6203125 0.19375
3 0.3921875 0.8125 0.4453125 0.8125 0.4453125 0.8875 0.3921875 0.8875
3 0.2390625 0.3234375 0.3015625 0.3234375 0.3015625 0.390625 0.2390625 0.390625
4 0.478125 0.7953125 0.54375 0.7953125 0.54375 0.925 0.478125 0.925
9 0.3203125 0.421875 0.3765625 0.421875 0.3765625 0.4875 0.3203125 0.4875
9 0.396875 0.5125 0.45 0.5125 0.45 0.575 0.396875 0.575
9 0.6140625 0.5140625 0.6734375 0.5140625 0.6734375 0.578125 0.6140625 0.578125
9 0.3171875 0.7046875 0.3703125 0.7046875 0.3703125 0.76875 0.3171875 0.76875
1 0.46875 0.065625 0.525 0.065625 0.525 0.1953125 0.46875 0.1953125
1 0.6921875 0.075 0.7890625 0.075 0.7890625 0.2125 0.6921875 0.2125
1 0.6796875 0.5125 0.7765625 0.5125 0.7765625 0.5921875 0.6796875 0.5921875
1 0.6125 0.703125 0.690625 0.703125 0.690625 0.80625 0.6125 0.80625
2 0.2328125 0.4109375 0.3015625 0.4109375 0.3015625 0.4890625 0.2328125 0.4890625
2 0.465625 0.5078125 0.5265625 0.5078125 0.5265625 0.5828125 0.465625 0.5828125
2 0.60625 0.803125 0.678125 0.803125 0.678125 0.9 0.60625 0.9
2 0.6921875 0.3109375 0.7578125 0.3109375 0.7578125 0.396875 0.6921875 0.396875
6 0.2375 0.2 0.309375 0.2 0.309375 0.2859375 0.2375 0.2859375
6 0.475 0.334375 0.53125 0.334375 0.53125 0.403125 0.475 0.403125
6 0.31875 0.5140625 0.378125 0.5140625 0.378125 0.5921875 0.31875 0.5921875
6 0.6921875 0.4203125 0.7640625 0.4203125 0.7640625 0.4921875 0.6921875 0.4921875
11 0.315625 0.303125 0.3765625 0.303125 0.3765625 0.3828125 0.315625 0.3828125
11 0.40625 0.3234375 0.4578125 0.3234375 0.4578125 0.4 0.40625 0.4
11 0.5453125 0.615625 0.603125 0.615625 0.603125 0.690625 0.5453125 0.690625
5 0.396875 0.7171875 0.45625 0.7171875 0.45625 0.803125 0.396875 0.803125
5 0.690625 0.803125 0.7625 0.803125 0.7625 0.909375 0.690625 0.909375
0 0.5421875 0.4171875 0.5984375 0.4171875 0.5984375 0.49375 0.5421875 0.49375
0 0.15 0.084375 0.23125 0.084375 0.23125 0.184375 0.15 0.184375
8 0.615625 0.2171875 0.684375 0.2171875 0.684375 0.290625 0.615625 0.290625
8 0.15625 0.215625 0.23125 0.215625 0.23125 0.2953125 0.15625 0.2953125
10 0.615625 0.6078125 0.7015625 0.6078125 0.7015625 0.7 0.615625 0.7