4 0.5703125 0.36875 0.665625 0.36875 0.665625 0.4515625 0.5703125 0.4515625
4 0.3734375 0.378125 0.4671875 0.378125 0.4671875 0.453125 0.3734375 0.453125
4 0.284375 0.45 0.371875 0.45 0.371875 0.5125 0.284375 0.5125
4 0.4671875 0.453125 0.559375 0.453125 0.559375 0.51875 0.4671875 0.51875
1 0.3796875 0.4546875 0.4734375 0.4546875 0.4734375 0.521875 0.3796875 0.521875
10 0.7828125 0.359375 0.9140625 0.359375 0.9140625 0.434375 0.7828125 0.434375
10 0.66875 0.44375 0.778125 0.44375 0.778125 0.5171875 0.66875 0.5171875
10 0.5734375 0.5234375 0.6671875 0.5234375 0.6671875 0.5890625 0.5734375 0.5890625
10 0.3765625 0.5234375 0.471875 0.5234375 0.471875 0.5890625 0.3765625 0.5890625
10 0.265625 0.521875 0.38125 0.521875 0.38125 0.6 0.265625 0.6
10 0.2734375 0.359375 0.3765625 0.359375 0.3765625 0.4484375 0.2734375 0.4484375
10 0.159375 0.353125 0.28125 0.353125 0.28125 0.4453125 0.159375 0.4453125
7 0.046875 0.371875 0.184375 0.371875 0.184375 0.453125 0.046875 0.453125
7 0.15 0.4515625 0.2796875 0.4515625 0.2796875 0.5234375 0.15 0.5234375
7 0.571875 0.45625 0.659375 0.45625 0.659375 0.525 0.571875 0.525
7 0.6703125 0.3734375 0.7703125 0.3734375 0.7703125 0.446875 0.6703125 0.446875
7 0.471875 0.3671875 0.565625 0.3671875 0.565625 0.453125 0.471875 0.453125
9 0.0875 0.15625 0.175 0.15625 0.175 0.21875 0.0875 0.21875
9 0.096875 0.24375 0.18125 0.24375 0.18125 0.3 0.096875 0.3
9 0.190625 0.2359375 0.278125 0.2359375 0.278125 0.3046875 0.190625 0.3046875
9 0.278125 0.2390625 0.3609375 0.2390625 0.3609375 0.30625 0.278125 0.30625
9 0.38125 0.2453125 0.471875 0.2453125 0.471875 0.303125 0.38125 0.303125
9 0.475 0.2390625 0.55625 0.2390625 0.55625 0.3109375 0.475 0.3109375
9 0.571875 0.2453125 0.65625 0.2453125 0.65625 0.3046875 0.571875 0.3046875
9 0.659375 0.246875 0.74375 0.246875 0.74375 0.309375 0.659375 0.309375
9 0.7671875 0.240625 0.8515625 0.240625 0.8515625 0.3046875 0.7671875 0.3046875
9 0.571875 0.6046875 0.659375 0.6046875 0.659375 0.653125 0.571875 0.653125
9 0.471875 0.596875 0.546875 0.596875 0.546875 0.65625 0.471875 0.65625
6 0.175 0.528125 0.275 0.528125 0.275 0.584375 0.175 0.584375
6 0.0609375 0.528125 0.171875 0.528125 0.171875 0.6 0.0609375 0.6
6 0.66875 0.53125 0.7546875 0.53125 0.7546875 0.596875 0.66875 0.596875
6 0.478125 0.528125 0.5578125 0.528125 0.5578125 0.5921875 0.478125 0.5921875