7 0.7546875 0.46875 0.8578125 0.46875 0.8578125 0.528125 0.7546875 0.528125
7 0.7640625 0.1828125 0.875 0.1828125 0.875 0.271875 0.7640625 0.271875
7 0.1078125 0.409375 0.2234375 0.409375 0.2234375 0.475 0.1078125 0.475
7 0.203125 0.475 0.30625 0.475 0.30625 0.5375 0.203125 0.5375
7 0.4828125 0.328125 0.5671875 0.328125 0.5671875 0.403125 0.4828125 0.403125
6 0.303125 0.6703125 0.39375 0.6703125 0.39375 0.740625 0.303125 0.740625
6 0.1125 0.54375 0.2078125 0.54375 0.2078125 0.6046875 0.1125 0.6046875
6 0.665625 0.6015625 0.74375 0.6015625 0.74375 0.6609375 0.665625 0.6609375
6 0.665625 0.4765625 0.7453125 0.4765625 0.7453125 0.53125 0.665625 0.53125
10 0.74375 0.3234375 0.846875 0.3234375 0.846875 0.403125 0.74375 0.403125
10 0.4 0.603125 0.4875 0.603125 0.4875 0.66875 0.4 0.66875
10 0.29375 0.603125 0.390625 0.603125 0.390625 0.66875 0.29375 0.66875
10 0.10625 0.18125 0.215625 0.18125 0.215625 0.278125 0.10625 0.278125
10 0.771875 0.5390625 0.884375 0.5390625 0.884375 0.5984375 0.771875 0.5984375
10 0.7609375 0.6671875 0.8765625 0.6671875 0.8765625 0.7421875 0.7609375 0.7421875
10 0.659375 0.184375 0.75625 0.184375 0.75625 0.2796875 0.659375 0.2796875
9 0.565625 0.49375 0.63125 0.49375 0.63125 0.540625 0.565625 0.540625
9 0.4921875 0.54375 0.553125 0.54375 0.553125 0.596875 0.4921875 0.596875
9 0.5734375 0.6734375 0.6359375 0.6734375 0.6359375 0.7328125 0.5734375 0.7328125
9 0.5828125 0.6140625 0.6453125 0.6140625 0.6453125 0.6578125 0.5828125 0.6578125
9 0.578125 0.278125 0.6484375 0.278125 0.6484375 0.3390625 0.578125 0.3390625
9 0.7484375 0.2765625 0.81875 0.2765625 0.81875 0.33125 0.7484375 0.33125
9 0.4046875 0.284375 0.475 0.284375 0.475 0.33125 0.4046875 0.33125
9 0.225 0.2859375 0.2984375 0.2859375 0.2984375 0.346875 0.225 0.346875
9 0.31875 0.4171875 0.3875 0.4171875 0.3875 0.465625 0.31875 0.465625
9 0.221875 0.353125 0.3 0.353125 0.3 0.41875 0.221875 0.41875
9 0.1390625 0.284375 0.2140625 0.284375 0.2140625 0.3375 0.1390625 0.3375
4 0.571875 0.396875 0.65625 0.396875 0.65625 0.4703125 0.571875 0.4703125
4 0.39375 0.3296875 0.46875 0.3296875 0.46875 0.4109375 0.39375 0.4109375
4 0.203125 0.6703125 0.309375 0.6703125 0.309375 0.740625 0.203125 0.740625
4 0.103125 0.6671875 0.21875 0.6671875 0.21875 0.7484375 0.103125 0.7484375
1 0.4046875 0.478125 0.4765625 0.478125 0.4765625 0.5390625 0.4046875 0.5390625