10 0.4703125 0.4328125 0.5671875 0.4328125 0.5671875 0.5203125 0.4703125 0.5203125
10 0.653125 0.4421875 0.7671875 0.4421875 0.7671875 0.51875 0.653125 0.51875
10 0.565625 0.5203125 0.6625 0.5203125 0.6625 0.603125 0.565625 0.603125
10 0.56875 0.7 0.6703125 0.7 0.6703125 0.8203125 0.56875 0.8203125
10 0.2890625 0.6140625 0.38125 0.6140625 0.38125 0.715625 0.2890625 0.715625
10 0.065625 0.6140625 0.19375 0.6140625 0.19375 0.7203125 0.065625 0.7203125
10 0.4828125 0.1234375 0.571875 0.1234375 0.571875 0.234375 0.4828125 0.234375
10 0.484375 0.21875 0.571875 0.21875 0.571875 0.3265625 0.484375 0.3265625
10 0.6515625 0.6203125 0.7734375 0.6203125 0.7734375 0.703125 0.6515625 0.703125
7 0.1890625 0.528125 0.2828125 0.528125 0.2828125 0.6171875 0.1890625 0.6171875
7 0.284375 0.428125 0.4 0.428125 0.4 0.5296875 0.284375 0.5296875
7 0.559375 0.34375 0.678125 0.34375 0.678125 0.4375 0.559375 0.4375
7 0.7375 0.5203125 0.8625 0.5203125 0.8625 0.609375 0.7375 0.609375
7 0.2859375 0.8015625 0.36875 0.8015625 0.36875 0.934375 0.2859375 0.934375
7 0.065625 0.321875 0.19375 0.321875 0.19375 0.428125 0.065625 0.428125
7 0.378125 0.1140625 0.4703125 0.1140625 0.4703125 0.2484375 0.378125 0.2484375
7 0.471875 0.6140625 0.565625 0.6140625 0.565625 0.7078125 0.471875 0.7078125
4 0.5703125 0.1375 0.6671875 0.1375 0.6671875 0.253125 0.5703125 0.253125
4 0.7484375 0.3453125 0.86875 0.3453125 0.86875 0.421875 0.7484375 0.421875
4 0.746875 0.69375 0.875 0.69375 0.875 0.8015625 0.746875 0.8015625
4 0.378125 0.703125 0.465625 0.703125 0.465625 0.8171875 0.378125 0.8171875
4 0.0734375 0.709375 0.19375 0.709375 0.19375 0.8171875 0.0734375 0.8171875
4 0.746875 0.1375 0.86875 0.1375 0.86875 0.2484375 0.746875 0.2484375
1 0.1859375 0.221875 0.2796875 0.221875 0.2796875 0.3296875 0.1859375 0.3296875
1 0.2859375 0.1203125 0.3703125 0.1203125 0.3703125 0.240625 0.2859375 0.240625
1 0.2890625 0.3296875 0.371875 0.3296875 0.371875 0.41875 0.2890625 0.41875
1 0.384375 0.3359375 0.46875 0.3359375 0.46875 0.428125 0.384375 0.428125
1 0.059375 0.440625 0.1875 0.440625 0.1875 0.5296875 0.059375 0.5296875
1 0.740625 0.7921875 0.875 0.7921875 0.875 0.9125 0.740625 0.9125
1 0.4796875 0.7890625 0.5828125 0.7890625 0.5828125 0.921875 0.4796875 0.921875
1 0.178125 0.796875 0.275 0.796875 0.275 0.925 0.178125 0.925