10 0.678125 0.228125 0.778125 0.228125 0.778125 0.31875 0.678125 0.31875
10 0.5765625 0.225 0.6640625 0.225 0.6640625 0.3171875 0.5765625 0.3171875
10 0.0578125 0.23125 0.184375 0.23125 0.184375 0.31875 0.0578125 0.31875
10 0.1546875 0.4734375 0.2828125 0.4734375 0.2828125 0.5359375 0.1546875 0.5359375
10 0.678125 0.4 0.78125 0.4 0.78125 0.4625 0.678125 0.4625
10 0.6703125 0.4734375 0.7828125 0.4734375 0.7828125 0.5328125 0.6703125 0.5328125
10 0.475 0.6875 0.565625 0.6875 0.565625 0.775 0.475 0.775
7 0.2578125 0.2328125 0.3703125 0.2328125 0.3703125 0.3265625 0.2578125 0.3265625
7 0.053125 0.309375 0.1828125 0.309375 0.1828125 0.39375 0.053125 0.39375
7 0.0484375 0.5390625 0.178125 0.5390625 0.178125 0.6125 0.0484375 0.6125
7 0.2796875 0.6828125 0.3765625 0.6828125 0.3765625 0.76875 0.2796875 0.76875
7 0.678125 0.6203125 0.79375 0.6203125 0.79375 0.69375 0.678125 0.69375
6 0.49375 0.3296875 0.559375 0.3296875 0.559375 0.384375 0.49375 0.384375
6 0.28125 0.6078125 0.365625 0.6078125 0.365625 0.665625 0.28125 0.665625
6 0.05625 0.765625 0.1671875 0.765625 0.1671875 0.8453125 0.05625 0.8453125
6 0.6875 0.6921875 0.765625 0.6921875 0.765625 0.7609375 0.6875 0.7609375
4 0.4859375 0.546875 0.565625 0.546875 0.565625 0.609375 0.4859375 0.609375
4 0.378125 0.46875 0.465625 0.46875 0.465625 0.53125 0.378125 0.53125
4 0.3875 0.2265625 0.4703125 0.2265625 0.4703125 0.325 0.3875 0.325
4 0.58125 0.76875 0.6734375 0.76875 0.6734375 0.86875 0.58125 0.86875
1 0.4828125 0.3890625 0.5578125 0.3890625 0.5578125 0.45625 0.4828125 0.45625