3 0.2421875 0.60625 0.3078125 0.60625 0.3078125 0.678125 0.2421875 0.678125
3 0.3140625 0.51875 0.3671875 0.51875 0.3671875 0.5734375 0.3140625 0.5734375
3 0.315625 0.3921875 0.3859375 0.3921875 0.3859375 0.471875 0.315625 0.471875
3 0.4046875 0.06875 0.4578125 0.06875 0.4578125 0.16875 0.4046875 0.16875
3 0.475 0.1921875 0.5296875 0.1921875 0.5296875 0.2609375 0.475 0.2609375
3 0.7109375 0.0859375 0.7765625 0.0859375 0.7765625 0.175 0.7109375 0.175
3 0.715625 0.1859375 0.7765625 0.1859375 0.7765625 0.275 0.715625 0.275
3 0.628125 0.296875 0.6875 0.296875 0.6875 0.3734375 0.628125 0.3734375
3 0.5421875 0.3140625 0.60625 0.3140625 0.60625 0.3859375 0.5421875 0.3859375
3 0.6109375 0.415625 0.6828125 0.415625 0.6828125 0.49375 0.6109375 0.49375
3 0.465625 0.59375 0.5234375 0.59375 0.5234375 0.6625 0.465625 0.6625
3 0.39375 0.5921875 0.4421875 0.5921875 0.4421875 0.68125 0.39375 0.68125
3 0.2984375 0.6859375 0.3546875 0.6859375 0.3546875 0.7859375 0.2984375 0.7859375
3 0.384375 0.8125 0.44375 0.8125 0.44375 0.90625 0.384375 0.90625
3 0.6140625 0.8234375 0.6796875 0.8234375 0.6796875 0.9328125 0.6140625 0.9328125
4 0.7703125 0.6109375 0.8875 0.6109375 0.8875 0.7171875 0.7703125 0.7171875
8 0.628125 0.1765625 0.703125 0.1765625 0.703125 0.2765625 0.628125 0.2765625
8 0.540625 0.6015625 0.609375 0.6015625 0.609375 0.7015625 0.540625 0.7015625
2 0.459375 0.703125 0.51875 0.703125 0.51875 0.809375 0.459375 0.809375
2 0.6984375 0.390625 0.7890625 0.390625 0.7890625 0.4703125 0.6984375 0.4703125
2 0.553125 0.1671875 0.61875 0.1671875 0.61875 0.2765625 0.553125 0.2765625
2 0.396875 0.496875 0.45625 0.496875 0.45625 0.58125 0.396875 0.58125
5 0.540625 0.8171875 0.6 0.8171875 0.6 0.9265625 0.540625 0.9265625
5 0.703125 0.5046875 0.784375 0.5046875 0.784375 0.5890625 0.703125 0.5890625