5 0.475 0.553125 0.540625 0.553125 0.540625 0.621875 0.475 0.621875
5 0.45 0.209375 0.515625 0.209375 0.515625 0.2984375 0.45 0.2984375
5 0.34375 0.634375 0.415625 0.634375 0.415625 0.7109375 0.34375 0.7109375
0 0.5625 0.6296875 0.6234375 0.6296875 0.6234375 0.696875 0.5625 0.696875
0 0.2296875 0.5578125 0.3109375 0.5578125 0.3109375 0.621875 0.2296875 0.621875
1 0.4390625 0.4390625 0.515625 0.4390625 0.515625 0.509375 0.4390625 0.509375
7 0.5546875 0.428125 0.6328125 0.428125 0.6328125 0.50625 0.5546875 0.50625
5 0.1140625 0.23125 0.2109375 0.23125 0.2109375 0.3140625 0.1140625 0.3140625
5 0.234375 0.0953125 0.325 0.0953125 0.325 0.1921875 0.234375 0.1921875
1 0.7765625 0.40625 0.8890625 0.40625 0.8890625 0.490625 0.7765625 0.490625
0 0.7546875 0.1953125 0.8375 0.1953125 0.8375 0.2765625 0.7546875 0.2765625
3 0.66875 0.7375 0.728125 0.7375 0.728125 0.8046875 0.66875 0.8046875
3 0.6 0.746875 0.65625 0.746875 0.65625 0.815625 0.6 0.815625
3 0.484375 0.6265625 0.540625 0.6265625 0.540625 0.684375 0.484375 0.684375
3 0.3953125 0.746875 0.45 0.746875 0.45 0.815625 0.3953125 0.815625
3 0.4765625 0.8375 0.546875 0.8375 0.546875 0.9125 0.4765625 0.9125
3 0.35625 0.2328125 0.41875 0.2328125 0.41875 0.2953125 0.35625 0.2953125
3 0.1734375 0.753125 0.2453125 0.753125 0.2453125 0.821875 0.1734375 0.821875
3 0.1234375 0.1328125 0.2015625 0.1328125 0.2015625 0.20625 0.1234375 0.20625
3 0.146875 0.4515625 0.225 0.4515625 0.225 0.503125 0.146875 0.503125
3 0.0328125 0.38125 0.11875 0.38125 0.11875 0.43125 0.0328125 0.43125
4 0.3265625 0.5515625 0.428125 0.5515625 0.428125 0.628125 0.3265625 0.628125
4 0.21875 0.3328125 0.334375 0.3328125 0.334375 0.415625 0.21875 0.415625
4 0.24375 0.7546875 0.3484375 0.7546875 0.3484375 0.875 0.24375 0.875
5 0.0375 0.7625 0.140625 0.7625 0.140625 0.8515625 0.0375 0.8515625
2 0.01875 0.6609375 0.13125 0.6609375 0.13125 0.734375 0.01875 0.734375
2 0.034375 0.5484375 0.134375 0.5484375 0.134375 0.6296875 0.034375 0.6296875
6 0.353125 0.3421875 0.4234375 0.3421875 0.4234375 0.409375 0.353125 0.409375
6 0.259375 0.4515625 0.3421875 0.4515625 0.3421875 0.5109375 0.259375 0.5109375
6 0.521875 0.2296875 0.58125 0.2296875 0.58125 0.309375 0.521875 0.309375
6 0.1453125 0.5484375 0.240625 0.5484375 0.240625 0.609375 0.1453125 0.609375
6 0.2625 0.8703125 0.35 0.8703125 0.35 0.9703125 0.2625 0.9703125
10 0.4296875 0.3234375 0.50625 0.3234375 0.50625 0.4125 0.4296875 0.4125
8 0.534375 0.33125 0.60625 0.33125 0.60625 0.4078125 0.534375 0.4078125
8 0.4390625 0.0828125 0.5140625 0.0828125 0.5140625 0.178125 0.4390625 0.178125
8 0.3671875 0.85625 0.4484375 0.85625 0.4484375 0.959375 0.3671875 0.959375
8 0.4734375 0.734375 0.54375 0.734375 0.54375 0.8296875 0.4734375 0.8296875
9 0.0578125 0.453125 0.1375 0.453125 0.1375 0.503125 0.0578125 0.503125
9 0.0328125 0.2546875 0.1109375 0.2546875 0.1109375 0.3140625 0.0328125 0.3140625
9 0.1515625 0.3765625 0.2234375 0.3765625 0.2234375 0.434375 0.1515625 0.434375
9 0.05 0.878125 0.13125 0.878125 0.13125 0.953125 0.05 0.953125
9 0.1625 0.8734375 0.2375 0.8734375 0.2375 0.95 0.1625 0.95
1 0.1109375 0.6421875 0.2390625 0.6421875 0.2390625 0.7421875 0.1109375 0.7421875
2 0.2453125 0.2046875 0.321875 0.2046875 0.321875 0.3015625 0.2453125 0.3015625
7 0.3296875 0.43125 0.425 0.43125 0.425 0.50625 0.3296875 0.50625
11 0.0015625 0.115625 0.1 0.115625 0.1 0.20625 0.0015625 0.20625
9 0.3578125 0.11875 0.4171875 0.11875 0.4171875 0.196875 0.3578125 0.196875
9 0.7859375 0.8421875 0.85625 0.8421875 0.85625 0.9171875 0.7859375 0.9171875
9 0.7671875 0.3296875 0.8375 0.3296875 0.8375 0.39375 0.7671875 0.39375
9 0.7734375 0.5421875 0.8421875 0.5421875 0.8421875 0.603125 0.7734375 0.603125
9 0.640625 0.096875 0.7046875 0.096875 0.7046875 0.18125 0.640625 0.18125
9 0.6078125 0.8453125 0.6671875 0.8453125 0.6671875 0.91875 0.6078125 0.91875
11 0.58125 0.5296875 0.64375 0.5296875 0.64375 0.5953125 0.58125 0.5953125
11 0.65625 0.3 0.734375 0.3 0.734375 0.378125 0.65625 0.378125
8 0.6515625 0.2375 0.7390625 0.2375 0.7390625 0.315625 0.6515625 0.315625
8 0.6671875 0.6296875 0.74375 0.6296875 0.74375 0.7046875 0.6671875 0.7046875
6 0.775 0.6328125 0.865625 0.6328125 0.865625 0.7078125 0.775 0.7078125
11 0.546875 0.08125 0.615625 0.08125 0.615625 0.1828125 0.546875 0.1828125
2 0.76875 0.7515625 0.8484375 0.7515625 0.8484375 0.853125 0.76875 0.853125
0 0.678125 0.421875 0.759375 0.421875 0.759375 0.4828125 0.678125 0.4828125
0 0.6671875 0.5265625 0.74375 0.5265625 0.74375 0.5890625 0.6671875 0.5890625
10 0.7546875 0.053125 0.86875 0.053125 0.86875 0.1828125 0.7546875 0.1828125
7 0.6734375 0.8375 0.7703125 0.8375 0.7703125 0.975 0.6734375 0.975
10 0.2265625 0.6359375 0.340625 0.6359375 0.340625 0.7328125 0.2265625 0.7328125