5 0.35625 0.740625 0.4390625 0.740625 0.4390625 0.834375 0.35625 0.834375
5 0.25 0.74375 0.340625 0.74375 0.340625 0.853125 0.25 0.853125
0 0.734375 0.43125 0.83125 0.43125 0.83125 0.503125 0.734375 0.503125
0 0.7265625 0.5859375 0.8296875 0.5859375 0.8296875 0.65625 0.7265625 0.65625
1 0.0953125 0.525 0.2328125 0.525 0.2328125 0.609375 0.0953125 0.609375
1 0.103125 0.603125 0.240625 0.603125 0.240625 0.690625 0.103125 0.690625
1 0.121875 0.6828125 0.24375 0.6828125 0.24375 0.7765625 0.121875 0.7765625
1 0.10625 0.75625 0.240625 0.75625 0.240625 0.8578125 0.10625 0.8578125
2 0.828125 0.209375 0.934375 0.209375 0.934375 0.284375 0.828125 0.284375
2 0.81875 0.3625 0.940625 0.3625 0.940625 0.434375 0.81875 0.434375
2 0.8234375 0.5078125 0.9390625 0.5078125 0.9390625 0.5828125 0.8234375 0.5828125
2 0.8125 0.6609375 0.93125 0.6609375 0.93125 0.7328125 0.8125 0.7328125
3 0.625 0.290625 0.71875 0.290625 0.71875 0.353125 0.625 0.353125
3 0.6234375 0.36875 0.7078125 0.36875 0.7078125 0.4265625 0.6234375 0.4265625
3 0.628125 0.45 0.70625 0.45 0.70625 0.50625 0.628125 0.50625
3 0.640625 0.5265625 0.7125 0.5265625 0.7125 0.58125 0.640625 0.58125
3 0.628125 0.5984375 0.7125 0.5984375 0.7125 0.6640625 0.628125 0.6640625
3 0.628125 0.6734375 0.7203125 0.6734375 0.7203125 0.7296875 0.628125 0.7296875
3 0.6484375 0.7375 0.73125 0.7375 0.73125 0.8078125 0.6484375 0.8078125
4 0.0953125 0.446875 0.2234375 0.446875 0.2234375 0.521875 0.0953125 0.521875