9 0.134375 0.115625 0.209375 0.115625 0.209375 0.178125 0.134375 0.178125
9 0.5484375 0.1046875 0.6109375 0.1046875 0.6109375 0.171875 0.5484375 0.171875
9 0.73125 0.1015625 0.8 0.1015625 0.8 0.171875 0.73125 0.171875
9 0.259375 0.209375 0.3234375 0.209375 0.3234375 0.2734375 0.259375 0.2734375
9 0.81875 0.1859375 0.878125 0.1859375 0.878125 0.253125 0.81875 0.253125
9 0.165625 0.396875 0.2359375 0.396875 0.2359375 0.45 0.165625 0.45
9 0.2640625 0.409375 0.325 0.409375 0.325 0.4671875 0.2640625 0.4671875
8 0.2609375 0.10625 0.3421875 0.10625 0.3421875 0.190625 0.2609375 0.190625
8 0.4484375 0.1875 0.515625 0.1875 0.515625 0.2703125 0.4484375 0.2703125
8 0.6265625 0.2015625 0.703125 0.2015625 0.703125 0.2765625 0.6265625 0.2765625
8 0.5375 0.3828125 0.603125 0.3828125 0.603125 0.45 0.5375 0.45
8 0.2515625 0.4859375 0.3296875 0.4859375 0.3296875 0.55 0.2515625 0.55
8 0.8109375 0.4578125 0.90625 0.4578125 0.90625 0.5203125 0.8109375 0.5203125
8 0.44375 0.0703125 0.5078125 0.0703125 0.5078125 0.1546875 0.44375 0.1546875
6 0.1484375 0.190625 0.2296875 0.190625 0.2296875 0.2625 0.1484375 0.2625
6 0.1375 0.325 0.215625 0.325 0.215625 0.3859375 0.1375 0.3859375
6 0.4390625 0.3015625 0.4984375 0.3015625 0.4984375 0.3609375 0.4390625 0.3609375
6 0.55 0.303125 0.6140625 0.303125 0.6140625 0.365625 0.55 0.365625
6 0.615625 0.29375 0.6859375 0.29375 0.6859375 0.3578125 0.615625 0.3578125
11 0.621875 0.078125 0.6921875 0.078125 0.6921875 0.1609375 0.621875 0.1609375
11 0.4390625 0.4859375 0.5046875 0.4859375 0.5046875 0.55625 0.4390625 0.55625
11 0.715625 0.178125 0.8171875 0.178125 0.8171875 0.271875 0.715625 0.271875
10 0.7046875 0.3765625 0.8171875 0.3765625 0.8171875 0.4546875 0.7046875 0.4546875
7 0.7125 0.478125 0.8171875 0.478125 0.8171875 0.5546875 0.7125 0.5546875
3 0.3453125 0.0703125 0.4015625 0.0703125 0.4015625 0.1390625 0.3453125 0.1390625
3 0.5421875 0.2078125 0.5953125 0.2078125 0.5953125 0.2703125 0.5421875 0.2703125
3 0.2390625 0.29375 0.303125 0.29375 0.303125 0.353125 0.2390625 0.353125
3 0.715625 0.2921875 0.78125 0.2921875 0.78125 0.353125 0.715625 0.353125
3 0.34375 0.4171875 0.4 0.4171875 0.4 0.46875 0.34375 0.46875
3 0.45625 0.409375 0.5125 0.409375 0.5125 0.4640625 0.45625 0.4640625
3 0.6328125 0.4890625 0.6921875 0.4890625 0.6921875 0.5515625 0.6328125 0.5515625
3 0.8125 0.096875 0.8984375 0.096875 0.8984375 0.178125 0.8125 0.178125
0 0.34375 0.29375 0.409375 0.29375 0.409375 0.3546875 0.34375 0.3546875
0 0.5328125 0.4796875 0.5921875 0.4796875 0.5921875 0.540625 0.5328125 0.540625
0 0.3515625 0.209375 0.4203125 0.209375 0.4203125 0.2828125 0.3515625 0.2828125
5 0.809375 0.278125 0.903125 0.278125 0.903125 0.34375 0.809375 0.34375
5 0.159375 0.484375 0.234375 0.484375 0.234375 0.546875 0.159375 0.546875
5 0.3546875 0.4890625 0.421875 0.4890625 0.421875 0.55 0.3546875 0.55
2 0.615625 0.3890625 0.6984375 0.3890625 0.6984375 0.45 0.615625 0.45
1 0.8203125 0.3875 0.9359375 0.3875 0.9359375 0.453125 0.8203125 0.453125
1 0.1640625 0.603125 0.234375 0.603125 0.234375 0.6609375 0.1640625 0.6609375
3 0.265625 0.5953125 0.325 0.5953125 0.325 0.659375 0.265625 0.659375
3 0.6296875 0.565625 0.6859375 0.565625 0.6859375 0.625 0.6296875 0.625
3 0.7015625 0.5578125 0.7625 0.5578125 0.7625 0.6125 0.7015625 0.6125
3 0.453125 0.671875 0.5109375 0.671875 0.5109375 0.7328125 0.453125 0.7328125
3 0.7234375 0.665625 0.79375 0.665625 0.79375 0.7234375 0.7234375 0.7234375
5 0.5296875 0.578125 0.60625 0.578125 0.60625 0.6515625 0.5296875 0.6515625
5 0.803125 0.575 0.89375 0.575 0.89375 0.6484375 0.803125 0.6484375
11 0.3515625 0.5671875 0.4203125 0.5671875 0.4203125 0.6359375 0.3515625 0.6359375
11 0.45 0.5890625 0.5171875 0.5890625 0.5171875 0.6609375 0.45 0.6609375
9 0.54375 0.65 0.6046875 0.65 0.6046875 0.7109375 0.54375 0.7109375
7 0.45 0.7640625 0.5203125 0.7640625 0.5203125 0.8828125 0.45 0.8828125
7 0.6234375 0.74375 0.71875 0.74375 0.71875 0.8640625 0.6234375 0.8640625
7 0.159375 0.6796875 0.23125 0.6796875 0.23125 0.7703125 0.159375 0.7703125
0 0.63125 0.653125 0.7046875 0.653125 0.7046875 0.734375 0.63125 0.734375
0 0.25 0.6703125 0.321875 0.6703125 0.321875 0.7703125 0.25 0.7703125
4 0.2453125 0.7625 0.3296875 0.7625 0.3296875 0.8734375 0.2453125 0.8734375
4 0.8046875 0.7578125 0.915625 0.7578125 0.915625 0.871875 0.8046875 0.871875
2 0.3703125 0.76875 0.4390625 0.76875 0.4390625 0.8484375 0.3703125 0.8484375
2 0.353125 0.68125 0.425 0.68125 0.425 0.790625 0.353125 0.790625
1 0.796875 0.6546875 0.9125 0.6546875 0.9125 0.7546875 0.796875 0.7546875
1 0.7140625 0.7484375 0.8140625 0.7484375 0.8140625 0.8671875 0.7140625 0.8671875
0 0.5328125 0.7546875 0.590625 0.7546875 0.590625 0.8453125 0.5328125 0.8453125
0 0.165625 0.759375 0.2390625 0.759375 0.2390625 0.8453125 0.165625 0.8453125