11 0.809375 0.0328125 0.909375 0.0328125 0.909375 0.134375 0.809375 0.134375
11 0.7828125 0.471875 0.878125 0.471875 0.878125 0.5453125 0.7828125 0.5453125
11 0.303125 0.0703125 0.3859375 0.0703125 0.3859375 0.1671875 0.303125 0.1671875
11 0.10625 0.5765625 0.20625 0.5765625 0.20625 0.6421875 0.10625 0.6421875
10 0.6140625 0.571875 0.7015625 0.571875 0.7015625 0.665625 0.6140625 0.665625
10 0.4015625 0.775 0.490625 0.775 0.490625 0.89375 0.4015625 0.89375
10 0.290625 0.153125 0.3921875 0.153125 0.3921875 0.265625 0.290625 0.265625
9 0.40625 0.1640625 0.4765625 0.1640625 0.4765625 0.2375 0.40625 0.2375
8 0.59375 0.275 0.671875 0.275 0.671875 0.3609375 0.59375 0.3609375
8 0.50625 0.2703125 0.575 0.2703125 0.575 0.35625 0.50625 0.35625
8 0.7078125 0.765625 0.8 0.765625 0.8 0.865625 0.7078125 0.865625
8 0.7984375 0.66875 0.9046875 0.66875 0.9046875 0.74375 0.7984375 0.74375
8 0.1953125 0.375 0.2921875 0.375 0.2921875 0.4578125 0.1953125 0.4578125
8 0.10625 0.49375 0.221875 0.49375 0.221875 0.559375 0.10625 0.559375
7 0.703125 0.128125 0.8078125 0.128125 0.8078125 0.246875 0.703125 0.246875
7 0.4265625 0.584375 0.5046875 0.584375 0.5046875 0.6765625 0.4265625 0.6765625
7 0.5171875 0.7703125 0.5984375 0.7703125 0.5984375 0.896875 0.5171875 0.896875
6 0.109375 0.39375 0.20625 0.39375 0.20625 0.4625 0.109375 0.4625
6 0.60625 0.4859375 0.68125 0.4859375 0.68125 0.546875 0.60625 0.546875
6 0.6296875 0.675 0.6984375 0.675 0.6984375 0.753125 0.6296875 0.753125
6 0.821875 0.7578125 0.9203125 0.7578125 0.9203125 0.846875 0.821875 0.846875
6 0.809375 0.1703125 0.9046875 0.1703125 0.9046875 0.2546875 0.809375 0.2546875
6 0.4203125 0.6828125 0.4859375 0.6828125 0.4859375 0.7640625 0.4203125 0.7640625
5 0.8046875 0.284375 0.909375 0.284375 0.909375 0.365625 0.8046875 0.365625
5 0.8 0.5921875 0.90625 0.5921875 0.90625 0.6640625 0.8 0.6640625
5 0.8078125 0.4015625 0.9015625 0.4015625 0.9015625 0.471875 0.8078125 0.471875
5 0.509375 0.05625 0.584375 0.05625 0.584375 0.159375 0.509375 0.159375
5 0.315625 0.2859375 0.396875 0.2859375 0.396875 0.3671875 0.315625 0.3671875
5 0.2171875 0.1671875 0.30625 0.1671875 0.30625 0.2609375 0.2171875 0.2609375
4 0.29375 0.66875 0.390625 0.66875 0.390625 0.784375 0.29375 0.784375
4 0.6125 0.7828125 0.709375 0.7828125 0.709375 0.9171875 0.6125 0.9171875
4 0.075 0.6734375 0.2 0.6734375 0.2 0.7796875 0.075 0.7796875
3 0.51875 0.5078125 0.571875 0.5078125 0.571875 0.5546875 0.51875 0.5546875
2 0.203125 0.0625 0.2875 0.0625 0.2875 0.1734375 0.203125 0.1734375
2 0.6015625 0.371875 0.6765625 0.371875 0.6765625 0.4421875 0.6015625 0.4421875
2 0.403125 0.478125 0.478125 0.478125 0.478125 0.565625 0.403125 0.565625
2 0.21875 0.490625 0.3078125 0.490625 0.3078125 0.565625 0.21875 0.565625
1 0.496875 0.384375 0.578125 0.384375 0.578125 0.459375 0.496875 0.459375
1 0.525 0.565625 0.6 0.565625 0.6 0.65625 0.525 0.65625
1 0.690625 0.275 0.7984375 0.275 0.7984375 0.36875 0.690625 0.36875
0 0.715625 0.3890625 0.796875 0.3890625 0.796875 0.4515625 0.715625 0.4515625
0 0.4140625 0.2875 0.4859375 0.2875 0.4859375 0.3515625 0.4140625 0.3515625
0 0.303125 0.4015625 0.384375 0.4015625 0.384375 0.46875 0.303125 0.46875
0 0.2171875 0.5921875 0.3015625 0.5921875 0.3015625 0.659375 0.2171875 0.659375
0 0.2125 0.3 0.3046875 0.3 0.3046875 0.36875 0.2125 0.36875
3 0.1125 0.075 0.190625 0.075 0.190625 0.1546875 0.1125 0.1546875