11 0.809375 0.7375 0.9125 0.7375 0.9125 0.80625 0.809375 0.80625
11 0.778125 0.1546875 0.8953125 0.1546875 0.8953125 0.2390625 0.778125 0.2390625
11 0.56875 0.565625 0.6453125 0.565625 0.6453125 0.634375 0.56875 0.634375
11 0.46875 0.6390625 0.571875 0.6390625 0.571875 0.7125 0.46875 0.7125
9 0.68125 0.7234375 0.775 0.7234375 0.775 0.7953125 0.68125 0.7953125
9 0.678125 0.6421875 0.7625 0.6421875 0.7625 0.7109375 0.678125 0.7109375
9 0.68125 0.565625 0.75625 0.565625 0.75625 0.634375 0.68125 0.634375
9 0.6796875 0.490625 0.7671875 0.490625 0.7671875 0.5546875 0.6796875 0.5546875
9 0.68125 0.4140625 0.765625 0.4140625 0.765625 0.4875 0.68125 0.4875
9 0.68125 0.3453125 0.759375 0.3453125 0.759375 0.409375 0.68125 0.409375
9 0.6859375 0.2625 0.759375 0.2625 0.759375 0.325 0.6859375 0.325
9 0.671875 0.1921875 0.746875 0.1921875 0.746875 0.2578125 0.671875 0.2578125
9 0.578125 0.2640625 0.6453125 0.2640625 0.6453125 0.334375 0.578125 0.334375
9 0.4765625 0.721875 0.5484375 0.721875 0.5484375 0.78125 0.4765625 0.78125
9 0.5890625 0.646875 0.6609375 0.646875 0.6609375 0.709375 0.5890625 0.709375
8 0.5859375 0.7265625 0.6734375 0.7265625 0.6734375 0.8109375 0.5859375 0.8109375
8 0.7734375 0.565625 0.9046875 0.565625 0.9046875 0.6375 0.7734375 0.6375
8 0.7890625 0.3359375 0.884375 0.3359375 0.884375 0.4078125 0.7890625 0.4078125
8 0.565625 0.1625 0.65625 0.1625 0.65625 0.253125 0.565625 0.253125
6 0.7765625 0.64375 0.884375 0.64375 0.884375 0.7234375 0.7765625 0.7234375
6 0.78125 0.2421875 0.878125 0.2421875 0.878125 0.3140625 0.78125 0.3140625
6 0.5796875 0.3359375 0.6640625 0.3359375 0.6640625 0.4046875 0.5796875 0.4046875
6 0.4703125 0.55625 0.5546875 0.55625 0.5546875 0.6359375 0.4703125 0.6359375
6 0.5671875 0.490625 0.665625 0.490625 0.665625 0.559375 0.5671875 0.559375
7 0.778125 0.4890625 0.9046875 0.4890625 0.9046875 0.559375 0.778125 0.559375
5 0.0546875 0.71875 0.159375 0.71875 0.159375 0.7953125 0.0546875 0.7953125
5 0.053125 0.1875 0.175 0.1875 0.175 0.26875 0.053125 0.26875
0 0.075 0.646875 0.1625 0.646875 0.1625 0.709375 0.075 0.709375
0 0.0390625 0.26875 0.1640625 0.26875 0.1640625 0.3484375 0.0390625 0.3484375
0 0.2765625 0.19375 0.3453125 0.19375 0.3453125 0.2671875 0.2765625 0.2671875
0 0.2828125 0.26875 0.365625 0.26875 0.365625 0.34375 0.2828125 0.34375
0 0.2734375 0.340625 0.359375 0.340625 0.359375 0.4171875 0.2734375 0.4171875
0 0.175 0.4140625 0.2625 0.4140625 0.2625 0.4984375 0.175 0.4984375
0 0.0640625 0.49375 0.178125 0.49375 0.178125 0.5609375 0.0640625 0.5609375
3 0.1984375 0.7234375 0.2671875 0.7234375 0.2671875 0.7859375 0.1984375 0.7859375
3 0.184375 0.64375 0.2578125 0.64375 0.2578125 0.7125 0.184375 0.7125
3 0.190625 0.5609375 0.2625 0.5609375 0.2625 0.6234375 0.190625 0.6234375
3 0.184375 0.496875 0.271875 0.496875 0.271875 0.546875 0.184375 0.546875
3 0.190625 0.3515625 0.2625 0.3515625 0.2625 0.40625 0.190625 0.40625
3 0.1875 0.278125 0.2625 0.278125 0.2625 0.34375 0.1875 0.34375
3 0.1765625 0.16875 0.2578125 0.16875 0.2578125 0.2609375 0.1765625 0.2609375
2 0.0515625 0.5703125 0.1640625 0.5703125 0.1640625 0.634375 0.0515625 0.634375
2 0.059375 0.4203125 0.15625 0.4203125 0.15625 0.4859375 0.059375 0.4859375
2 0.034375 0.3515625 0.171875 0.3515625 0.171875 0.4078125 0.034375 0.4078125