5 0.1 0.115625 0.190625 0.115625 0.190625 0.203125 0.1 0.203125
10 0.196875 0.0953125 0.29375 0.0953125 0.29375 0.2109375 0.196875 0.2109375
6 0.38125 0.090625 0.45 0.090625 0.45 0.18125 0.38125 0.18125
1 0.471875 0.08125 0.55625 0.08125 0.55625 0.2046875 0.471875 0.2046875
4 0.5765625 0.053125 0.659375 0.053125 0.659375 0.18125 0.5765625 0.18125
6 0.6734375 0.096875 0.75625 0.096875 0.75625 0.184375 0.6734375 0.184375
7 0.0546875 0.1953125 0.178125 0.1953125 0.178125 0.296875 0.0546875 0.296875
8 0.1859375 0.221875 0.2796875 0.221875 0.2796875 0.3015625 0.1859375 0.3015625
1 0.2984375 0.19375 0.384375 0.19375 0.384375 0.29375 0.2984375 0.29375
3 0.425 0.225 0.4875 0.225 0.4875 0.290625 0.425 0.290625
11 0.578125 0.2109375 0.6484375 0.2109375 0.6484375 0.2984375 0.578125 0.2984375
3 0.665625 0.2203125 0.728125 0.2203125 0.728125 0.2875 0.665625 0.2875
5 0.221875 0.315625 0.3015625 0.315625 0.3015625 0.390625 0.221875 0.390625
2 0.309375 0.3390625 0.390625 0.3390625 0.390625 0.4109375 0.309375 0.4109375
5 0.4109375 0.325 0.4828125 0.325 0.4828125 0.4015625 0.4109375 0.4015625
8 0.4953125 0.3015625 0.575 0.3015625 0.575 0.3765625 0.4953125 0.3765625
0 0.6953125 0.3 0.7703125 0.3 0.7703125 0.375 0.6953125 0.375
5 0.103125 0.4234375 0.2015625 0.4234375 0.2015625 0.490625 0.103125 0.490625
9 0.2375 0.4234375 0.3078125 0.4234375 0.3078125 0.4890625 0.2375 0.4890625
6 0.40625 0.4125 0.478125 0.4125 0.478125 0.490625 0.40625 0.490625
11 0.490625 0.40625 0.55625 0.40625 0.55625 0.471875 0.490625 0.471875
9 0.671875 0.4125 0.7421875 0.4125 0.7421875 0.475 0.671875 0.475
5 0.771875 0.390625 0.8609375 0.390625 0.8609375 0.4625 0.771875 0.4625
4 0.190625 0.509375 0.3015625 0.509375 0.3015625 0.584375 0.190625 0.584375
8 0.309375 0.490625 0.3875 0.490625 0.3875 0.5625 0.309375 0.5625
11 0.4109375 0.5171875 0.4828125 0.5171875 0.4828125 0.59375 0.4109375 0.59375
2 0.4953125 0.4875 0.5703125 0.4875 0.5703125 0.5625 0.4953125 0.5625
0 0.5921875 0.503125 0.6640625 0.503125 0.6640625 0.56875 0.5921875 0.56875
0 0.675 0.478125 0.753125 0.478125 0.753125 0.540625 0.675 0.540625
7 0.7609375 0.496875 0.8765625 0.496875 0.8765625 0.5875 0.7609375 0.5875
9 0.240625 0.59375 0.315625 0.59375 0.315625 0.66875 0.240625 0.66875
8 0.390625 0.596875 0.471875 0.596875 0.471875 0.671875 0.390625 0.671875
3 0.5046875 0.5890625 0.565625 0.5890625 0.565625 0.64375 0.5046875 0.64375
6 0.59375 0.6015625 0.6734375 0.6015625 0.6734375 0.6765625 0.59375 0.6765625
10 0.76875 0.5859375 0.884375 0.5859375 0.884375 0.6796875 0.76875 0.6796875
8 0.1125 0.6890625 0.215625 0.6890625 0.215625 0.7765625 0.1125 0.7765625
11 0.21875 0.6890625 0.303125 0.6890625 0.303125 0.771875 0.21875 0.771875
5 0.309375 0.684375 0.3859375 0.684375 0.3859375 0.7671875 0.309375 0.7671875
2 0.421875 0.690625 0.49375 0.690625 0.49375 0.765625 0.421875 0.765625
8 0.503125 0.675 0.56875 0.675 0.56875 0.765625 0.503125 0.765625
1 0.6 0.675 0.6875 0.675 0.6875 0.775 0.6 0.775
0 0.76875 0.66875 0.85625 0.66875 0.85625 0.75 0.76875 0.75
2 0.1328125 0.7765625 0.2203125 0.7765625 0.2203125 0.8609375 0.1328125 0.8609375
6 0.221875 0.7890625 0.296875 0.7890625 0.296875 0.8734375 0.221875 0.8734375
10 0.303125 0.7875 0.396875 0.7875 0.396875 0.9078125 0.303125 0.9078125
6 0.409375 0.775 0.48125 0.775 0.48125 0.871875 0.409375 0.871875
7 0.515625 0.775 0.596875 0.775 0.596875 0.9 0.515625 0.9
0 0.6921875 0.7796875 0.76875 0.7796875 0.76875 0.8734375 0.6921875 0.8734375
4 0.7875 0.75625 0.896875 0.75625 0.896875 0.878125 0.7875 0.878125