10 0.81875 0.075 0.940625 0.075 0.940625 0.20625 0.81875 0.20625
0 0.8265625 0.2203125 0.9203125 0.2203125 0.9203125 0.30625 0.8265625 0.30625
5 0.8015625 0.3421875 0.8921875 0.3421875 0.8921875 0.4109375 0.8015625 0.4109375
8 0.8078125 0.5234375 0.896875 0.5234375 0.896875 0.60625 0.8078125 0.60625
5 0.8125 0.709375 0.9078125 0.709375 0.9078125 0.79375 0.8125 0.79375
0 0.715625 0.1203125 0.7875 0.1203125 0.7875 0.2125 0.715625 0.2125
0 0.7 0.2265625 0.78125 0.2265625 0.78125 0.3109375 0.7 0.3109375
8 0.709375 0.4203125 0.8 0.4203125 0.8 0.4953125 0.709375 0.4953125
2 0.715625 0.5046875 0.79375 0.5046875 0.79375 0.5703125 0.715625 0.5703125
10 0.709375 0.625 0.8125 0.625 0.8125 0.7140625 0.709375 0.7140625
11 0.703125 0.7140625 0.7859375 0.7140625 0.7859375 0.7875 0.703125 0.7875
8 0.7046875 0.7921875 0.7890625 0.7921875 0.7890625 0.8890625 0.7046875 0.8890625
7 0.6125 0.20625 0.6953125 0.20625 0.6953125 0.3046875 0.6125 0.3046875
6 0.6109375 0.3140625 0.6859375 0.3140625 0.6859375 0.3984375 0.6109375 0.3984375
8 0.6296875 0.5234375 0.7015625 0.5234375 0.7015625 0.5953125 0.6296875 0.5953125
9 0.615625 0.6859375 0.6734375 0.6859375 0.6734375 0.75625 0.615625 0.75625
8 0.6265625 0.803125 0.7 0.803125 0.7 0.903125 0.6265625 0.903125
3 0.540625 0.225 0.596875 0.225 0.596875 0.296875 0.540625 0.296875
0 0.534375 0.3140625 0.59375 0.3140625 0.59375 0.3890625 0.534375 0.3890625
2 0.515625 0.4140625 0.5828125 0.4140625 0.5828125 0.484375 0.515625 0.484375
11 0.540625 0.5078125 0.60625 0.5078125 0.60625 0.575 0.540625 0.575
1 0.5046875 0.590625 0.5890625 0.590625 0.5890625 0.6921875 0.5046875 0.6921875
2 0.515625 0.6984375 0.5875 0.6984375 0.5875 0.7734375 0.515625 0.7734375
6 0.5203125 0.79375 0.5828125 0.79375 0.5828125 0.88125 0.5203125 0.88125
5 0.425 0.11875 0.4890625 0.11875 0.4890625 0.2171875 0.425 0.2171875
9 0.44375 0.24375 0.503125 0.24375 0.503125 0.3078125 0.44375 0.3078125
4 0.4296875 0.3125 0.50625 0.3125 0.50625 0.4015625 0.4296875 0.4015625
11 0.425 0.425 0.4953125 0.425 0.4953125 0.496875 0.425 0.496875
6 0.4375 0.509375 0.50625 0.509375 0.50625 0.56875 0.4375 0.56875
7 0.4046875 0.603125 0.4859375 0.603125 0.4859375 0.7015625 0.4046875 0.7015625
9 0.44375 0.678125 0.4984375 0.678125 0.4984375 0.75 0.44375 0.75
5 0.4265625 0.784375 0.4953125 0.784375 0.4953125 0.884375 0.4265625 0.884375
0 0.3265625 0.203125 0.4109375 0.203125 0.4109375 0.28125 0.3265625 0.28125
6 0.328125 0.4078125 0.4046875 0.4078125 0.4046875 0.484375 0.328125 0.484375
7 0.30625 0.5109375 0.4015625 0.5109375 0.4015625 0.5921875 0.30625 0.5921875
2 0.346875 0.596875 0.425 0.596875 0.425 0.671875 0.346875 0.671875
10 0.3140625 0.771875 0.4140625 0.771875 0.4140625 0.8984375 0.3140625 0.8984375
4 0.2 0.0875 0.31875 0.0875 0.31875 0.2 0.2 0.2
3 0.253125 0.2515625 0.315625 0.2515625 0.315625 0.309375 0.253125 0.309375
11 0.234375 0.3296875 0.31875 0.3296875 0.31875 0.4015625 0.234375 0.4015625
3 0.2515625 0.496875 0.315625 0.496875 0.315625 0.546875 0.2515625 0.546875
1 0.2 0.584375 0.315625 0.584375 0.315625 0.6734375 0.2 0.6734375
8 0.2140625 0.7 0.3 0.7 0.3 0.796875 0.2140625 0.796875
6 0.1328125 0.221875 0.2203125 0.221875 0.2203125 0.3 0.1328125 0.3
6 0.11875 0.5140625 0.2125 0.5140625 0.2125 0.58125 0.11875 0.58125
4 0.0796875 0.3125 0.2203125 0.3125 0.2203125 0.4 0.0796875 0.4
1 0.10625 0.4171875 0.23125 0.4171875 0.23125 0.5 0.10625 0.5
5 0.128125 0.60625 0.2140625 0.60625 0.2140625 0.678125 0.128125 0.678125
5 0.121875 0.7734375 0.215625 0.7734375 0.215625 0.859375 0.121875 0.859375