5 0.425 0.74375 0.509375 0.74375 0.509375 0.8375 0.425 0.8375
5 0.3078125 0.66875 0.403125 0.66875 0.403125 0.7375 0.3078125 0.7375
5 0.4171875 0.5859375 0.50625 0.5859375 0.50625 0.6546875 0.4171875 0.6546875
5 0.3125 0.5078125 0.4015625 0.5078125 0.4015625 0.5765625 0.3125 0.5765625
5 0.428125 0.4265625 0.51875 0.4265625 0.51875 0.4921875 0.428125 0.4921875
5 0.1875 0.4296875 0.2984375 0.4296875 0.2984375 0.4953125 0.1875 0.4953125
5 0.309375 0.3171875 0.4015625 0.3171875 0.4015625 0.3875 0.309375 0.3875
5 0.0765625 0.3390625 0.196875 0.3390625 0.196875 0.403125 0.0765625 0.403125
5 0.1984375 0.253125 0.2984375 0.253125 0.2984375 0.33125 0.1984375 0.33125
5 0.059375 0.2578125 0.184375 0.2578125 0.184375 0.328125 0.059375 0.328125
5 0.065625 0.16875 0.1984375 0.16875 0.1984375 0.25 0.065625 0.25