8 0.640625 0.1171875 0.6859375 0.1171875 0.6859375 0.2171875 0.640625 0.2171875
8 0.48125 0.3171875 0.525 0.3171875 0.525 0.41875 0.48125 0.41875
8 0.6265625 0.534375 0.6671875 0.534375 0.6671875 0.64375 0.6265625 0.64375
8 0.3921875 0.525 0.43125 0.525 0.43125 0.64375 0.3921875 0.64375
8 0.4359375 0.634375 0.4765625 0.634375 0.4765625 0.7359375 0.4359375 0.7359375
8 0.5734375 0.83125 0.6203125 0.83125 0.6203125 0.921875 0.5734375 0.921875
11 0.4796875 0.1265625 0.51875 0.1265625 0.51875 0.23125 0.4796875 0.23125
11 0.6859375 0.34375 0.734375 0.34375 0.734375 0.45 0.6859375 0.45
11 0.6734375 0.53125 0.7171875 0.53125 0.7171875 0.6375 0.6734375 0.6375
11 0.4890625 0.5453125 0.5234375 0.5453125 0.5234375 0.653125 0.4890625 0.653125
11 0.53125 0.54375 0.56875 0.54375 0.56875 0.646875 0.53125 0.646875
11 0.3953125 0.603125 0.434375 0.603125 0.434375 0.7140625 0.3953125 0.7140625
9 0.596875 0.228125 0.628125 0.228125 0.628125 0.309375 0.596875 0.309375
9 0.6828125 0.434375 0.7171875 0.434375 0.7171875 0.515625 0.6828125 0.515625
9 0.44375 0.521875 0.475 0.521875 0.475 0.60625 0.44375 0.60625
9 0.340625 0.55 0.375 0.55 0.375 0.63125 0.340625 0.63125
9 0.5265625 0.725 0.5546875 0.725 0.5546875 0.81875 0.5265625 0.81875
9 0.490625 0.834375 0.51875 0.834375 0.51875 0.93125 0.490625 0.93125
9 0.634375 0.8296875 0.6703125 0.8296875 0.6703125 0.9203125 0.634375 0.9203125
6 0.5265625 0.0953125 0.565625 0.0953125 0.565625 0.1953125 0.5265625 0.1953125
6 0.325 0.1109375 0.3640625 0.1109375 0.3640625 0.2109375 0.325 0.2109375
6 0.321875 0.2265625 0.3609375 0.2265625 0.3609375 0.325 0.321875 0.325
6 0.3328125 0.3640625 0.3734375 0.3640625 0.3734375 0.4609375 0.3328125 0.4609375
6 0.5296875 0.3296875 0.5703125 0.3296875 0.5703125 0.43125 0.5296875 0.43125
6 0.478125 0.240625 0.51875 0.240625 0.51875 0.328125 0.478125 0.328125
7 0.38125 0.228125 0.4296875 0.228125 0.4296875 0.359375 0.38125 0.359375
7 0.378125 0.353125 0.4234375 0.353125 0.4234375 0.478125 0.378125 0.478125
10 0.6203125 0.6296875 0.66875 0.6296875 0.66875 0.7671875 0.6203125 0.7671875
10 0.4796875 0.6359375 0.51875 0.6359375 0.51875 0.778125 0.4796875 0.778125
7 0.4359375 0.7140625 0.4765625 0.7140625 0.4765625 0.853125 0.4359375 0.853125
5 0.5859375 0.109375 0.6265625 0.109375 0.6265625 0.203125 0.5859375 0.203125
5 0.4234375 0.0984375 0.459375 0.0984375 0.459375 0.2109375 0.4234375 0.2109375
5 0.5328125 0.221875 0.575 0.221875 0.575 0.321875 0.5328125 0.321875
5 0.6375 0.2109375 0.6828125 0.2109375 0.6828125 0.315625 0.6375 0.315625
5 0.584375 0.4375 0.625 0.4375 0.625 0.5375 0.584375 0.5375
5 0.3390625 0.425 0.38125 0.425 0.38125 0.525 0.3390625 0.525
5 0.334375 0.6171875 0.371875 0.6171875 0.371875 0.71875 0.334375 0.71875
5 0.584375 0.6375 0.625 0.6375 0.625 0.740625 0.584375 0.740625
2 0.4265625 0.234375 0.465625 0.234375 0.465625 0.3421875 0.4265625 0.3421875
2 0.525 0.428125 0.5671875 0.428125 0.5671875 0.5375 0.525 0.5375
2 0.3828125 0.4359375 0.4265625 0.4359375 0.4265625 0.5296875 0.3828125 0.5296875
2 0.5734375 0.540625 0.6140625 0.540625 0.6140625 0.6375 0.5734375 0.6375
0 0.6296875 0.3328125 0.675 0.3328125 0.675 0.41875 0.6296875 0.41875
0 0.425 0.3375 0.4609375 0.3375 0.4609375 0.4390625 0.425 0.4390625
0 0.4734375 0.4359375 0.5140625 0.4359375 0.5140625 0.5421875 0.4734375 0.5421875
0 0.6828125 0.6578125 0.7203125 0.6578125 0.7203125 0.7671875 0.6828125 0.7671875
0 0.6234375 0.7359375 0.6640625 0.7359375 0.6640625 0.8390625 0.6234375 0.8390625
0 0.4875 0.7296875 0.525 0.7296875 0.525 0.8390625 0.4875 0.8390625
1 0.428125 0.44375 0.4734375 0.44375 0.4734375 0.575 0.428125 0.575
1 0.528125 0.6328125 0.571875 0.6328125 0.571875 0.7671875 0.528125 0.7671875
4 0.5375 0.80625 0.5765625 0.80625 0.5765625 0.953125 0.5375 0.953125
4 0.571875 0.31875 0.6203125 0.31875 0.6203125 0.44375 0.571875 0.44375
4 0.6890625 0.2171875 0.740625 0.2171875 0.740625 0.3515625 0.6890625 0.3515625
10 0.3734375 0.103125 0.4203125 0.103125 0.4203125 0.2375 0.3734375 0.2375
1 0.575 0.728125 0.609375 0.728125 0.609375 0.8578125 0.575 0.8578125