3 0.6140625 0.3125 0.6671875 0.3125 0.6671875 0.375 0.6140625 0.375
3 0.4046875 0.1015625 0.4546875 0.1015625 0.4546875 0.1875 0.4046875 0.1875
3 0.2453125 0.2140625 0.315625 0.2140625 0.315625 0.2859375 0.2453125 0.2859375
3 0.403125 0.3109375 0.45625 0.3109375 0.45625 0.3796875 0.403125 0.3796875
3 0.46875 0.521875 0.51875 0.521875 0.51875 0.590625 0.46875 0.590625
3 0.3296875 0.5203125 0.3828125 0.5203125 0.3828125 0.5828125 0.3296875 0.5828125
3 0.2484375 0.51875 0.3078125 0.51875 0.3078125 0.584375 0.2484375 0.584375
3 0.321875 0.70625 0.371875 0.70625 0.371875 0.78125 0.321875 0.78125
3 0.60625 0.778125 0.65625 0.778125 0.65625 0.8625 0.60625 0.8625
3 0.675 0.69375 0.7328125 0.69375 0.7328125 0.7640625 0.675 0.7640625
3 0.6796875 0.5953125 0.7328125 0.5953125 0.7328125 0.6609375 0.6796875 0.6609375
3 0.6046875 0.51875 0.65 0.51875 0.65 0.5796875 0.6046875 0.5796875
3 0.75625 0.503125 0.8203125 0.503125 0.8203125 0.56875 0.75625 0.56875
3 0.76875 0.69375 0.8296875 0.69375 0.8296875 0.765625 0.76875 0.765625
5 0.534375 0.5984375 0.59375 0.5984375 0.59375 0.690625 0.534375 0.690625
5 0.553125 0.2015625 0.609375 0.2015625 0.609375 0.2859375 0.553125 0.2859375
2 0.2375 0.7875 0.3171875 0.7875 0.3171875 0.8890625 0.2375 0.8890625
2 0.3171875 0.4 0.3875 0.4 0.3875 0.4796875 0.3171875 0.4796875
2 0.534375 0.4140625 0.5875 0.4140625 0.5875 0.5015625 0.534375 0.5015625
2 0.6828125 0.2046875 0.7515625 0.2046875 0.7515625 0.2984375 0.6828125 0.2984375
8 0.4640625 0.4015625 0.5234375 0.4015625 0.5234375 0.484375 0.4640625 0.484375
8 0.6109375 0.40625 0.6828125 0.40625 0.6828125 0.490625 0.6109375 0.490625
4 0.39375 0.590625 0.4625 0.590625 0.4625 0.70625 0.39375 0.70625
3 0.76875 0.1078125 0.8296875 0.1078125 0.8296875 0.1796875 0.76875 0.1796875