2 0.5984375 0.6109375 0.696875 0.6109375 0.696875 0.6953125 0.5984375 0.6953125
2 0.1921875 0.7546875 0.2828125 0.7546875 0.2828125 0.8546875 0.1921875 0.8546875
2 0.2046875 0.2 0.2984375 0.2 0.2984375 0.2765625 0.2046875 0.2765625
5 0.071875 0.2859375 0.190625 0.2859375 0.190625 0.365625 0.071875 0.365625
5 0.075 0.6859375 0.1859375 0.6859375 0.1859375 0.7828125 0.075 0.7828125
3 0.2984375 0.6 0.396875 0.6 0.396875 0.678125 0.2984375 0.678125
3 0.2125 0.6890625 0.296875 0.6890625 0.296875 0.74375 0.2125 0.74375
3 0.19375 0.5390625 0.2828125 0.5390625 0.2828125 0.6 0.19375 0.6
3 0.3171875 0.4421875 0.409375 0.4421875 0.409375 0.509375 0.3171875 0.509375
3 0.2015625 0.3703125 0.2953125 0.3703125 0.2953125 0.446875 0.2015625 0.446875
3 0.321875 0.2890625 0.4015625 0.2890625 0.4015625 0.3765625 0.321875 0.3765625
3 0.590625 0.54375 0.678125 0.54375 0.678125 0.603125 0.590625 0.603125
0 0.578125 0.7515625 0.6890625 0.7515625 0.6890625 0.8390625 0.578125 0.8390625
0 0.6875 0.7421875 0.7765625 0.7421875 0.7765625 0.8359375 0.6875 0.8359375
0 0.7875 0.7515625 0.8953125 0.7515625 0.8953125 0.8390625 0.7875 0.8390625
0 0.8015625 0.2375 0.909375 0.2375 0.909375 0.321875 0.8015625 0.321875
0 0.7 0.2375 0.796875 0.2375 0.796875 0.321875 0.7 0.321875
0 0.59375 0.225 0.7 0.225 0.7 0.303125 0.59375 0.303125
0 0.5921875 0.4640625 0.6765625 0.4640625 0.6765625 0.5390625 0.5921875 0.5390625