3 0.2140625 0.425 0.284375 0.425 0.284375 0.46875 0.2140625 0.46875
3 0.2109375 0.56875 0.275 0.56875 0.275 0.61875 0.2109375 0.61875
3 0.2015625 0.640625 0.2734375 0.640625 0.2734375 0.6890625 0.2015625 0.6890625
3 0.1078125 0.2796875 0.184375 0.2796875 0.184375 0.33125 0.1078125 0.33125
3 0.09375 0.203125 0.16875 0.203125 0.16875 0.2578125 0.09375 0.2578125
3 0.209375 0.1875 0.2796875 0.1875 0.2796875 0.253125 0.209375 0.253125
3 0.8078125 0.6515625 0.8765625 0.6515625 0.8765625 0.6984375 0.8078125 0.6984375
1 0.5984375 0.334375 0.6734375 0.334375 0.6734375 0.4125 0.5984375 0.4125
1 0.3859375 0.56875 0.4734375 0.56875 0.4734375 0.6296875 0.3859375 0.6296875
1 0.390625 0.4203125 0.4671875 0.4203125 0.4671875 0.4828125 0.390625 0.4828125
1 0.4890625 0.2375 0.5671875 0.2375 0.5671875 0.33125 0.4890625 0.33125
2 0.390625 0.3453125 0.4640625 0.3453125 0.4640625 0.403125 0.390625 0.403125
2 0.7828125 0.4203125 0.8921875 0.4203125 0.8921875 0.4796875 0.7828125 0.4796875
2 0.59375 0.559375 0.6734375 0.559375 0.6734375 0.628125 0.59375 0.628125
2 0.496875 0.421875 0.571875 0.421875 0.571875 0.48125 0.496875 0.48125
6 0.50625 0.34375 0.5734375 0.34375 0.5734375 0.4015625 0.50625 0.4015625
6 0.6 0.490625 0.6625 0.490625 0.6625 0.54375 0.6 0.54375
6 0.790625 0.725 0.8875 0.725 0.8875 0.796875 0.790625 0.796875
6 0.0765625 0.71875 0.178125 0.71875 0.178125 0.7859375 0.0765625 0.7859375
9 0.49375 0.64375 0.5578125 0.64375 0.5578125 0.696875 0.49375 0.696875
9 0.69375 0.6484375 0.7625 0.6484375 0.7625 0.7015625 0.69375 0.7015625
9 0.1125 0.50625 0.184375 0.50625 0.184375 0.5484375 0.1125 0.5484375
9 0.1015625 0.359375 0.18125 0.359375 0.18125 0.4078125 0.1015625 0.4078125
11 0.5015625 0.5703125 0.56875 0.5703125 0.56875 0.6234375 0.5015625 0.6234375
11 0.0703125 0.6421875 0.16875 0.6421875 0.16875 0.7015625 0.0703125 0.7015625
11 0.796875 0.578125 0.890625 0.578125 0.890625 0.6375 0.796875 0.6375
0 0.2828125 0.49375 0.3671875 0.49375 0.3671875 0.5453125 0.2828125 0.5453125
0 0.7890625 0.1828125 0.875 0.1828125 0.875 0.2640625 0.7890625 0.2640625
5 0.1890625 0.265625 0.28125 0.265625 0.28125 0.334375 0.1890625 0.334375
5 0.2765625 0.721875 0.365625 0.721875 0.365625 0.79375 0.2765625 0.79375
8 0.390625 0.4890625 0.4671875 0.4890625 0.4671875 0.5515625 0.390625 0.5515625
8 0.6 0.415625 0.6765625 0.415625 0.6765625 0.471875 0.6 0.471875
4 0.2796875 0.6375 0.38125 0.6375 0.38125 0.70625 0.2796875 0.70625
10 0.4859375 0.496875 0.56875 0.496875 0.56875 0.5546875 0.4859375 0.5546875