3 0.75 0.5296875 0.8171875 0.5296875 0.8171875 0.5984375 0.75 0.5984375
3 0.59375 0.53125 0.6453125 0.53125 0.6453125 0.5953125 0.59375 0.5953125
3 0.5203125 0.521875 0.5703125 0.521875 0.5703125 0.5875 0.5203125 0.5875
3 0.440625 0.4171875 0.5 0.4171875 0.5 0.4859375 0.440625 0.4859375
3 0.521875 0.4265625 0.584375 0.4265625 0.584375 0.4921875 0.521875 0.4921875
3 0.44375 0.5296875 0.4921875 0.5296875 0.4921875 0.5890625 0.44375 0.5890625
3 0.446875 0.7078125 0.5046875 0.7078125 0.5046875 0.796875 0.446875 0.796875
3 0.515625 0.8265625 0.56875 0.8265625 0.56875 0.9359375 0.515625 0.9359375
3 0.296875 0.8390625 0.35 0.8390625 0.35 0.9234375 0.296875 0.9234375
3 0.2140625 0.7140625 0.2734375 0.7140625 0.2734375 0.80625 0.2140625 0.80625
3 0.2875 0.084375 0.3453125 0.084375 0.3453125 0.1765625 0.2875 0.1765625
3 0.303125 0.215625 0.359375 0.215625 0.359375 0.290625 0.303125 0.290625
3 0.4453125 0.225 0.496875 0.225 0.496875 0.2984375 0.4453125 0.2984375
3 0.5921875 0.2109375 0.6515625 0.2109375 0.6515625 0.303125 0.5921875 0.303125
3 0.65625 0.115625 0.7171875 0.115625 0.7171875 0.203125 0.65625 0.203125
4 0.6609375 0.4078125 0.759375 0.4078125 0.759375 0.4984375 0.6609375 0.4984375
5 0.5109375 0.2171875 0.559375 0.2171875 0.559375 0.303125 0.5109375 0.303125
5 0.1953125 0.509375 0.2796875 0.509375 0.2796875 0.6 0.1953125 0.6
8 0.3671875 0.0921875 0.4390625 0.0921875 0.4390625 0.203125 0.3671875 0.203125
8 0.3578125 0.7046875 0.4265625 0.7046875 0.4265625 0.8078125 0.3578125 0.8078125
2 0.28125 0.3046875 0.3578125 0.3046875 0.3578125 0.39375 0.28125 0.39375
2 0.2796875 0.40625 0.3515625 0.40625 0.3515625 0.4859375 0.2796875 0.4859375
2 0.3671875 0.521875 0.4265625 0.521875 0.4265625 0.6109375 0.3671875 0.6109375
2 0.6515625 0.61875 0.734375 0.61875 0.734375 0.709375 0.6515625 0.709375