8 0.1 0.8375 0.20625 0.8375 0.20625 0.95 0.1 0.95
6 0.1046875 0.7328125 0.1984375 0.7328125 0.1984375 0.8234375 0.1046875 0.8234375
6 0.1140625 0.634375 0.2109375 0.634375 0.2109375 0.7234375 0.1140625 0.7234375
10 0.075 0.53125 0.203125 0.53125 0.203125 0.621875 0.075 0.621875
2 0.090625 0.4421875 0.19375 0.4421875 0.19375 0.5265625 0.090625 0.5265625
1 0.2328125 0.828125 0.325 0.828125 0.325 0.9828125 0.2328125 0.9828125
0 0.20625 0.3390625 0.2953125 0.3390625 0.2953125 0.4125 0.20625 0.4125
1 0.1796875 0.203125 0.284375 0.203125 0.284375 0.315625 0.1796875 0.315625
8 0.1890625 0.1078125 0.284375 0.1078125 0.284375 0.19375 0.1890625 0.19375
0 0.34375 0.84375 0.4203125 0.84375 0.4203125 0.9546875 0.34375 0.9546875
3 0.3171875 0.6421875 0.3859375 0.6421875 0.3859375 0.703125 0.3171875 0.703125
5 0.3125 0.534375 0.390625 0.534375 0.390625 0.6125 0.3125 0.6125
3 0.309375 0.33125 0.378125 0.33125 0.378125 0.39375 0.309375 0.39375
9 0.2953125 0.2390625 0.3625 0.2390625 0.3625 0.3046875 0.2953125 0.3046875
11 0.3 0.1015625 0.3765625 0.1015625 0.3765625 0.2078125 0.3 0.2078125
1 0.428125 0.7296875 0.5078125 0.7296875 0.5078125 0.85 0.428125 0.85
4 0.40625 0.621875 0.490625 0.621875 0.490625 0.7171875 0.40625 0.7171875
8 0.4140625 0.5125 0.49375 0.5125 0.49375 0.5984375 0.4140625 0.5984375
7 0.390625 0.4171875 0.48125 0.4171875 0.48125 0.4984375 0.390625 0.4984375
11 0.40625 0.321875 0.4828125 0.321875 0.4828125 0.3921875 0.40625 0.3921875
6 0.40625 0.1 0.4734375 0.1 0.4734375 0.1875 0.40625 0.1875
2 0.5359375 0.8203125 0.615625 0.8203125 0.615625 0.9375 0.5359375 0.9375
6 0.528125 0.6171875 0.6046875 0.6171875 0.6046875 0.6984375 0.528125 0.6984375
0 0.51875 0.521875 0.59375 0.521875 0.59375 0.5890625 0.51875 0.5890625
11 0.5046875 0.45 0.5734375 0.45 0.5734375 0.51875 0.5046875 0.51875
2 0.51875 0.315625 0.5984375 0.315625 0.5984375 0.3953125 0.51875 0.3953125
8 0.496875 0.221875 0.58125 0.221875 0.58125 0.30625 0.496875 0.30625
0 0.496875 0.1109375 0.56875 0.1109375 0.56875 0.20625 0.496875 0.20625
0 0.6078125 0.7265625 0.6953125 0.7265625 0.6953125 0.815625 0.6078125 0.815625
8 0.6203125 0.609375 0.696875 0.609375 0.696875 0.7046875 0.6203125 0.7046875
5 0.6046875 0.534375 0.684375 0.534375 0.684375 0.6 0.6046875 0.6
6 0.5921875 0.421875 0.6734375 0.421875 0.6734375 0.484375 0.5921875 0.484375
7 0.5890625 0.328125 0.68125 0.328125 0.68125 0.4078125 0.5890625 0.4078125
7 0.6 0.0625 0.703125 0.0625 0.703125 0.1875 0.6 0.1875
5 0.709375 0.815625 0.809375 0.815625 0.809375 0.9140625 0.709375 0.9140625
11 0.709375 0.7078125 0.79375 0.7078125 0.79375 0.79375 0.709375 0.79375
2 0.71875 0.6046875 0.8203125 0.6046875 0.8203125 0.6828125 0.71875 0.6828125
4 0.7046875 0.4046875 0.8171875 0.4046875 0.8171875 0.4859375 0.7046875 0.4859375
6 0.69375 0.303125 0.7796875 0.303125 0.7796875 0.3765625 0.69375 0.3765625
4 0.6859375 0.190625 0.8078125 0.190625 0.8078125 0.2953125 0.6859375 0.2953125
5 0.678125 0.1 0.7640625 0.1 0.7640625 0.19375 0.678125 0.19375
5 0.8140625 0.80625 0.9140625 0.80625 0.9140625 0.90625 0.8140625 0.90625
5 0.7859375 0.0921875 0.8859375 0.0921875 0.8859375 0.1890625 0.7859375 0.1890625
10 0.7890625 0.7 0.909375 0.7 0.909375 0.8078125 0.7890625 0.8078125
10 0.7875 0.5234375 0.9140625 0.5234375 0.9140625 0.5921875 0.7875 0.5921875
8 0.8171875 0.3921875 0.8984375 0.3921875 0.8984375 0.4796875 0.8171875 0.4796875