5 0.165625 0.3578125 0.259375 0.3578125 0.259375 0.4375 0.165625 0.4375
5 0.146875 0.2484375 0.25625 0.2484375 0.25625 0.3390625 0.146875 0.3390625
0 0.496875 0.7328125 0.56875 0.7328125 0.56875 0.83125 0.496875 0.83125
0 0.34375 0.7265625 0.4125 0.7265625 0.4125 0.8296875 0.34375 0.8296875
1 0.390625 0.0953125 0.475 0.0953125 0.475 0.2328125 0.390625 0.2328125
1 0.309375 0.1015625 0.396875 0.1015625 0.396875 0.2421875 0.309375 0.2421875
1 0.225 0.121875 0.3171875 0.121875 0.3171875 0.24375 0.225 0.24375
1 0.1421875 0.10625 0.2453125 0.10625 0.2453125 0.240625 0.1421875 0.240625
2 0.715625 0.828125 0.790625 0.828125 0.790625 0.934375 0.715625 0.934375
2 0.5671875 0.81875 0.6390625 0.81875 0.6390625 0.940625 0.5671875 0.940625
2 0.41875 0.8234375 0.4921875 0.8234375 0.4921875 0.9390625 0.41875 0.9390625
2 0.26875 0.8125 0.340625 0.8125 0.340625 0.9296875 0.26875 0.9296875
3 0.646875 0.625 0.709375 0.625 0.709375 0.7171875 0.646875 0.7171875
3 0.5734375 0.625 0.6328125 0.625 0.6328125 0.7078125 0.5734375 0.7078125
3 0.49375 0.6265625 0.55 0.6265625 0.55 0.70625 0.49375 0.70625
3 0.41875 0.640625 0.471875 0.640625 0.471875 0.7109375 0.41875 0.7109375
3 0.3375 0.628125 0.4015625 0.628125 0.4015625 0.7125 0.3375 0.7125
3 0.2703125 0.628125 0.3265625 0.628125 0.3265625 0.7203125 0.2703125 0.7203125
3 0.1921875 0.6484375 0.2609375 0.6484375 0.2609375 0.7296875 0.1921875 0.7296875
4 0.478125 0.0953125 0.553125 0.0953125 0.553125 0.221875 0.478125 0.221875