1 0.534375 0.6484375 0.5921875 0.6484375 0.5921875 0.8703125 0.534375 0.8703125
5 0.671875 0.80625 0.728125 0.80625 0.728125 0.965625 0.671875 0.965625
3 0.6765625 0.684375 0.7203125 0.684375 0.7203125 0.8 0.6765625 0.8
3 0.603125 0.8109375 0.6359375 0.8109375 0.6359375 0.9265625 0.603125 0.9265625
3 0.540625 0.828125 0.571875 0.828125 0.571875 0.934375 0.540625 0.934375
3 0.48125 0.825 0.515625 0.825 0.515625 0.94375 0.48125 0.94375
3 0.4 0.8625 0.425 0.8625 0.425 0.915625 0.4 0.915625
3 0.334375 0.803125 0.375 0.803125 0.375 0.921875 0.334375 0.921875
3 0.26875 0.7984375 0.3078125 0.7984375 0.3078125 0.9171875 0.26875 0.9171875
3 0.5359375 0.5203125 0.5765625 0.5203125 0.5765625 0.64375 0.5359375 0.64375
8 0.746875 0.534375 0.81875 0.534375 0.81875 0.690625 0.746875 0.690625
6 0.6828125 0.521875 0.7375 0.521875 0.7375 0.6734375 0.6828125 0.6734375
6 0.6078125 0.5046875 0.659375 0.5046875 0.659375 0.6546875 0.6078125 0.6546875
10 0.596875 0.659375 0.659375 0.659375 0.659375 0.8640625 0.596875 0.8640625
7 0.3953125 0.659375 0.45625 0.659375 0.45625 0.86875 0.3953125 0.86875
4 0.4640625 0.65 0.5171875 0.65 0.5171875 0.853125 0.4640625 0.853125
5 0.315625 0.6640625 0.371875 0.6640625 0.371875 0.8109375 0.315625 0.8109375
5 0.246875 0.66875 0.3078125 0.66875 0.3078125 0.81875 0.246875 0.81875
5 0.303125 0.515625 0.3625 0.515625 0.3625 0.665625 0.303125 0.665625
0 0.4703125 0.50625 0.515625 0.50625 0.515625 0.646875 0.4703125 0.646875
0 0.40625 0.5140625 0.4546875 0.5140625 0.4546875 0.659375 0.40625 0.659375