3 0.0859375 0.23125 0.1703125 0.23125 0.1703125 0.3 0.0859375 0.3
3 0.0734375 0.30625 0.153125 0.30625 0.153125 0.3625 0.0734375 0.3625
3 0.59375 0.234375 0.6671875 0.234375 0.6671875 0.303125 0.59375 0.303125
3 0.78125 0.2328125 0.86875 0.2328125 0.86875 0.2984375 0.78125 0.2984375
3 0.784375 0.3109375 0.871875 0.3109375 0.871875 0.3609375 0.784375 0.3609375
3 0.78125 0.3890625 0.8671875 0.3890625 0.8671875 0.45 0.78125 0.45
3 0.7921875 0.6890625 0.8953125 0.6890625 0.8953125 0.746875 0.7921875 0.746875
3 0.803125 0.7625 0.9046875 0.7625 0.9046875 0.8328125 0.803125 0.8328125
3 0.6046875 0.69375 0.6828125 0.69375 0.6828125 0.7546875 0.6046875 0.7546875
3 0.4921875 0.61875 0.553125 0.61875 0.553125 0.66875 0.4921875 0.66875
3 0.2921875 0.76875 0.3640625 0.76875 0.3640625 0.8453125 0.2921875 0.8453125
3 0.071875 0.6828125 0.1609375 0.6828125 0.1609375 0.7453125 0.071875 0.7453125
3 0.0734375 0.6015625 0.175 0.6015625 0.175 0.659375 0.0734375 0.659375
3 0.5875 0.3890625 0.675 0.3890625 0.675 0.4453125 0.5875 0.4453125
3 0.06875 0.7625 0.1671875 0.7625 0.1671875 0.840625 0.06875 0.840625
8 0.278125 0.690625 0.3703125 0.690625 0.3703125 0.765625 0.278125 0.765625
8 0.509375 0.453125 0.584375 0.453125 0.584375 0.51875 0.509375 0.51875
4 0.2828125 0.371875 0.3796875 0.371875 0.3796875 0.4453125 0.2828125 0.4453125
5 0.390625 0.2921875 0.4796875 0.2921875 0.4796875 0.371875 0.390625 0.371875
5 0.16875 0.459375 0.271875 0.459375 0.271875 0.525 0.16875 0.525
2 0.2671875 0.5296875 0.3765625 0.5296875 0.3765625 0.5953125 0.2671875 0.5953125
2 0.3890625 0.53125 0.471875 0.53125 0.471875 0.596875 0.3890625 0.596875
2 0.3875 0.609375 0.4703125 0.609375 0.4703125 0.6828125 0.3875 0.6828125
2 0.49375 0.5359375 0.578125 0.5359375 0.578125 0.59375 0.49375 0.59375