3 0.590625 0.41875 0.646875 0.41875 0.646875 0.465625 0.590625 0.465625
3 0.396875 0.5640625 0.4578125 0.5640625 0.4578125 0.6078125 0.396875 0.6078125
3 0.5 0.2828125 0.55625 0.2828125 0.55625 0.3359375 0.5 0.3359375
3 0.68125 0.1984375 0.7421875 0.1984375 0.7421875 0.2578125 0.68125 0.2578125
3 0.584375 0.2796875 0.6421875 0.2796875 0.6421875 0.334375 0.584375 0.334375
3 0.4 0.496875 0.45625 0.496875 0.45625 0.5453125 0.4 0.5453125
3 0.1921875 0.709375 0.265625 0.709375 0.265625 0.76875 0.1921875 0.76875
1 0.671875 0.5671875 0.771875 0.5671875 0.771875 0.621875 0.671875 0.621875
1 0.05 0.559375 0.178125 0.559375 0.178125 0.6203125 0.05 0.6203125
1 0.4890625 0.55625 0.5640625 0.55625 0.5640625 0.615625 0.4890625 0.615625
1 0.2859375 0.49375 0.375 0.49375 0.375 0.55 0.2859375 0.55
2 0.2953125 0.421875 0.3765625 0.421875 0.3765625 0.475 0.2953125 0.475
2 0.06875 0.3453125 0.178125 0.3453125 0.178125 0.4046875 0.06875 0.4046875
2 0.1 0.425 0.19375 0.425 0.19375 0.484375 0.1 0.484375
2 0.7828125 0.4171875 0.8765625 0.4171875 0.8765625 0.471875 0.7828125 0.471875
6 0.3890625 0.6359375 0.4578125 0.6359375 0.4578125 0.69375 0.3890625 0.69375
6 0.4015625 0.7109375 0.4671875 0.7109375 0.4671875 0.7796875 0.4015625 0.7796875
6 0.29375 0.5609375 0.375 0.5609375 0.375 0.6109375 0.29375 0.6109375
6 0.1859375 0.4921875 0.26875 0.4921875 0.26875 0.54375 0.1859375 0.54375
9 0.4984375 0.353125 0.553125 0.353125 0.553125 0.40625 0.4984375 0.40625
9 0.40625 0.4328125 0.4609375 0.4328125 0.4609375 0.4796875 0.40625 0.4796875
9 0.39375 0.20625 0.453125 0.20625 0.453125 0.2578125 0.39375 0.2578125
9 0.1921875 0.634375 0.265625 0.634375 0.265625 0.684375 0.1921875 0.684375
11 0.584375 0.559375 0.659375 0.559375 0.659375 0.609375 0.584375 0.609375
11 0.4 0.3375 0.475 0.3375 0.475 0.403125 0.4 0.403125
11 0.1875 0.334375 0.275 0.334375 0.275 0.396875 0.1875 0.396875
0 0.4890625 0.421875 0.5515625 0.421875 0.5515625 0.471875 0.4890625 0.471875
0 0.6796875 0.70625 0.7609375 0.70625 0.7609375 0.771875 0.6796875 0.771875
5 0.4953125 0.4875 0.5578125 0.4875 0.5578125 0.5375 0.4953125 0.5375
5 0.575 0.3375 0.65 0.3375 0.65 0.403125 0.575 0.403125
8 0.1859375 0.5625 0.275 0.5625 0.275 0.628125 0.1859375 0.628125
8 0.778125 0.7015625 0.865625 0.7015625 0.865625 0.7734375 0.778125 0.7734375
4 0.171875 0.246875 0.2765625 0.246875 0.2765625 0.3328125 0.171875 0.3328125
10 0.49375 0.703125 0.5734375 0.703125 0.5734375 0.7875 0.49375 0.7875