5 0.771875 0.096875 0.8796875 0.096875 0.8796875 0.2078125 0.771875 0.2078125
5 0.5 0.4921875 0.575 0.4921875 0.575 0.571875 0.5 0.571875
5 0.315625 0.696875 0.3953125 0.696875 0.3953125 0.8 0.315625 0.8
5 0.4859375 0.7109375 0.5609375 0.7109375 0.5609375 0.8125 0.4859375 0.8125
5 0.771875 0.7015625 0.8796875 0.7015625 0.8796875 0.8125 0.771875 0.8125
4 0.584375 0.6046875 0.675 0.6046875 0.675 0.70625 0.584375 0.70625
4 0.671875 0.503125 0.7828125 0.503125 0.7828125 0.6046875 0.671875 0.6046875
4 0.3828125 0.6125 0.4703125 0.6125 0.4703125 0.71875 0.3828125 0.71875
3 0.378125 0.1015625 0.4578125 0.1015625 0.4578125 0.184375 0.378125 0.184375
3 0.5859375 0.121875 0.6796875 0.121875 0.6796875 0.20625 0.5859375 0.20625
3 0.6734375 0.225 0.7484375 0.225 0.7484375 0.309375 0.6734375 0.309375
3 0.3859375 0.2171875 0.4625 0.2171875 0.4625 0.2890625 0.3859375 0.2890625
3 0.3 0.3125 0.3765625 0.3125 0.3765625 0.3890625 0.3 0.3890625
3 0.20625 0.2296875 0.2953125 0.2296875 0.2953125 0.315625 0.20625 0.315625
3 0.775 0.596875 0.8640625 0.596875 0.8640625 0.671875 0.775 0.671875
3 0.09375 0.525 0.1734375 0.525 0.1734375 0.6046875 0.09375 0.6046875
3 0.1890625 0.7078125 0.2765625 0.7078125 0.2765625 0.7984375 0.1890625 0.7984375
3 0.59375 0.815625 0.665625 0.815625 0.665625 0.9 0.59375 0.9
2 0.7765625 0.3046875 0.8875 0.3046875 0.8875 0.4015625 0.7765625 0.4015625
2 0.0671875 0.409375 0.1875 0.409375 0.1875 0.5109375 0.0671875 0.5109375
2 0.584375 0.5140625 0.6640625 0.5140625 0.6640625 0.596875 0.584375 0.596875
2 0.1734375 0.8140625 0.2875 0.8140625 0.2875 0.928125 0.1734375 0.928125
1 0.2703125 0.509375 0.3734375 0.509375 0.3734375 0.6125 0.2703125 0.6125
1 0.29375 0.6 0.3828125 0.6 0.3828125 0.7109375 0.29375 0.7109375
1 0.675 0.3125 0.7953125 0.3125 0.7953125 0.4109375 0.675 0.4109375
0 0.0640625 0.0953125 0.178125 0.0953125 0.178125 0.203125 0.0640625 0.203125
0 0.4828125 0.31875 0.565625 0.31875 0.565625 0.3984375 0.4828125 0.3984375
0 0.6640625 0.409375 0.7546875 0.409375 0.7546875 0.4921875 0.6640625 0.4921875
0 0.1984375 0.5125 0.290625 0.5125 0.290625 0.5984375 0.1984375 0.5984375
0 0.3921875 0.809375 0.4796875 0.809375 0.4796875 0.9234375 0.3921875 0.9234375
6 0.575 0.2109375 0.671875 0.2109375 0.671875 0.3046875 0.575 0.3046875
6 0.4921875 0.4109375 0.5671875 0.4109375 0.5671875 0.4875 0.4921875 0.4875
6 0.578125 0.4375 0.6609375 0.4375 0.6609375 0.5140625 0.578125 0.5140625
6 0.1859375 0.6171875 0.2875 0.6171875 0.2875 0.7046875 0.1859375 0.7046875
6 0.578125 0.7078125 0.671875 0.7078125 0.671875 0.815625 0.578125 0.815625
6 0.065625 0.815625 0.18125 0.815625 0.18125 0.9265625 0.065625 0.9265625
7 0.4703125 0.1796875 0.5640625 0.1796875 0.5640625 0.3 0.4703125 0.3
7 0.3828125 0.4109375 0.475 0.4109375 0.475 0.5 0.3828125 0.5
7 0.3953125 0.5171875 0.4890625 0.5171875 0.4890625 0.609375 0.3953125 0.609375
8 0.18125 0.08125 0.275 0.08125 0.275 0.2015625 0.18125 0.2015625
8 0.4734375 0.0890625 0.5640625 0.0890625 0.5640625 0.2046875 0.4734375 0.2046875
8 0.2890625 0.196875 0.378125 0.196875 0.378125 0.2953125 0.2890625 0.2953125
8 0.284375 0.4140625 0.3734375 0.4140625 0.3734375 0.503125 0.284375 0.503125
8 0.6796875 0.796875 0.7671875 0.796875 0.7671875 0.9203125 0.6796875 0.9203125
9 0.2765625 0.1015625 0.3625 0.1015625 0.3625 0.2125 0.2765625 0.2125
9 0.684375 0.096875 0.76875 0.096875 0.76875 0.1859375 0.684375 0.1859375
9 0.7703125 0.2140625 0.859375 0.2140625 0.859375 0.3 0.7703125 0.3
9 0.075 0.221875 0.18125 0.221875 0.18125 0.3015625 0.075 0.3015625
9 0.384375 0.340625 0.46875 0.340625 0.46875 0.4109375 0.384375 0.4109375
9 0.0984375 0.3015625 0.1984375 0.3015625 0.1984375 0.36875 0.0984375 0.36875
9 0.165625 0.40625 0.259375 0.40625 0.259375 0.478125 0.165625 0.478125
9 0.7671875 0.53125 0.8546875 0.53125 0.8546875 0.603125 0.7671875 0.603125
9 0.7 0.6171875 0.771875 0.6171875 0.771875 0.6921875 0.7 0.6921875
9 0.6703125 0.696875 0.75 0.696875 0.75 0.790625 0.6703125 0.790625
9 0.30625 0.825 0.3828125 0.825 0.3828125 0.9125 0.30625 0.9125
10 0.5703125 0.3203125 0.6765625 0.3203125 0.6765625 0.4125 0.5703125 0.4125
10 0.478125 0.603125 0.571875 0.603125 0.571875 0.71875 0.478125 0.71875
10 0.3828125 0.70625 0.4703125 0.70625 0.4703125 0.821875 0.3828125 0.821875
11 0.178125 0.3015625 0.28125 0.3015625 0.28125 0.3953125 0.178125 0.3953125
11 0.0828125 0.6125 0.19375 0.6125 0.19375 0.709375 0.0828125 0.709375
11 0.0796875 0.696875 0.1859375 0.696875 0.1859375 0.79375 0.0796875 0.79375
11 0.7640625 0.80625 0.8921875 0.80625 0.8921875 0.93125 0.7640625 0.93125
8 0.4890625 0.8078125 0.58125 0.8078125 0.58125 0.921875 0.4890625 0.921875
5 0.7859375 0.41875 0.9 0.41875 0.9 0.5015625 0.7859375 0.5015625