0 0.18125 0.6640625 0.2890625 0.6640625 0.2890625 0.696875 0.18125 0.696875
0 0.1640625 0.625 0.275 0.625 0.275 0.659375 0.1640625 0.659375
0 0.0640625 0.4921875 0.178125 0.4921875 0.178125 0.5203125 0.0640625 0.5203125
0 0.2859375 0.3875 0.3890625 0.3875 0.3890625 0.41875 0.2859375 0.41875
0 0.3890625 0.3375 0.484375 0.3375 0.484375 0.375 0.3890625 0.375
0 0.596875 0.6859375 0.6890625 0.6859375 0.6890625 0.7234375 0.596875 0.7234375
6 0.4765625 0.6359375 0.575 0.6359375 0.575 0.6703125 0.4765625 0.6703125
6 0.584375 0.6234375 0.68125 0.6234375 0.68125 0.659375 0.584375 0.659375
6 0.4578125 0.3359375 0.5546875 0.3359375 0.5546875 0.371875 0.4578125 0.371875
6 0.571875 0.375 0.6671875 0.375 0.6671875 0.4125 0.571875 0.4125
6 0.671875 0.36875 0.7625 0.36875 0.7625 0.403125 0.671875 0.403125
6 0.3484375 0.4828125 0.4484375 0.4828125 0.4484375 0.515625 0.3484375 0.515625
9 0.09375 0.6734375 0.18125 0.6734375 0.18125 0.7 0.09375 0.7
9 0.0953125 0.53125 0.184375 0.53125 0.184375 0.559375 0.0953125 0.559375
9 0.1046875 0.4421875 0.1890625 0.4421875 0.1890625 0.4703125 0.1046875 0.4703125
9 0.3921875 0.634375 0.471875 0.634375 0.471875 0.6640625 0.3921875 0.6640625
9 0.0984375 0.4 0.1828125 0.4 0.1828125 0.4265625 0.0984375 0.4265625
9 0.4875 0.4390625 0.565625 0.4390625 0.565625 0.4671875 0.4875 0.4671875
9 0.7 0.5953125 0.775 0.5953125 0.775 0.6265625 0.7 0.6265625
5 0.8078125 0.5875 0.8984375 0.5875 0.8984375 0.6234375 0.8078125 0.6234375
5 0.803125 0.5296875 0.896875 0.5296875 0.896875 0.565625 0.803125 0.565625
5 0.2703125 0.5875 0.371875 0.5875 0.371875 0.6203125 0.2703125 0.6203125
5 0.4625 0.484375 0.5640625 0.484375 0.5640625 0.5171875 0.4625 0.5171875
5 0.4625 0.378125 0.5609375 0.378125 0.5609375 0.415625 0.4625 0.415625
5 0.2890625 0.3328125 0.3890625 0.3328125 0.3890625 0.3703125 0.2890625 0.3703125
5 0.075 0.5765625 0.184375 0.5765625 0.184375 0.6078125 0.075 0.6078125
11 0.2875 0.53125 0.390625 0.53125 0.390625 0.5640625 0.2875 0.5640625
11 0.065625 0.35625 0.1734375 0.35625 0.1734375 0.3921875 0.065625 0.3921875
11 0.1875 0.3953125 0.2921875 0.3953125 0.2921875 0.4296875 0.1875 0.4296875
11 0.7796875 0.48125 0.8765625 0.48125 0.8765625 0.51875 0.7796875 0.51875
11 0.571875 0.534375 0.66875 0.534375 0.66875 0.5703125 0.571875 0.5703125
11 0.5890625 0.48125 0.6890625 0.48125 0.6890625 0.515625 0.5890625 0.515625
7 0.7796875 0.4140625 0.8953125 0.4140625 0.8953125 0.459375 0.7796875 0.459375
7 0.153125 0.440625 0.2953125 0.440625 0.2953125 0.475 0.153125 0.475
7 0.1609375 0.340625 0.3 0.340625 0.3 0.3875 0.1609375 0.3875
1 0.4453125 0.5265625 0.5765625 0.5265625 0.5765625 0.5640625 0.4453125 0.5640625
1 0.340625 0.4375 0.475 0.4375 0.475 0.4765625 0.340625 0.4765625
1 0.146875 0.5734375 0.2890625 0.5734375 0.2890625 0.6109375 0.146875 0.6109375
2 0.25625 0.6296875 0.365625 0.6296875 0.365625 0.6640625 0.25625 0.6640625
2 0.3640625 0.5390625 0.465625 0.5390625 0.465625 0.5734375 0.3640625 0.5734375
2 0.5703125 0.428125 0.66875 0.428125 0.66875 0.465625 0.5703125 0.465625
2 0.5640625 0.3296875 0.6671875 0.3296875 0.6671875 0.3671875 0.5640625 0.3671875
8 0.28125 0.68125 0.3875 0.68125 0.3875 0.7203125 0.28125 0.7203125
8 0.48125 0.58125 0.58125 0.58125 0.58125 0.6203125 0.48125 0.6203125
8 0.26875 0.4375 0.375 0.4375 0.375 0.471875 0.26875 0.471875
8 0.3640625 0.39375 0.4765625 0.39375 0.4765625 0.4296875 0.3640625 0.4296875
8 0.175 0.48125 0.2875 0.48125 0.2875 0.515625 0.175 0.515625
8 0.0859375 0.621875 0.1890625 0.621875 0.1890625 0.6578125 0.0859375 0.6578125
10 0.1359375 0.534375 0.278125 0.534375 0.278125 0.5703125 0.1359375 0.5703125
10 0.784375 0.309375 0.896875 0.309375 0.896875 0.3609375 0.784375 0.3609375
4 0.4484375 0.684375 0.5796875 0.684375 0.5796875 0.73125 0.4484375 0.73125
4 0.659375 0.6890625 0.78125 0.6890625 0.78125 0.7390625 0.659375 0.7390625
5 0.6703125 0.31875 0.76875 0.31875 0.76875 0.3625 0.6703125 0.3625
4 0.24375 0.4796875 0.378125 0.4796875 0.378125 0.5171875 0.24375 0.5171875
10 0.3296875 0.5828125 0.46875 0.5828125 0.46875 0.6234375 0.3296875 0.6234375