10 0.48125 0.46875 0.5671875 0.46875 0.5671875 0.565625 0.48125 0.565625
10 0.48125 0.653125 0.559375 0.653125 0.559375 0.765625 0.48125 0.765625
10 0.3984375 0.565625 0.4796875 0.565625 0.4796875 0.6609375 0.3984375 0.6609375
10 0.18125 0.56875 0.3 0.56875 0.3 0.66875 0.18125 0.66875
10 0.284375 0.2890625 0.3859375 0.2890625 0.3859375 0.38125 0.284375 0.38125
10 0.2796875 0.065625 0.3859375 0.065625 0.3859375 0.190625 0.2796875 0.190625
10 0.7671875 0.48125 0.8765625 0.48125 0.8765625 0.571875 0.7671875 0.571875
10 0.675 0.4859375 0.78125 0.4859375 0.78125 0.5703125 0.675 0.5703125
10 0.2984375 0.653125 0.3796875 0.653125 0.3796875 0.7734375 0.2984375 0.7734375
7 0.384375 0.1890625 0.471875 0.1890625 0.471875 0.2828125 0.384375 0.2828125
7 0.471875 0.284375 0.571875 0.284375 0.571875 0.396875 0.471875 0.396875
7 0.5625 0.5609375 0.65625 0.5609375 0.65625 0.678125 0.5625 0.678125
7 0.3921875 0.7359375 0.4796875 0.7359375 0.4796875 0.8609375 0.3921875 0.8609375
7 0.0671875 0.2859375 0.1984375 0.2859375 0.1984375 0.3671875 0.0671875 0.3671875
7 0.5734375 0.065625 0.678125 0.065625 0.678125 0.19375 0.5734375 0.19375
7 0.7515625 0.378125 0.8875 0.378125 0.8875 0.4671875 0.7515625 0.4671875
7 0.2921875 0.471875 0.3859375 0.471875 0.3859375 0.565625 0.2921875 0.565625
4 0.7484375 0.56875 0.8625 0.56875 0.8625 0.6671875 0.7484375 0.6671875
4 0.5796875 0.7484375 0.6546875 0.7484375 0.6546875 0.8671875 0.5796875 0.8671875
4 0.1984375 0.7484375 0.30625 0.7484375 0.30625 0.875 0.1984375 0.875
4 0.184375 0.3796875 0.296875 0.3796875 0.296875 0.465625 0.184375 0.465625
4 0.1828125 0.0734375 0.290625 0.0734375 0.290625 0.19375 0.1828125 0.19375
4 0.7515625 0.746875 0.8640625 0.746875 0.8640625 0.8703125 0.7515625 0.8703125
1 0.6703125 0.1859375 0.7796875 0.1859375 0.7796875 0.2796875 0.6703125 0.2796875
1 0.759375 0.2859375 0.8796875 0.2859375 0.8796875 0.3703125 0.759375 0.3703125
1 0.58125 0.290625 0.6703125 0.290625 0.6703125 0.371875 0.58125 0.371875
1 0.5734375 0.3828125 0.6640625 0.3828125 0.6640625 0.4671875 0.5734375 0.4671875
1 0.4734375 0.059375 0.5609375 0.059375 0.5609375 0.1875 0.4734375 0.1875
1 0.0875 0.740625 0.2078125 0.740625 0.2078125 0.875 0.0875 0.875
1 0.078125 0.4796875 0.209375 0.4796875 0.209375 0.5828125 0.078125 0.5828125
1 0.0765625 0.178125 0.203125 0.178125 0.203125 0.275 0.0765625 0.275