8 0.528125 0.415625 0.5625 0.415625 0.5625 0.490625 0.528125 0.490625
8 0.31875 0.334375 0.359375 0.334375 0.359375 0.409375 0.31875 0.409375
11 0.4671875 0.5421875 0.4984375 0.5421875 0.4984375 0.6171875 0.4671875 0.6171875
6 0.428125 0.421875 0.45625 0.421875 0.45625 0.4875 0.428125 0.4875
5 0.425 0.6234375 0.459375 0.6234375 0.459375 0.703125 0.425 0.703125
5 0.325 0.525 0.3625 0.525 0.3625 0.596875 0.325 0.596875
0 0.51875 0.6453125 0.553125 0.6453125 0.553125 0.721875 0.51875 0.721875
0 0.5296875 0.828125 0.5609375 0.828125 0.5609375 0.9125 0.5296875 0.9125
5 0.6609375 0.840625 0.7015625 0.840625 0.7015625 0.9328125 0.6609375 0.9328125
5 0.6171875 0.640625 0.65625 0.640625 0.65625 0.715625 0.6171875 0.715625
11 0.6625 0.746875 0.703125 0.746875 0.703125 0.83125 0.6625 0.83125