5 0.6546875 0.2640625 0.7390625 0.2640625 0.7390625 0.3078125 0.6546875 0.3078125
5 0.7484375 0.31875 0.8375 0.31875 0.8375 0.3578125 0.7484375 0.3578125
5 0.6546875 0.4203125 0.74375 0.4203125 0.74375 0.45625 0.6546875 0.45625
5 0.5296875 0.4109375 0.609375 0.4109375 0.609375 0.446875 0.5296875 0.446875
0 0.846875 0.3765625 0.9390625 0.3765625 0.9390625 0.409375 0.846875 0.409375
6 0.653125 0.3578125 0.728125 0.3578125 0.728125 0.39375 0.653125 0.39375
8 0.540625 0.4703125 0.615625 0.4703125 0.615625 0.5046875 0.540625 0.5046875
11 0.453125 0.4734375 0.528125 0.4734375 0.528125 0.5078125 0.453125 0.5078125
11 0.853125 0.521875 0.946875 0.521875 0.946875 0.553125 0.853125 0.553125
8 0.84375 0.4734375 0.95 0.4734375 0.95 0.5046875 0.84375 0.5046875
6 0.6390625 0.56875 0.7234375 0.56875 0.7234375 0.6046875 0.6390625 0.6046875
0 0.7578125 0.6046875 0.8640625 0.6046875 0.8640625 0.64375 0.7578125 0.64375