9 0.50625 0.771875 0.653125 0.771875 0.653125 0.8265625 0.50625 0.8265625
9 0.0671875 0.7484375 0.2015625 0.7484375 0.2015625 0.7890625 0.0671875 0.7890625
3 0.353125 0.6703125 0.490625 0.6703125 0.490625 0.7203125 0.353125 0.7203125
9 0.2015625 0.74375 0.340625 0.74375 0.340625 0.790625 0.2015625 0.790625
3 0.065625 0.59375 0.209375 0.59375 0.209375 0.6328125 0.065625 0.6328125
9 0.0625 0.6578125 0.2 0.6578125 0.2 0.7 0.0625 0.7
3 0.0515625 0.5203125 0.1953125 0.5203125 0.1953125 0.559375 0.0515625 0.559375
9 0.3453125 0.7625 0.4875 0.7625 0.4875 0.8140625 0.3453125 0.8140625
3 0.065625 0.4609375 0.20625 0.4609375 0.20625 0.4984375 0.065625 0.4984375
9 0.5125 0.771875 0.65 0.771875 0.65 0.825 0.5125 0.825
3 0.19375 0.4734375 0.3359375 0.4734375 0.3359375 0.5109375 0.19375 0.5109375
9 0.075 0.390625 0.2109375 0.390625 0.2109375 0.428125 0.075 0.428125
3 0.478125 0.44375 0.61875 0.44375 0.61875 0.484375 0.478125 0.484375
9 0.2046875 0.3859375 0.34375 0.3859375 0.34375 0.4265625 0.2046875 0.4265625
3 0.18125 0.525 0.3171875 0.525 0.3171875 0.5625 0.18125 0.5625
9 0.334375 0.384375 0.471875 0.384375 0.471875 0.4234375 0.334375 0.4234375
3 0.1921875 0.6 0.321875 0.6 0.321875 0.6390625 0.1921875 0.6390625
5 0.465625 0.6625 0.646875 0.6625 0.646875 0.7359375 0.465625 0.7359375
9 0.059375 0.7484375 0.20625 0.7484375 0.20625 0.7890625 0.059375 0.7890625
5 0.44375 0.59375 0.6125 0.59375 0.6125 0.65625 0.44375 0.65625
9 0.196875 0.74375 0.346875 0.74375 0.346875 0.79375 0.196875 0.79375
5 0.446875 0.5078125 0.6203125 0.5078125 0.6203125 0.5578125 0.446875 0.5578125
9 0.3421875 0.7625 0.4859375 0.7625 0.4859375 0.8140625 0.3421875 0.8140625
3 0.48125 0.44375 0.615625 0.44375 0.615625 0.484375 0.48125 0.484375
9 0.2046875 0.3859375 0.3421875 0.3859375 0.3421875 0.4265625 0.2046875 0.4265625
3 0.35625 0.671875 0.48125 0.671875 0.48125 0.715625 0.35625 0.715625
9 0.071875 0.390625 0.215625 0.390625 0.215625 0.428125 0.071875 0.428125
3 0.065625 0.59375 0.203125 0.59375 0.203125 0.6328125 0.065625 0.6328125
9 0.33125 0.38125 0.471875 0.38125 0.471875 0.425 0.33125 0.425
3 0.053125 0.5203125 0.1875 0.5203125 0.1875 0.5578125 0.053125 0.5578125
9 0.059375 0.6578125 0.2046875 0.6578125 0.2046875 0.7015625 0.059375 0.7015625
3 0.065625 0.4625 0.2015625 0.4625 0.2015625 0.496875 0.065625 0.496875
5 0.46875 0.66875 0.6484375 0.66875 0.6484375 0.7296875 0.46875 0.7296875
3 0.196875 0.475 0.3390625 0.475 0.3390625 0.509375 0.196875 0.509375
5 0.440625 0.596875 0.6203125 0.596875 0.6203125 0.6515625 0.440625 0.6515625
3 0.1796875 0.5265625 0.3015625 0.5265625 0.3015625 0.559375 0.1796875 0.559375
5 0.446875 0.50625 0.625 0.50625 0.625 0.55625 0.446875 0.55625
3 0.190625 0.603125 0.2796875 0.603125 0.2796875 0.6390625 0.190625 0.6390625
5 0.44375 0.3609375 0.621875 0.3609375 0.621875 0.41875 0.44375 0.41875
0 0.1578125 0.6703125 0.3453125 0.6703125 0.3453125 0.721875 0.1578125 0.721875
11 0.4578125 0.278125 0.6359375 0.278125 0.6359375 0.34375 0.4578125 0.34375
8 0.15625 0.2171875 0.3359375 0.2171875 0.3359375 0.2828125 0.15625 0.2828125
8 0.14375 0.315625 0.3390625 0.315625 0.3390625 0.3671875 0.14375 0.3671875
1 0.2296875 0.525 0.4625 0.525 0.4625 0.58125 0.2296875 0.58125
5 0.44375 0.359375 0.615625 0.359375 0.615625 0.41875 0.44375 0.41875
0 0.1578125 0.6703125 0.35 0.6703125 0.35 0.7234375 0.1578125 0.7234375
0 0.025 0.3140625 0.2140625 0.3140625 0.2140625 0.3671875 0.025 0.3671875
11 0.4546875 0.275 0.6359375 0.275 0.6359375 0.3453125 0.4546875 0.3453125
1 0.221875 0.5234375 0.478125 0.5234375 0.478125 0.5828125 0.221875 0.5828125
10 0.5734375 0.59375 0.8171875 0.59375 0.8171875 0.665625 0.5734375 0.665625
7 0.2203125 0.271875 0.4578125 0.271875 0.4578125 0.35 0.2203125 0.35
6 0.2671875 0.4515625 0.45625 0.4515625 0.45625 0.5015625 0.2671875 0.5015625
4 0.24375 0.584375 0.4640625 0.584375 0.4640625 0.65 0.24375 0.65