6 0.1890625 0.1015625 0.2609375 0.1015625 0.2609375 0.3578125 0.1890625 0.3578125
3 0.315625 0.16875 0.36875 0.16875 0.36875 0.353125 0.315625 0.353125
0 0.4 0.103125 0.45625 0.103125 0.45625 0.3546875 0.4 0.3546875
3 0.4953125 0.178125 0.54375 0.178125 0.54375 0.3578125 0.4953125 0.3578125
9 0.5875 0.1890625 0.6390625 0.1890625 0.6390625 0.36875 0.5875 0.36875
3 0.1890625 0.3484375 0.253125 0.3484375 0.253125 0.5359375 0.1890625 0.5359375
3 0.3078125 0.3515625 0.36875 0.3515625 0.36875 0.540625 0.3078125 0.540625
3 0.4765625 0.353125 0.5296875 0.353125 0.5296875 0.534375 0.4765625 0.534375
5 0.5875 0.33125 0.6609375 0.33125 0.6609375 0.55625 0.5875 0.55625
3 0.1765625 0.5609375 0.2484375 0.5609375 0.2484375 0.75 0.1765625 0.75
9 0.2796875 0.5453125 0.34375 0.5453125 0.34375 0.7375 0.2796875 0.7375
1 0.375 0.396875 0.4515625 0.396875 0.4515625 0.728125 0.375 0.728125
3 0.5 0.53125 0.5546875 0.53125 0.5546875 0.7109375 0.5 0.7109375
5 0.60625 0.5 0.6859375 0.5 0.6859375 0.7296875 0.60625 0.7296875
1 0.371875 0.390625 0.4546875 0.390625 0.4546875 0.7328125 0.371875 0.7328125
3 0.1765625 0.5609375 0.25 0.5609375 0.25 0.753125 0.1765625 0.753125
3 0.4984375 0.5265625 0.5578125 0.5265625 0.5578125 0.715625 0.4984375 0.715625
3 0.475 0.35 0.53125 0.35 0.53125 0.5375 0.475 0.5375
3 0.4953125 0.175 0.5453125 0.175 0.5453125 0.3578125 0.4953125 0.3578125
3 0.315625 0.165625 0.3703125 0.165625 0.3703125 0.3546875 0.315625 0.3546875
3 0.30625 0.3484375 0.36875 0.3484375 0.36875 0.546875 0.30625 0.546875
3 0.1875 0.3484375 0.2546875 0.3484375 0.2546875 0.5390625 0.1875 0.5390625
0 0.396875 0.096875 0.459375 0.096875 0.459375 0.3625 0.396875 0.3625
5 0.584375 0.328125 0.6609375 0.328125 0.6609375 0.559375 0.584375 0.559375
5 0.603125 0.4921875 0.6890625 0.4921875 0.6890625 0.7328125 0.603125 0.7328125
6 0.1859375 0.0953125 0.2625 0.0953125 0.2625 0.3640625 0.1859375 0.3640625
9 0.278125 0.54375 0.3453125 0.54375 0.3453125 0.74375 0.278125 0.74375
9 0.5859375 0.1859375 0.640625 0.1859375 0.640625 0.371875 0.5859375 0.371875