6 0.30625 0.4109375 0.38125 0.4109375 0.38125 0.4703125 0.30625 0.4703125
6 0.5796875 0.559375 0.6734375 0.559375 0.6734375 0.6078125 0.5796875 0.6078125
6 0.2828125 0.5546875 0.3578125 0.5546875 0.3578125 0.6171875 0.2828125 0.6171875
6 0.0859375 0.546875 0.2015625 0.546875 0.2015625 0.6 0.0859375 0.6
4 0.7765625 0.321875 0.8734375 0.321875 0.8734375 0.3953125 0.7765625 0.3953125
4 0.3921875 0.2453125 0.484375 0.2453125 0.484375 0.3203125 0.3921875 0.3203125
4 0.384375 0.321875 0.4828125 0.321875 0.4828125 0.39375 0.384375 0.39375
4 0.3671875 0.553125 0.4578125 0.553125 0.4578125 0.6125 0.3671875 0.6125
7 0.784375 0.2390625 0.88125 0.2390625 0.88125 0.325 0.784375 0.325
7 0.7765625 0.553125 0.8671875 0.553125 0.8671875 0.615625 0.7765625 0.615625
7 0.7734375 0.625 0.8703125 0.625 0.8703125 0.6984375 0.7734375 0.6984375
7 0.3484375 0.690625 0.4671875 0.690625 0.4671875 0.76875 0.3484375 0.76875
7 0.7796875 0.384375 0.86875 0.384375 0.86875 0.4625 0.7796875 0.4625
1 0.3859375 0.40625 0.4765625 0.40625 0.4765625 0.471875 0.3859375 0.471875
10 0.771875 0.7171875 0.871875 0.7171875 0.871875 0.7890625 0.771875 0.7890625
10 0.7609375 0.478125 0.8578125 0.478125 0.8578125 0.540625 0.7609375 0.540625
10 0.3765625 0.4765625 0.4625 0.4765625 0.4625 0.546875 0.3765625 0.546875
10 0.1796875 0.39375 0.2984375 0.39375 0.2984375 0.4578125 0.1796875 0.4578125
10 0.3921875 0.1625 0.4859375 0.1625 0.4859375 0.25625 0.3921875 0.25625
10 0.3625 0.625 0.46875 0.625 0.46875 0.6875 0.3625 0.6875
9 0.684375 0.409375 0.746875 0.409375 0.746875 0.4640625 0.684375 0.4640625
9 0.678125 0.5625 0.746875 0.5625 0.746875 0.609375 0.678125 0.609375
9 0.4875 0.5578125 0.5515625 0.5578125 0.5515625 0.6078125 0.4875 0.6078125
9 0.490625 0.4203125 0.5515625 0.4203125 0.5515625 0.465625 0.490625 0.465625
9 0.5046875 0.1890625 0.5734375 0.1890625 0.5734375 0.2609375 0.5046875 0.2609375
9 0.6 0.1875 0.671875 0.1875 0.671875 0.25625 0.6 0.25625
9 0.3078125 0.1984375 0.3734375 0.1984375 0.3734375 0.2671875 0.3078125 0.2671875
9 0.203125 0.209375 0.284375 0.209375 0.284375 0.265625 0.203125 0.265625
9 0.1140625 0.4203125 0.1875 0.4203125 0.1875 0.4640625 0.1140625 0.4640625
9 0.2046875 0.5546875 0.2703125 0.5546875 0.2703125 0.603125 0.2046875 0.603125
9 0.590625 0.421875 0.646875 0.421875 0.646875 0.46875 0.590625 0.46875