3 0.1375 0.190625 0.1984375 0.190625 0.1984375 0.3484375 0.1375 0.3484375
3 0.446875 0.2015625 0.503125 0.2015625 0.503125 0.35 0.446875 0.35
3 0.5203125 0.165625 0.5734375 0.165625 0.5734375 0.321875 0.5203125 0.321875
3 0.6734375 0.1765625 0.721875 0.1765625 0.721875 0.3265625 0.6734375 0.3265625
3 0.690625 0.3171875 0.75 0.3171875 0.75 0.465625 0.690625 0.465625
3 0.45 0.334375 0.50625 0.334375 0.50625 0.478125 0.45 0.478125
3 0.4546875 0.465625 0.50625 0.465625 0.50625 0.61875 0.4546875 0.61875
3 0.265625 0.671875 0.33125 0.671875 0.33125 0.8390625 0.265625 0.8390625
9 0.6875 0.4890625 0.753125 0.4890625 0.753125 0.6390625 0.6875 0.6390625
9 0.7 0.63125 0.7703125 0.63125 0.7703125 0.809375 0.7 0.809375
9 0.21875 0.178125 0.2796875 0.178125 0.2796875 0.3609375 0.21875 0.3609375
9 0.2828125 0.1953125 0.3359375 0.1953125 0.3359375 0.3609375 0.2828125 0.3609375
9 0.3640625 0.328125 0.4265625 0.328125 0.4265625 0.4953125 0.3640625 0.4953125
9 0.125 0.3328125 0.1921875 0.3328125 0.1921875 0.50625 0.125 0.50625
9 0.203125 0.3296875 0.265625 0.3296875 0.265625 0.5078125 0.203125 0.5078125
9 0.5984375 0.1609375 0.6625 0.1609375 0.6625 0.3390625 0.5984375 0.3390625
5 0.3515625 0.16875 0.428125 0.16875 0.428125 0.3578125 0.3515625 0.3578125
5 0.05625 0.65 0.1609375 0.65 0.1609375 0.8609375 0.05625 0.8609375
5 0.540625 0.63125 0.615625 0.63125 0.615625 0.809375 0.540625 0.809375
4 0.2734375 0.2515625 0.359375 0.2515625 0.359375 0.5015625 0.2734375 0.5015625
1 0.525 0.2265625 0.596875 0.2265625 0.596875 0.4953125 0.525 0.4953125
10 0.5921875 0.225 0.675 0.225 0.675 0.49375 0.5921875 0.49375
6 0.0765625 0.4703125 0.1703125 0.4703125 0.1703125 0.66875 0.0765625 0.66875
6 0.1765625 0.4765625 0.2625 0.4765625 0.2625 0.6671875 0.1765625 0.6671875
0 0.26875 0.4828125 0.34375 0.4828125 0.34375 0.6625 0.26875 0.6625
7 0.3515625 0.403125 0.440625 0.403125 0.440625 0.65625 0.3515625 0.65625
0 0.525 0.4484375 0.590625 0.4484375 0.590625 0.6453125 0.525 0.6453125
5 0.6109375 0.428125 0.6828125 0.428125 0.6828125 0.63125 0.6109375 0.63125
11 0.1609375 0.653125 0.2515625 0.653125 0.2515625 0.84375 0.1609375 0.84375
8 0.3546875 0.6234375 0.4421875 0.6234375 0.4421875 0.840625 0.3546875 0.840625
8 0.45 0.63125 0.525 0.63125 0.525 0.8359375 0.45 0.8359375
11 0.6234375 0.63125 0.6984375 0.63125 0.6984375 0.8265625 0.6234375 0.8265625