9 0.55 0.4 0.6078125 0.4 0.6078125 0.4671875 0.55 0.4671875
9 0.6171875 0.4796875 0.6609375 0.4796875 0.6609375 0.54375 0.6171875 0.54375
9 0.6984375 0.221875 0.746875 0.221875 0.746875 0.290625 0.6984375 0.290625
9 0.6296875 0.3171875 0.678125 0.3171875 0.678125 0.3796875 0.6296875 0.3796875
9 0.353125 0.1375 0.3984375 0.1375 0.3984375 0.2015625 0.353125 0.2015625
9 0.4234375 0.2328125 0.471875 0.2328125 0.471875 0.2984375 0.4234375 0.2984375
9 0.4875 0.309375 0.5359375 0.309375 0.5359375 0.3703125 0.4875 0.3703125
9 0.69375 0.5625 0.74375 0.5625 0.74375 0.634375 0.69375 0.634375
9 0.425 0.5875 0.48125 0.5875 0.48125 0.6484375 0.425 0.6484375
9 0.4953125 0.496875 0.540625 0.496875 0.540625 0.5515625 0.4953125 0.5515625
9 0.36875 0.65625 0.4046875 0.65625 0.4046875 0.721875 0.36875 0.721875
6 0.75625 0.2078125 0.81875 0.2078125 0.81875 0.284375 0.75625 0.284375
6 0.7609375 0.3859375 0.825 0.3859375 0.825 0.4609375 0.7609375 0.4609375
6 0.76875 0.4765625 0.828125 0.4765625 0.828125 0.5453125 0.76875 0.5453125
6 0.75625 0.665625 0.825 0.665625 0.825 0.7421875 0.75625 0.7421875
7 0.625 0.1078125 0.6875 0.1078125 0.6875 0.209375 0.625 0.209375
7 0.6859375 0.3046875 0.759375 0.3046875 0.759375 0.3765625 0.6859375 0.3765625
7 0.759375 0.5671875 0.8515625 0.5671875 0.8515625 0.659375 0.759375 0.659375
7 0.5578125 0.7421875 0.621875 0.7421875 0.621875 0.8609375 0.5578125 0.8609375
7 0.4921875 0.6671875 0.5453125 0.6671875 0.5453125 0.7703125 0.4921875 0.7703125
10 0.61875 0.5671875 0.6859375 0.5671875 0.6859375 0.6515625 0.61875 0.6515625
10 0.41875 0.1078125 0.475 0.1078125 0.475 0.2046875 0.41875 0.2046875
10 0.4875 0.10625 0.540625 0.10625 0.540625 0.2046875 0.4875 0.2046875
10 0.6234375 0.39375 0.6890625 0.39375 0.6890625 0.4734375 0.6234375 0.4734375
10 0.6859375 0.484375 0.765625 0.484375 0.765625 0.559375 0.6859375 0.559375
10 0.4875 0.5703125 0.546875 0.5703125 0.546875 0.65 0.4875 0.65
10 0.7515625 0.7515625 0.8421875 0.7515625 0.8421875 0.8625 0.7515625 0.8625
4 0.4828125 0.215625 0.5453125 0.215625 0.5453125 0.3015625 0.4828125 0.3015625
4 0.615625 0.2171875 0.6875 0.2171875 0.6875 0.296875 0.615625 0.296875
4 0.5515625 0.56875 0.6125 0.56875 0.6125 0.6484375 0.5515625 0.6484375
4 0.615625 0.6484375 0.6890625 0.6484375 0.6890625 0.759375 0.615625 0.759375