3 0.6078125 0.778125 0.684375 0.778125 0.684375 0.85625 0.6078125 0.85625
3 0.403125 0.803125 0.4734375 0.803125 0.4734375 0.875 0.403125 0.875
3 0.1875 0.79375 0.2671875 0.79375 0.2671875 0.8765625 0.1875 0.8765625
3 0.0765625 0.7765625 0.165625 0.7765625 0.165625 0.8640625 0.0765625 0.8640625
3 0.1890625 0.6703125 0.2609375 0.6703125 0.2609375 0.75 0.1890625 0.75
3 0.3140625 0.678125 0.3734375 0.678125 0.3734375 0.746875 0.3140625 0.746875
3 0.5140625 0.5859375 0.5734375 0.5859375 0.5734375 0.646875 0.5140625 0.646875
3 0.4046875 0.578125 0.471875 0.578125 0.471875 0.64375 0.4046875 0.64375
3 0.6078125 0.4859375 0.6796875 0.4859375 0.6796875 0.5484375 0.6078125 0.5484375
3 0.41875 0.278125 0.4765625 0.278125 0.4765625 0.35625 0.41875 0.35625
3 0.4984375 0.2796875 0.5703125 0.2796875 0.5703125 0.3515625 0.4984375 0.3515625
3 0.6984375 0.2875 0.771875 0.2875 0.771875 0.3609375 0.6984375 0.3609375
3 0.6921875 0.196875 0.7609375 0.196875 0.7609375 0.2796875 0.6921875 0.2796875
3 0.5109375 0.1921875 0.5828125 0.1921875 0.5828125 0.2703125 0.5109375 0.2703125
3 0.5140625 0.3859375 0.5734375 0.3859375 0.5734375 0.45 0.5140625 0.45
3 0.796875 0.575 0.865625 0.575 0.865625 0.6421875 0.796875 0.6421875
3 0.7109375 0.490625 0.7921875 0.490625 0.7921875 0.55625 0.7109375 0.55625
3 0.209375 0.2703125 0.28125 0.2703125 0.28125 0.35 0.209375 0.35
3 0.1015625 0.2609375 0.1828125 0.2609375 0.1828125 0.3390625 0.1015625 0.3390625
3 0.1078125 0.3640625 0.1921875 0.3640625 0.1921875 0.43125 0.1078125 0.43125
3 0.2296875 0.3796875 0.2921875 0.3796875 0.2921875 0.4546875 0.2296875 0.4546875
3 0.10625 0.06875 0.1859375 0.06875 0.1859375 0.153125 0.10625 0.153125
3 0.3171875 0.0734375 0.384375 0.0734375 0.384375 0.1671875 0.3171875 0.1671875
9 0.496875 0.0734375 0.5640625 0.0734375 0.5640625 0.1625 0.496875 0.1625
9 0.715625 0.084375 0.7875 0.084375 0.7875 0.1734375 0.715625 0.1734375
9 0.303125 0.5609375 0.365625 0.5609375 0.365625 0.6265625 0.303125 0.6265625
9 0.5078125 0.678125 0.56875 0.678125 0.56875 0.740625 0.5078125 0.740625
9 0.4140625 0.4859375 0.4859375 0.4859375 0.4859375 0.5484375 0.4140625 0.5484375
2 0.7 0.5734375 0.778125 0.5734375 0.778125 0.6546875 0.7 0.6546875
2 0.5953125 0.0578125 0.6765625 0.0578125 0.6765625 0.1640625 0.5953125 0.1640625
2 0.2921875 0.465625 0.3796875 0.465625 0.3796875 0.5421875 0.2921875 0.5421875
8 0.078125 0.5703125 0.1765625 0.5703125 0.1765625 0.65625 0.078125 0.65625
8 0.2171875 0.153125 0.3 0.153125 0.3 0.26875 0.2171875 0.26875
8 0.4046875 0.3734375 0.4796875 0.3734375 0.4796875 0.45 0.4046875 0.45
4 0.6875 0.6671875 0.8140625 0.6671875 0.8140625 0.76875 0.6875 0.76875
5 0.8015625 0.0828125 0.896875 0.0828125 0.896875 0.1828125 0.8015625 0.1828125
5 0.796875 0.16875 0.9078125 0.16875 0.9078125 0.26875 0.796875 0.26875
2 0.6875 0.3828125 0.79375 0.3828125 0.79375 0.4609375 0.6875 0.4609375
11 0.1984375 0.4625 0.278125 0.4625 0.278125 0.5515625 0.1984375 0.5515625