5 0.6875 0.35625 0.71875 0.35625 0.71875 0.4578125 0.6875 0.4578125
5 0.5625 0.515625 0.596875 0.515625 0.596875 0.6 0.5625 0.6
5 0.53125 0.2015625 0.5625 0.2015625 0.5625 0.3015625 0.53125 0.3015625
4 0.5125 0.503125 0.54375 0.503125 0.54375 0.615625 0.5125 0.615625
4 0.5140625 0.68125 0.5546875 0.68125 0.5546875 0.8015625 0.5140625 0.8015625
2 0.5125 0.35 0.5453125 0.35 0.5453125 0.4453125 0.5125 0.4453125
2 0.4859375 0.45 0.51875 0.45 0.51875 0.5390625 0.4859375 0.5390625
2 0.6390625 0.3421875 0.671875 0.3421875 0.671875 0.4328125 0.6390625 0.4328125
2 0.6953125 0.259375 0.73125 0.259375 0.73125 0.35 0.6953125 0.35
1 0.5578125 0.409375 0.590625 0.409375 0.590625 0.525 0.5578125 0.525
1 0.56875 0.303125 0.6046875 0.303125 0.6046875 0.43125 0.56875 0.43125
0 0.5984375 0.1828125 0.6265625 0.1828125 0.6265625 0.2859375 0.5984375 0.2859375
0 0.6171875 0.5109375 0.646875 0.5109375 0.646875 0.6046875 0.6171875 0.6046875