5 0.665625 0.5125 0.7125 0.5125 0.7125 0.634375 0.665625 0.634375
5 0.6765625 0.39375 0.7203125 0.39375 0.7203125 0.5171875 0.6765625 0.5171875
1 0.5015625 0.809375 0.5421875 0.809375 0.5421875 0.975 0.5015625 0.975
10 0.553125 0.8015625 0.59375 0.8015625 0.59375 0.9671875 0.553125 0.9671875
4 0.5515625 0.153125 0.6 0.153125 0.6 0.3125 0.5515625 0.3125
7 0.490625 0.146875 0.5375 0.146875 0.5375 0.3078125 0.490625 0.3078125
8 0.3484375 0.80625 0.3875 0.80625 0.3875 0.93125 0.3484375 0.93125
8 0.309375 0.390625 0.359375 0.390625 0.359375 0.525 0.309375 0.525
11 0.34375 0.61875 0.384375 0.61875 0.384375 0.74375 0.34375 0.74375
11 0.365625 0.178125 0.409375 0.178125 0.409375 0.296875 0.365625 0.296875
6 0.3984375 0.6296875 0.4328125 0.6296875 0.4328125 0.7640625 0.3984375 0.7640625
6 0.5 0.5125 0.540625 0.5125 0.540625 0.640625 0.5 0.640625
0 0.559375 0.634375 0.59375 0.634375 0.59375 0.7625 0.559375 0.7625
0 0.503125 0.625 0.5375 0.625 0.5375 0.7546875 0.503125 0.7546875
5 0.39375 0.5265625 0.43125 0.5265625 0.43125 0.6421875 0.39375 0.6421875
5 0.38125 0.4140625 0.421875 0.4140625 0.421875 0.5328125 0.38125 0.5328125
9 0.6140625 0.296875 0.653125 0.296875 0.653125 0.39375 0.6140625 0.39375
9 0.615625 0.4125 0.653125 0.4125 0.653125 0.509375 0.615625 0.509375
9 0.6125 0.521875 0.653125 0.521875 0.653125 0.6296875 0.6125 0.6296875
9 0.61875 0.640625 0.659375 0.640625 0.659375 0.746875 0.61875 0.746875
9 0.659375 0.7265625 0.69375 0.7265625 0.69375 0.840625 0.659375 0.840625
9 0.54375 0.30625 0.590625 0.30625 0.590625 0.409375 0.54375 0.409375
9 0.55 0.3984375 0.590625 0.3984375 0.590625 0.5046875 0.55 0.5046875
9 0.559375 0.759375 0.584375 0.759375 0.584375 0.821875 0.559375 0.821875
3 0.5578125 0.515625 0.59375 0.515625 0.59375 0.628125 0.5578125 0.628125
3 0.509375 0.75625 0.540625 0.75625 0.540625 0.825 0.509375 0.825
3 0.45625 0.7375 0.484375 0.7375 0.484375 0.84375 0.45625 0.84375
3 0.45625 0.628125 0.48125 0.628125 0.48125 0.734375 0.45625 0.734375
3 0.45625 0.534375 0.48125 0.534375 0.48125 0.63125 0.45625 0.63125
3 0.4265625 0.4296875 0.465625 0.4296875 0.465625 0.5265625 0.4265625 0.5265625
3 0.496875 0.390625 0.53125 0.390625 0.53125 0.50625 0.496875 0.50625
3 0.428125 0.2796875 0.4625 0.2796875 0.4625 0.39375 0.428125 0.39375