11 0.6078125 0.759375 0.6765625 0.759375 0.6765625 0.859375 0.6078125 0.859375
11 0.5296875 0.3984375 0.5890625 0.3984375 0.5890625 0.475 0.5296875 0.475
11 0.540625 0.496875 0.60625 0.496875 0.60625 0.565625 0.540625 0.565625
11 0.3828125 0.2921875 0.4421875 0.2921875 0.4421875 0.378125 0.3828125 0.378125
8 0.596875 0.665625 0.6671875 0.665625 0.6671875 0.75625 0.596875 0.75625
8 0.5328125 0.665625 0.5984375 0.665625 0.5984375 0.7625 0.5328125 0.7625
8 0.384375 0.7734375 0.44375 0.7734375 0.44375 0.8625 0.384375 0.8625
8 0.459375 0.3890625 0.534375 0.3890625 0.534375 0.4859375 0.459375 0.4859375
9 0.7375 0.571875 0.8 0.571875 0.8 0.65625 0.7375 0.65625
9 0.6671875 0.5765625 0.7203125 0.5765625 0.7203125 0.6609375 0.6671875 0.6609375
9 0.603125 0.578125 0.6625 0.578125 0.6625 0.659375 0.603125 0.659375
9 0.46875 0.68125 0.5171875 0.68125 0.5171875 0.7625 0.46875 0.7625
9 0.4078125 0.603125 0.453125 0.603125 0.453125 0.6703125 0.4078125 0.6703125
9 0.3859375 0.3859375 0.453125 0.3859375 0.453125 0.4828125 0.3859375 0.4828125
9 0.66875 0.396875 0.73125 0.396875 0.73125 0.465625 0.66875 0.465625
9 0.7265625 0.3921875 0.790625 0.3921875 0.790625 0.4671875 0.7265625 0.4671875
9 0.73125 0.2078125 0.79375 0.2078125 0.79375 0.2921875 0.73125 0.2921875
9 0.665625 0.2109375 0.721875 0.2109375 0.721875 0.2953125 0.665625 0.2953125
9 0.453125 0.196875 0.50625 0.196875 0.50625 0.28125 0.453125 0.28125
7 0.6703125 0.75625 0.7609375 0.75625 0.7609375 0.8859375 0.6703125 0.8859375
6 0.3875 0.48125 0.440625 0.48125 0.440625 0.575 0.3875 0.575
6 0.6734375 0.3078125 0.746875 0.3078125 0.746875 0.3859375 0.6734375 0.3859375
6 0.60625 0.1 0.678125 0.1 0.678125 0.1984375 0.60625 0.1984375
6 0.53125 0.190625 0.596875 0.190625 0.596875 0.290625 0.53125 0.290625
6 0.6078125 0.490625 0.671875 0.490625 0.671875 0.5625 0.6078125 0.5625
5 0.534375 0.1 0.59375 0.1 0.59375 0.203125 0.534375 0.203125
5 0.4640625 0.29375 0.5296875 0.29375 0.5296875 0.39375 0.4640625 0.39375
3 0.7328125 0.6609375 0.7984375 0.6609375 0.7984375 0.7421875 0.7328125 0.7421875
3 0.6796875 0.6734375 0.7359375 0.6734375 0.7359375 0.7515625 0.6796875 0.7515625
3 0.39375 0.678125 0.440625 0.678125 0.440625 0.7625 0.39375 0.7625
3 0.46875 0.5828125 0.5265625 0.5828125 0.5265625 0.6640625 0.46875 0.6640625
3 0.4703125 0.4984375 0.51875 0.4984375 0.51875 0.5671875 0.4703125 0.5671875
3 0.7375 0.1234375 0.8 0.1234375 0.8 0.2 0.7375 0.2
3 0.603125 0.403125 0.659375 0.403125 0.659375 0.4734375 0.603125 0.4734375
2 0.721875 0.7578125 0.803125 0.7578125 0.803125 0.8640625 0.721875 0.8640625
2 0.3109375 0.5765625 0.3828125 0.5765625 0.3828125 0.65625 0.3109375 0.65625
2 0.5875 0.3015625 0.6546875 0.3015625 0.6546875 0.3984375 0.5875 0.3984375
0 0.540625 0.76875 0.596875 0.76875 0.596875 0.8671875 0.540625 0.8671875
0 0.5390625 0.584375 0.5984375 0.584375 0.5984375 0.6671875 0.5390625 0.6671875
0 0.73125 0.3 0.8109375 0.3 0.8109375 0.3859375 0.73125 0.3859375
0 0.665625 0.103125 0.7421875 0.103125 0.7421875 0.2046875 0.665625 0.2046875
0 0.5984375 0.196875 0.675 0.196875 0.675 0.29375 0.5984375 0.29375
0 0.4625 0.0890625 0.51875 0.0890625 0.51875 0.203125 0.4625 0.203125
0 0.39375 0.0765625 0.446875 0.0765625 0.446875 0.1921875 0.39375 0.1921875