11 0.115625 0.4109375 0.1984375 0.4109375 0.1984375 0.4828125 0.115625 0.4828125
11 0.8328125 0.4875 0.9296875 0.4875 0.9296875 0.5453125 0.8328125 0.5453125
11 0.7328125 0.4234375 0.8390625 0.4234375 0.8390625 0.4796875 0.7328125 0.4796875
9 0.728125 0.4875 0.825 0.4875 0.825 0.5578125 0.728125 0.5578125
9 0.3296875 0.1890625 0.4015625 0.1890625 0.4015625 0.2546875 0.3296875 0.2546875
9 0.3390625 0.2625 0.4109375 0.2625 0.4109375 0.3234375 0.3390625 0.3234375
9 0.2421875 0.2671875 0.3140625 0.2671875 0.3140625 0.328125 0.2421875 0.328125
9 0.234375 0.3453125 0.3203125 0.3453125 0.3203125 0.409375 0.234375 0.409375
9 0.2421875 0.4265625 0.3078125 0.4265625 0.3078125 0.4921875 0.2421875 0.4921875
9 0.55 0.3421875 0.6203125 0.3421875 0.6203125 0.3953125 0.55 0.3953125
9 0.3546875 0.65 0.4265625 0.65 0.4265625 0.721875 0.3546875 0.721875
9 0.55 0.7046875 0.615625 0.7046875 0.615625 0.7875 0.55 0.7875
9 0.65 0.7 0.7484375 0.7 0.7484375 0.79375 0.65 0.79375
9 0.2421875 0.6546875 0.325 0.6546875 0.325 0.725 0.2421875 0.725
9 0.8390625 0.190625 0.9265625 0.190625 0.9265625 0.246875 0.8390625 0.246875
8 0.3390625 0.5 0.41875 0.5 0.41875 0.565625 0.3390625 0.565625
8 0.8234375 0.2671875 0.9203125 0.2671875 0.9203125 0.328125 0.8234375 0.328125
8 0.8390625 0.3421875 0.9359375 0.3421875 0.9359375 0.4125 0.8390625 0.4125
8 0.853125 0.41875 0.95 0.41875 0.95 0.484375 0.853125 0.484375
7 0.8421875 0.625 0.9625 0.625 0.9625 0.7125 0.8421875 0.7125
6 0.3328125 0.4140625 0.43125 0.4140625 0.43125 0.484375 0.3328125 0.484375
6 0.44375 0.3453125 0.51875 0.3453125 0.51875 0.4125 0.44375 0.4125
6 0.228125 0.5671875 0.3046875 0.5671875 0.3046875 0.6375 0.228125 0.6375
6 0.5390625 0.4796875 0.640625 0.4796875 0.640625 0.5625 0.5390625 0.5625
6 0.8390625 0.5515625 0.9453125 0.5515625 0.9453125 0.621875 0.8390625 0.621875
5 0.8421875 0.7125 0.9484375 0.7125 0.9484375 0.775 0.8421875 0.775
5 0.540625 0.5671875 0.6421875 0.5671875 0.6421875 0.628125 0.540625 0.628125
3 0.115625 0.25625 0.23125 0.25625 0.23125 0.3328125 0.115625 0.3328125
3 0.7234375 0.2609375 0.8078125 0.2609375 0.8078125 0.33125 0.7234375 0.33125
3 0.73125 0.559375 0.8109375 0.559375 0.8109375 0.621875 0.73125 0.621875
3 0.5453125 0.41875 0.6296875 0.41875 0.6296875 0.4796875 0.5453125 0.4796875
3 0.6453125 0.4875 0.7328125 0.4875 0.7328125 0.5640625 0.6453125 0.5640625
3 0.3484375 0.5734375 0.4109375 0.5734375 0.4109375 0.6328125 0.3484375 0.6328125
3 0.7140625 0.1953125 0.7984375 0.1953125 0.7984375 0.2625 0.7140625 0.2625
2 0.4453125 0.709375 0.5328125 0.709375 0.5328125 0.8015625 0.4453125 0.8015625
2 0.534375 0.26875 0.625 0.26875 0.625 0.334375 0.534375 0.334375
2 0.2296875 0.15625 0.3046875 0.15625 0.3046875 0.259375 0.2296875 0.259375
0 0.11875 0.33125 0.2078125 0.33125 0.2078125 0.4109375 0.11875 0.4109375
0 0.115625 0.4984375 0.221875 0.4984375 0.221875 0.5640625 0.115625 0.5640625
0 0.446875 0.246875 0.51875 0.246875 0.51875 0.3390625 0.446875 0.3390625
0 0.4515625 0.4796875 0.53125 0.4796875 0.53125 0.5640625 0.4515625 0.5640625
0 0.6421875 0.4015625 0.725 0.4015625 0.725 0.478125 0.6421875 0.478125
0 0.640625 0.6328125 0.73125 0.6328125 0.73125 0.7 0.640625 0.7
0 0.4625 0.640625 0.5421875 0.640625 0.5421875 0.7125 0.4625 0.7125