9 0.353125 0.325 0.4328125 0.325 0.4328125 0.378125 0.353125 0.378125
9 0.4421875 0.3921875 0.5171875 0.3921875 0.5171875 0.4453125 0.4421875 0.4453125
9 0.353125 0.5234375 0.425 0.5234375 0.425 0.575 0.353125 0.575
9 0.2671875 0.5875 0.340625 0.5875 0.340625 0.65 0.2671875 0.65
9 0.440625 0.59375 0.5203125 0.59375 0.5203125 0.646875 0.440625 0.646875
9 0.53125 0.59375 0.6125 0.59375 0.6125 0.64375 0.53125 0.64375
9 0.528125 0.659375 0.6015625 0.659375 0.6015625 0.7125 0.528125 0.7125
9 0.4453125 0.7296875 0.5203125 0.7296875 0.5203125 0.79375 0.4453125 0.79375
9 0.6359375 0.7265625 0.703125 0.7265625 0.703125 0.796875 0.6359375 0.796875
9 0.621875 0.65625 0.7015625 0.65625 0.7015625 0.7109375 0.621875 0.7109375
9 0.7953125 0.65625 0.8796875 0.65625 0.8796875 0.7109375 0.7953125 0.7109375
6 0.3453125 0.25 0.428125 0.25 0.428125 0.315625 0.3453125 0.315625
6 0.44375 0.3265625 0.5109375 0.3265625 0.5109375 0.3796875 0.44375 0.3796875
6 0.5375 0.390625 0.60625 0.390625 0.60625 0.4484375 0.5375 0.4484375
6 0.3578125 0.6640625 0.4328125 0.6640625 0.4328125 0.7296875 0.3578125 0.7296875
7 0.128125 0.2328125 0.2421875 0.2328125 0.2421875 0.3125 0.128125 0.3125
7 0.7953125 0.2328125 0.9203125 0.2328125 0.9203125 0.3171875 0.7953125 0.3171875
7 0.79375 0.7265625 0.90625 0.7265625 0.90625 0.815625 0.79375 0.815625
7 0.14375 0.7234375 0.259375 0.7234375 0.259375 0.8171875 0.14375 0.8171875
7 0.5203125 0.51875 0.6171875 0.51875 0.6171875 0.5890625 0.5203125 0.5890625
10 0.1265625 0.3203125 0.2421875 0.3203125 0.2421875 0.3796875 0.1265625 0.3796875
10 0.1296875 0.39375 0.240625 0.39375 0.240625 0.45625 0.1296875 0.45625
10 0.6921875 0.39375 0.790625 0.39375 0.790625 0.459375 0.6921875 0.459375
10 0.8015625 0.4625 0.921875 0.4625 0.921875 0.51875 0.8015625 0.51875
10 0.6125 0.459375 0.728125 0.459375 0.728125 0.521875 0.6125 0.521875
10 0.240625 0.46875 0.334375 0.46875 0.334375 0.528125 0.240625 0.528125
10 0.78125 0.584375 0.903125 0.584375 0.903125 0.6640625 0.78125 0.6640625
4 0.2421875 0.3203125 0.3296875 0.3203125 0.3296875 0.378125 0.2421875 0.378125
4 0.6984375 0.3125 0.8015625 0.3125 0.8015625 0.384375 0.6984375 0.384375
4 0.24375 0.6578125 0.3375 0.6578125 0.3375 0.7375 0.24375 0.7375
1 0.70625 0.6546875 0.80625 0.6546875 0.80625 0.734375 0.70625 0.734375
1 0.5296875 0.3125 0.61875 0.3125 0.61875 0.375 0.5296875 0.375