0 0.4609375 0.540625 0.575 0.540625 0.575 0.571875 0.4609375 0.571875
0 0.4203125 0.490625 0.534375 0.490625 0.534375 0.51875 0.4203125 0.51875
7 0.096875 0.61875 0.25625 0.61875 0.25625 0.6546875 0.096875 0.6546875
4 0.075 0.575 0.2296875 0.575 0.2296875 0.609375 0.075 0.609375
11 0.225 0.7078125 0.3328125 0.7078125 0.3328125 0.74375 0.225 0.74375
11 0.5859375 0.6828125 0.7015625 0.6828125 0.7015625 0.7234375 0.5859375 0.7234375
8 0.3921875 0.728125 0.5203125 0.728125 0.5203125 0.76875 0.3921875 0.76875
8 0.790625 0.6453125 0.925 0.6453125 0.925 0.690625 0.790625 0.690625
6 0.3640625 0.565625 0.4875 0.565625 0.4875 0.590625 0.3640625 0.590625
6 0.5515625 0.63125 0.6671875 0.63125 0.6671875 0.66875 0.5515625 0.66875
1 0.609375 0.4890625 0.775 0.4890625 0.775 0.5296875 0.609375 0.5296875
10 0.5515625 0.440625 0.715625 0.440625 0.715625 0.4796875 0.5515625 0.4796875
5 0.371875 0.671875 0.490625 0.671875 0.490625 0.7125 0.371875 0.7125
5 0.4625 0.6515625 0.56875 0.6515625 0.56875 0.6859375 0.4625 0.6859375
5 0.184375 0.45625 0.2875 0.45625 0.2875 0.48125 0.184375 0.48125
5 0.2609375 0.4328125 0.3640625 0.4328125 0.3640625 0.459375 0.2609375 0.459375
3 0.2765625 0.6546875 0.3703125 0.6546875 0.3703125 0.68125 0.2765625 0.68125
3 0.3671875 0.6375 0.46875 0.6375 0.46875 0.665625 0.3671875 0.665625
3 0.4328125 0.596875 0.5265625 0.596875 0.5265625 0.625 0.4328125 0.625
3 0.525 0.5859375 0.609375 0.5859375 0.609375 0.6109375 0.525 0.6109375
3 0.61875 0.559375 0.7125 0.559375 0.7125 0.5890625 0.61875 0.5890625
3 0.3 0.590625 0.3796875 0.590625 0.3796875 0.615625 0.3 0.615625
3 0.346875 0.5171875 0.4375 0.5171875 0.4375 0.5421875 0.346875 0.5421875
3 0.5625 0.5140625 0.6203125 0.5140625 0.6203125 0.5390625 0.5625 0.5390625
9 0.1625 0.521875 0.2609375 0.521875 0.2609375 0.54375 0.1625 0.54375
9 0.2328125 0.496875 0.334375 0.496875 0.334375 0.521875 0.2328125 0.521875
9 0.3125 0.475 0.4140625 0.475 0.4140625 0.490625 0.3125 0.490625
9 0.390625 0.44375 0.49375 0.44375 0.49375 0.46875 0.390625 0.46875
9 0.45 0.384375 0.55 0.384375 0.55 0.415625 0.45 0.415625
9 0.2078125 0.5609375 0.2875 0.5609375 0.2875 0.5859375 0.2078125 0.5859375
9 0.2703125 0.5375 0.371875 0.5375 0.371875 0.565625 0.2703125 0.565625
9 0.515625 0.478125 0.609375 0.478125 0.609375 0.503125 0.515625 0.503125