5 0.471875 0.8359375 0.5484375 0.8359375 0.5484375 0.9703125 0.471875 0.9703125
5 0.5546875 0.740625 0.6140625 0.740625 0.6140625 0.8625 0.5546875 0.8625
3 0.3296875 0.8421875 0.384375 0.8421875 0.384375 0.946875 0.3296875 0.946875
3 0.2390625 0.759375 0.3046875 0.759375 0.3046875 0.853125 0.2390625 0.853125
3 0.3296875 0.640625 0.390625 0.640625 0.390625 0.7390625 0.3296875 0.7390625
3 0.2328125 0.5625 0.3046875 0.5625 0.3046875 0.653125 0.2328125 0.653125
3 0.3328125 0.4734375 0.3859375 0.4734375 0.3859375 0.5390625 0.3328125 0.5390625
3 0.215625 0.371875 0.303125 0.371875 0.303125 0.45625 0.215625 0.45625
3 0.225 0.25 0.29375 0.25 0.29375 0.3234375 0.225 0.3234375
2 0.55 0.4546875 0.61875 0.4546875 0.61875 0.540625 0.55 0.540625
2 0.69375 0.6421875 0.7703125 0.6421875 0.7703125 0.7359375 0.69375 0.7359375
2 0.75625 0.83125 0.8578125 0.83125 0.8578125 0.9546875 0.75625 0.9546875
0 0.3078125 0.2484375 0.38125 0.2484375 0.38125 0.3421875 0.3078125 0.3421875
0 0.3875 0.1359375 0.4609375 0.1359375 0.4609375 0.225 0.3875 0.225
0 0.465625 0.2328125 0.540625 0.2328125 0.540625 0.33125 0.465625 0.33125
0 0.5390625 0.1296875 0.6234375 0.1296875 0.6234375 0.21875 0.5390625 0.21875
0 0.703125 0.0953125 0.7953125 0.0953125 0.7953125 0.203125 0.703125 0.203125
0 0.634375 0.2421875 0.7015625 0.2421875 0.7015625 0.3234375 0.634375 0.3234375
0 0.7828125 0.2296875 0.8765625 0.2296875 0.8765625 0.325 0.7828125 0.325