3 0.384375 0.115625 0.440625 0.115625 0.440625 0.20625 0.384375 0.20625
3 0.384375 0.31875 0.434375 0.31875 0.434375 0.3953125 0.384375 0.3953125
3 0.465625 0.334375 0.521875 0.334375 0.521875 0.4046875 0.465625 0.4046875
3 0.5390625 0.415625 0.5890625 0.415625 0.5890625 0.49375 0.5390625 0.49375
3 0.621875 0.515625 0.6875 0.515625 0.6875 0.5875 0.621875 0.5875
3 0.625 0.3125 0.678125 0.3125 0.678125 0.3859375 0.625 0.3859375
3 0.55625 0.625 0.6125 0.625 0.6125 0.703125 0.55625 0.703125
3 0.478125 0.7203125 0.534375 0.7203125 0.534375 0.8109375 0.478125 0.8109375
3 0.409375 0.83125 0.45625 0.83125 0.45625 0.940625 0.409375 0.940625
3 0.328125 0.7265625 0.3796875 0.7265625 0.3796875 0.796875 0.328125 0.796875
3 0.396875 0.521875 0.453125 0.521875 0.453125 0.6 0.396875 0.6
3 0.3984375 0.6328125 0.453125 0.6328125 0.453125 0.7046875 0.3984375 0.7046875
3 0.24375 0.63125 0.3125 0.63125 0.3125 0.715625 0.24375 0.715625
3 0.14375 0.33125 0.215625 0.33125 0.215625 0.4078125 0.14375 0.4078125
3 0.234375 0.121875 0.3015625 0.121875 0.3015625 0.2171875 0.234375 0.2171875
4 0.621875 0.7109375 0.7125 0.7109375 0.7125 0.8234375 0.621875 0.8234375
5 0.3984375 0.73125 0.4578125 0.73125 0.4578125 0.8265625 0.3984375 0.8265625
5 0.475 0.20625 0.528125 0.20625 0.528125 0.3 0.475 0.3
2 0.3109375 0.203125 0.3734375 0.203125 0.3734375 0.3125 0.3109375 0.3125
2 0.465625 0.425 0.528125 0.425 0.528125 0.50625 0.465625 0.50625
2 0.478125 0.5171875 0.534375 0.5171875 0.534375 0.6 0.478125 0.6
2 0.234375 0.7390625 0.3109375 0.7390625 0.3109375 0.8390625 0.234375 0.8390625
8 0.3 0.4296875 0.378125 0.4296875 0.378125 0.5171875 0.3 0.5171875
8 0.1359375 0.6375 0.2296875 0.6375 0.2296875 0.73125 0.1359375 0.73125