1 0.4546875 0.40625 0.515625 0.40625 0.515625 0.4953125 0.4546875 0.4953125
4 0.45 0.5046875 0.521875 0.5046875 0.521875 0.5984375 0.45 0.5984375
4 0.525 0.4 0.59375 0.4 0.59375 0.49375 0.525 0.49375
4 0.36875 0.409375 0.44375 0.409375 0.44375 0.5 0.36875 0.5
4 0.446875 0.3046875 0.51875 0.3046875 0.51875 0.396875 0.446875 0.396875
7 0.3640625 0.809375 0.4390625 0.809375 0.4390625 0.93125 0.3640625 0.93125
7 0.371875 0.703125 0.45 0.703125 0.45 0.8125 0.371875 0.8125
7 0.4515625 0.596875 0.515625 0.596875 0.515625 0.696875 0.4515625 0.696875
7 0.5265625 0.596875 0.5984375 0.596875 0.5984375 0.696875 0.5265625 0.696875
7 0.35625 0.290625 0.43125 0.290625 0.43125 0.390625 0.35625 0.390625
10 0.459375 0.70625 0.5234375 0.70625 0.5234375 0.83125 0.459375 0.83125
10 0.671875 0.3875 0.759375 0.3875 0.759375 0.49375 0.671875 0.49375
10 0.5984375 0.2875 0.678125 0.2875 0.678125 0.390625 0.5984375 0.390625
10 0.525 0.178125 0.5890625 0.178125 0.5890625 0.2984375 0.525 0.2984375
10 0.440625 0.053125 0.509375 0.053125 0.509375 0.1953125 0.440625 0.1953125
10 0.3640625 0.0625 0.4390625 0.0625 0.4390625 0.19375 0.3640625 0.19375
10 0.2765625 0.4078125 0.3640625 0.4078125 0.3640625 0.5 0.2765625 0.5
6 0.6109375 0.496875 0.678125 0.496875 0.678125 0.5953125 0.6109375 0.5953125
6 0.3734375 0.5078125 0.4375 0.5078125 0.4375 0.596875 0.3734375 0.596875
6 0.3 0.825 0.3625 0.825 0.3625 0.93125 0.3 0.93125
6 0.4453125 0.2 0.5109375 0.2 0.5109375 0.2921875 0.4453125 0.2921875