10 0.59375 0.540625 0.66875 0.540625 0.66875 0.625 0.59375 0.625
10 0.3796875 0.45625 0.4390625 0.45625 0.4390625 0.5359375 0.3796875 0.5359375
10 0.3015625 0.5359375 0.3765625 0.5359375 0.3765625 0.628125 0.3015625 0.628125
10 0.2203125 0.446875 0.303125 0.446875 0.303125 0.53125 0.2203125 0.53125
10 0.1375 0.63125 0.2359375 0.63125 0.2359375 0.734375 0.1375 0.734375
10 0.128125 0.34375 0.228125 0.34375 0.228125 0.425 0.128125 0.425
10 0.296875 0.3546875 0.378125 0.3546875 0.378125 0.4375 0.296875 0.4375
7 0.5859375 0.825 0.65625 0.825 0.65625 0.95 0.5859375 0.95
7 0.665625 0.5515625 0.74375 0.5515625 0.74375 0.634375 0.665625 0.634375
7 0.5203125 0.45625 0.5859375 0.45625 0.5859375 0.534375 0.5203125 0.534375
7 0.4578125 0.5421875 0.5140625 0.5421875 0.5140625 0.6265625 0.4578125 0.6265625
7 0.45625 0.3546875 0.5140625 0.3546875 0.5140625 0.4359375 0.45625 0.4359375
6 0.15625 0.825 0.2375 0.825 0.2375 0.925 0.15625 0.925
6 0.45 0.8125 0.5171875 0.8125 0.5171875 0.91875 0.45 0.91875
6 0.5265625 0.3609375 0.5875 0.3609375 0.5875 0.4359375 0.5265625 0.4359375
6 0.653125 0.8265625 0.7171875 0.8265625 0.7171875 0.9265625 0.653125 0.9265625
4 0.446875 0.628125 0.5125 0.628125 0.5125 0.734375 0.446875 0.734375
4 0.3890625 0.359375 0.4453125 0.359375 0.4453125 0.4390625 0.3890625 0.4390625
4 0.2890625 0.1328125 0.371875 0.1328125 0.371875 0.253125 0.2890625 0.253125
4 0.6578125 0.1421875 0.7453125 0.1421875 0.7453125 0.2546875 0.6578125 0.2546875
1 0.3796875 0.5421875 0.446875 0.5421875 0.446875 0.63125 0.3796875 0.63125