3 0.253125 0.21875 0.3125 0.21875 0.3125 0.303125 0.253125 0.303125
3 0.246875 0.33125 0.3109375 0.33125 0.3109375 0.409375 0.246875 0.409375
3 0.2375 0.4125 0.321875 0.4125 0.321875 0.4890625 0.2375 0.4890625
3 0.25 0.5265625 0.3203125 0.5265625 0.3203125 0.6125 0.25 0.6125
3 0.3296875 0.509375 0.39375 0.509375 0.39375 0.603125 0.3296875 0.603125
3 0.2484375 0.61875 0.31875 0.61875 0.31875 0.703125 0.2484375 0.703125
3 0.2671875 0.703125 0.3203125 0.703125 0.3203125 0.79375 0.2671875 0.79375
5 0.128125 0.0671875 0.221875 0.0671875 0.221875 0.190625 0.128125 0.190625
5 0.15625 0.7953125 0.2375 0.7953125 0.2375 0.915625 0.15625 0.915625
2 0.4671875 0.090625 0.5421875 0.090625 0.5421875 0.2046875 0.4671875 0.2046875
2 0.4625 0.421875 0.534375 0.421875 0.534375 0.525 0.4625 0.525
2 0.45625 0.796875 0.53125 0.796875 0.53125 0.91875 0.45625 0.91875
3 0.54375 0.2171875 0.615625 0.2171875 0.615625 0.3140625 0.54375 0.3140625
3 0.628125 0.321875 0.696875 0.321875 0.696875 0.40625 0.628125 0.40625
3 0.696875 0.4234375 0.7796875 0.4234375 0.7796875 0.5109375 0.696875 0.5109375
3 0.6203125 0.5328125 0.6953125 0.5328125 0.6953125 0.6203125 0.6203125 0.6203125
3 0.534375 0.615625 0.609375 0.615625 0.609375 0.715625 0.534375 0.715625
3 0.625 0.7 0.6953125 0.7 0.6953125 0.8125 0.625 0.8125
3 0.690625 0.8078125 0.76875 0.8078125 0.76875 0.9359375 0.690625 0.9359375