3 0.5984375 0.28125 0.6515625 0.28125 0.6515625 0.35625 0.5984375 0.35625
3 0.5875 0.51875 0.6453125 0.51875 0.6453125 0.5875 0.5875 0.5875
3 0.5046875 0.6359375 0.55 0.6359375 0.55 0.7109375 0.5046875 0.7109375
3 0.675 0.615625 0.728125 0.615625 0.728125 0.690625 0.675 0.690625
3 0.509375 0.8578125 0.5609375 0.8578125 0.5609375 0.9453125 0.509375 0.9453125
3 0.7625 0.05 0.834375 0.05 0.834375 0.134375 0.7625 0.134375
3 0.7671875 0.16875 0.8328125 0.16875 0.8328125 0.2515625 0.7671875 0.2515625
1 0.75625 0.275 0.8625 0.275 0.8625 0.3734375 0.75625 0.3734375
1 0.75625 0.403125 0.8625 0.403125 0.8625 0.4953125 0.75625 0.4953125
1 0.75 0.6234375 0.85625 0.6234375 0.85625 0.7296875 0.75 0.7296875
1 0.7484375 0.7328125 0.86875 0.7328125 0.86875 0.8609375 0.7484375 0.8609375
2 0.75 0.515625 0.84375 0.515625 0.84375 0.596875 0.75 0.596875
2 0.66875 0.7359375 0.734375 0.7359375 0.734375 0.8546875 0.66875 0.8546875
2 0.665625 0.853125 0.740625 0.853125 0.740625 0.98125 0.665625 0.98125
2 0.75 0.853125 0.834375 0.853125 0.834375 0.971875 0.75 0.971875
6 0.1375 0.165625 0.2296875 0.165625 0.2296875 0.2640625 0.1375 0.2640625
6 0.146875 0.415625 0.23125 0.415625 0.23125 0.4875 0.146875 0.4875
6 0.1421875 0.73125 0.2296875 0.73125 0.2296875 0.828125 0.1421875 0.828125
6 0.140625 0.853125 0.228125 0.853125 0.228125 0.9734375 0.140625 0.9734375
9 0.253125 0.6234375 0.3125 0.6234375 0.3125 0.703125 0.253125 0.703125
9 0.253125 0.8484375 0.3125 0.8484375 0.3125 0.940625 0.253125 0.940625
9 0.146875 0.5171875 0.21875 0.5171875 0.21875 0.5828125 0.146875 0.5828125
9 0.1484375 0.29375 0.2234375 0.29375 0.2234375 0.371875 0.1484375 0.371875
11 0.2359375 0.165625 0.3125 0.165625 0.3125 0.26875 0.2359375 0.26875
11 0.225 0.51875 0.309375 0.51875 0.309375 0.59375 0.225 0.59375
11 0.134375 0.034375 0.228125 0.034375 0.228125 0.153125 0.134375 0.153125
0 0.678125 0.290625 0.753125 0.290625 0.753125 0.3703125 0.678125 0.3703125
0 0.675 0.028125 0.746875 0.028125 0.746875 0.1421875 0.675 0.1421875
5 0.675 0.403125 0.753125 0.403125 0.753125 0.48125 0.675 0.48125
5 0.6765625 0.146875 0.7484375 0.146875 0.7484375 0.2546875 0.6765625 0.2546875
8 0.23125 0.2859375 0.31875 0.2859375 0.31875 0.378125 0.23125 0.378125
8 0.234375 0.7328125 0.3109375 0.7328125 0.3109375 0.8390625 0.234375 0.8390625
4 0.6625 0.5140625 0.75625 0.5140625 0.75625 0.6078125 0.6625 0.6078125
10 0.1140625 0.628125 0.2328125 0.628125 0.2328125 0.734375 0.1140625 0.734375