1 0.3375 0.425 0.43125 0.425 0.43125 0.49375 0.3375 0.49375
4 0.4484375 0.496875 0.5328125 0.496875 0.5328125 0.56875 0.4484375 0.56875
4 0.546875 0.415625 0.640625 0.415625 0.640625 0.4828125 0.546875 0.4828125
4 0.640625 0.496875 0.7484375 0.496875 0.7484375 0.55625 0.640625 0.55625
4 0.228125 0.496875 0.334375 0.496875 0.334375 0.5625 0.228125 0.5625
6 0.434375 0.18125 0.521875 0.18125 0.521875 0.2515625 0.434375 0.2515625
6 0.2421875 0.4234375 0.3296875 0.4234375 0.3296875 0.4859375 0.2421875 0.4859375
6 0.4453125 0.640625 0.528125 0.640625 0.528125 0.7125 0.4453125 0.7125
6 0.6515625 0.7140625 0.7421875 0.7140625 0.7421875 0.79375 0.6515625 0.79375
7 0.6390625 0.4125 0.75 0.4125 0.75 0.478125 0.6390625 0.478125
7 0.353125 0.5671875 0.440625 0.5671875 0.440625 0.6546875 0.353125 0.6546875
7 0.234375 0.721875 0.340625 0.721875 0.340625 0.83125 0.234375 0.83125
7 0.54375 0.7140625 0.640625 0.7140625 0.640625 0.821875 0.54375 0.821875
7 0.64375 0.640625 0.759375 0.640625 0.759375 0.728125 0.64375 0.728125
10 0.4453125 0.25625 0.5328125 0.25625 0.5328125 0.334375 0.4453125 0.334375
10 0.2234375 0.334375 0.3265625 0.334375 0.3265625 0.40625 0.2234375 0.40625
10 0.4375 0.340625 0.534375 0.340625 0.534375 0.409375 0.4375 0.409375
10 0.446875 0.421875 0.534375 0.421875 0.534375 0.4875 0.446875 0.4875
10 0.115625 0.575 0.2359375 0.575 0.2359375 0.659375 0.115625 0.659375
10 0.440625 0.5671875 0.5375 0.5671875 0.5375 0.6390625 0.440625 0.6390625
10 0.4578125 0.709375 0.5453125 0.709375 0.5453125 0.8125 0.4578125 0.8125