3 0.196875 0.4328125 0.278125 0.4328125 0.278125 0.465625 0.196875 0.465625
3 0.196875 0.3875 0.278125 0.3875 0.278125 0.41875 0.196875 0.41875
3 0.2078125 0.296875 0.2734375 0.296875 0.2734375 0.3296875 0.2078125 0.3296875
3 0.2734375 0.2515625 0.3625 0.2515625 0.3625 0.2859375 0.2734375 0.2859375
3 0.2984375 0.3484375 0.36875 0.3484375 0.36875 0.3828125 0.2984375 0.3828125
3 0.3046875 0.3875 0.3765625 0.3875 0.3765625 0.4203125 0.3046875 0.4203125
3 0.4828125 0.4296875 0.5515625 0.4296875 0.5515625 0.4578125 0.4828125 0.4578125
3 0.484375 0.3859375 0.55625 0.3859375 0.55625 0.4140625 0.484375 0.4140625
3 0.475 0.353125 0.546875 0.353125 0.546875 0.38125 0.475 0.38125
3 0.4640625 0.2609375 0.5390625 0.2609375 0.5390625 0.2921875 0.4640625 0.2921875
3 0.390625 0.2640625 0.4625 0.2640625 0.4625 0.2953125 0.390625 0.2953125
3 0.384375 0.303125 0.4578125 0.303125 0.4578125 0.3328125 0.384375 0.3328125
3 0.409375 0.34375 0.46875 0.34375 0.46875 0.375 0.409375 0.375
3 0.3859375 0.3875 0.4578125 0.3875 0.4578125 0.415625 0.3859375 0.415625
0 0.471875 0.2984375 0.5609375 0.2984375 0.5609375 0.3328125 0.471875 0.3328125
0 0.2859375 0.29375 0.3640625 0.29375 0.3640625 0.3328125 0.2859375 0.3328125
0 0.2046875 0.3328125 0.2765625 0.3328125 0.2765625 0.3671875 0.2046875 0.3671875
0 0.184375 0.246875 0.2625 0.246875 0.2625 0.2890625 0.184375 0.2890625
0 0.29375 0.4296875 0.3765625 0.4296875 0.3765625 0.4640625 0.29375 0.4640625
0 0.3921875 0.41875 0.465625 0.41875 0.465625 0.446875 0.3921875 0.446875
9 0.81875 0.4234375 0.8984375 0.4234375 0.8984375 0.45 0.81875 0.45
9 0.7421875 0.4328125 0.8171875 0.4328125 0.8171875 0.4578125 0.7421875 0.4578125
9 0.659375 0.428125 0.73125 0.428125 0.73125 0.459375 0.659375 0.459375
9 0.5625 0.4359375 0.6375 0.4359375 0.6375 0.4640625 0.5625 0.4640625
9 0.653125 0.390625 0.728125 0.390625 0.728125 0.41875 0.653125 0.41875
9 0.5828125 0.3953125 0.6609375 0.3953125 0.6609375 0.425 0.5828125 0.425
9 0.8140625 0.3546875 0.890625 0.3546875 0.890625 0.3828125 0.8140625 0.3828125
9 0.7359375 0.309375 0.8046875 0.309375 0.8046875 0.3359375 0.7359375 0.3359375
9 0.796875 0.271875 0.8734375 0.271875 0.8734375 0.3 0.796875 0.3
9 0.7171875 0.2609375 0.79375 0.2609375 0.79375 0.29375 0.7171875 0.29375
9 0.6484375 0.2640625 0.7140625 0.2640625 0.7140625 0.296875 0.6484375 0.296875
9 0.5640625 0.3109375 0.63125 0.3109375 0.63125 0.3421875 0.5640625 0.3421875
9 0.7375 0.346875 0.8015625 0.346875 0.8015625 0.375 0.7375 0.375
9 0.665625 0.3515625 0.734375 0.3515625 0.734375 0.38125 0.665625 0.38125
6 0.8125 0.3078125 0.896875 0.3078125 0.896875 0.3421875 0.8125 0.3421875
6 0.5546875 0.25625 0.64375 0.25625 0.64375 0.29375 0.5546875 0.29375
6 0.64375 0.3015625 0.734375 0.3015625 0.734375 0.3375 0.64375 0.3375
6 0.56875 0.3453125 0.6625 0.3453125 0.6625 0.3828125 0.56875 0.3828125
6 0.7375 0.3859375 0.828125 0.3859375 0.828125 0.4171875 0.7375 0.4171875
6 0.825 0.390625 0.903125 0.390625 0.903125 0.4234375 0.825 0.4234375