3 0.38125 0.6546875 0.453125 0.6546875 0.453125 0.7125 0.38125 0.7125
3 0.384375 0.503125 0.4625 0.503125 0.4625 0.5640625 0.384375 0.5640625
3 0.18125 0.428125 0.2640625 0.428125 0.2640625 0.5 0.18125 0.5
3 0.484375 0.4171875 0.565625 0.4171875 0.565625 0.4765625 0.484375 0.4765625
3 0.5875 0.490625 0.671875 0.490625 0.671875 0.55 0.5875 0.55
3 0.4796875 0.284375 0.5515625 0.284375 0.5515625 0.340625 0.4796875 0.340625
3 0.38125 0.184375 0.45 0.184375 0.45 0.25625 0.38125 0.25625
1 0.4859375 0.64375 0.56875 0.64375 0.56875 0.73125 0.4859375 0.73125
1 0.253125 0.153125 0.371875 0.153125 0.371875 0.265625 0.253125 0.265625
1 0.675 0.2375 0.778125 0.2375 0.778125 0.328125 0.675 0.328125
1 0.48125 0.565625 0.5671875 0.565625 0.5671875 0.6375 0.48125 0.6375
2 0.2828125 0.421875 0.3734375 0.421875 0.3734375 0.4921875 0.2828125 0.4921875
2 0.771875 0.7203125 0.8796875 0.7203125 0.8796875 0.80625 0.771875 0.80625
2 0.5875 0.721875 0.6703125 0.721875 0.6703125 0.8015625 0.5875 0.8015625
2 0.175 0.1765625 0.259375 0.1765625 0.259375 0.2734375 0.175 0.2734375
5 0.065625 0.715625 0.1765625 0.715625 0.1765625 0.7921875 0.065625 0.7921875
5 0.475 0.3453125 0.575 0.3453125 0.575 0.409375 0.475 0.409375
4 0.4609375 0.15625 0.55625 0.15625 0.55625 0.26875 0.4609375 0.26875
0 0.1703125 0.6453125 0.2703125 0.6453125 0.2703125 0.715625 0.1703125 0.715625
0 0.78125 0.4875 0.8875 0.4875 0.8875 0.5578125 0.78125 0.5578125