8 0.434375 0.2921875 0.50625 0.2921875 0.50625 0.3953125 0.434375 0.3953125
8 0.21875 0.7203125 0.315625 0.7203125 0.315625 0.8171875 0.21875 0.8171875
5 0.6359375 0.834375 0.74375 0.834375 0.74375 0.9375 0.6359375 0.9375
5 0.128125 0.0671875 0.21875 0.0671875 0.21875 0.196875 0.128125 0.196875
5 0.2015625 0.634375 0.2984375 0.634375 0.2984375 0.71875 0.2015625 0.71875
4 0.53125 0.40625 0.621875 0.40625 0.621875 0.503125 0.53125 0.503125
2 0.4359375 0.6234375 0.5203125 0.6234375 0.5203125 0.70625 0.4359375 0.70625
2 0.3328125 0.0625 0.4078125 0.0625 0.4078125 0.196875 0.3328125 0.196875
2 0.6453125 0.2 0.721875 0.2 0.721875 0.30625 0.6453125 0.30625
2 0.0984375 0.3109375 0.2015625 0.3109375 0.2015625 0.4046875 0.0984375 0.4046875
3 0.646875 0.109375 0.728125 0.109375 0.728125 0.1890625 0.646875 0.1890625
3 0.8421875 0.309375 0.934375 0.309375 0.934375 0.3875 0.8421875 0.3875
3 0.859375 0.528125 0.95625 0.528125 0.95625 0.59375 0.859375 0.59375
3 0.7421875 0.6203125 0.8296875 0.6203125 0.8296875 0.6828125 0.7421875 0.6828125
3 0.7390625 0.5203125 0.8234375 0.5203125 0.8234375 0.590625 0.7390625 0.590625
3 0.8609375 0.734375 0.9578125 0.734375 0.9578125 0.8046875 0.8609375 0.8046875
3 0.740625 0.73125 0.8171875 0.73125 0.8171875 0.80625 0.740625 0.80625
3 0.8484375 0.83125 0.9453125 0.83125 0.9453125 0.915625 0.8484375 0.915625
3 0.4453125 0.709375 0.5203125 0.709375 0.5203125 0.7875 0.4453125 0.7875
3 0.33125 0.7296875 0.4 0.7296875 0.4 0.809375 0.33125 0.809375
3 0.321875 0.840625 0.3921875 0.840625 0.3921875 0.921875 0.321875 0.921875
3 0.428125 0.8296875 0.5 0.8296875 0.5 0.9171875 0.428125 0.9171875
3 0.1171875 0.834375 0.2046875 0.834375 0.2046875 0.934375 0.1171875 0.934375
3 0.115625 0.6171875 0.19375 0.6171875 0.19375 0.7 0.115625 0.7
3 0.334375 0.521875 0.4015625 0.521875 0.4015625 0.59375 0.334375 0.59375
3 0.35 0.434375 0.4125 0.434375 0.4125 0.5 0.35 0.5
3 0.44375 0.4234375 0.5125 0.4234375 0.5125 0.4890625 0.44375 0.4890625
3 0.546875 0.3046875 0.6171875 0.3046875 0.6171875 0.3796875 0.546875 0.3796875
3 0.5578125 0.2015625 0.6171875 0.2015625 0.6171875 0.2734375 0.5578125 0.2734375
3 0.346875 0.20625 0.4125 0.20625 0.4125 0.290625 0.346875 0.290625
3 0.2515625 0.2234375 0.315625 0.2234375 0.315625 0.290625 0.2515625 0.290625
3 0.24375 0.4171875 0.31875 0.4171875 0.31875 0.4828125 0.24375 0.4828125
3 0.6515625 0.4203125 0.7265625 0.4203125 0.7265625 0.4828125 0.6515625 0.4828125
9 0.11875 0.4296875 0.19375 0.4296875 0.19375 0.4921875 0.11875 0.4921875
9 0.1234375 0.1890625 0.19375 0.1890625 0.19375 0.2734375 0.1234375 0.2734375
9 0.621875 0.634375 0.7046875 0.634375 0.7046875 0.709375 0.621875 0.709375
9 0.553125 0.5140625 0.609375 0.5140625 0.609375 0.5890625 0.553125 0.5890625
9 0.7359375 0.4234375 0.8203125 0.4234375 0.8203125 0.4953125 0.7359375 0.4953125
11 0.5390625 0.728125 0.6296875 0.728125 0.6296875 0.815625 0.5390625 0.815625