0 0.834375 0.4484375 0.928125 0.4484375 0.928125 0.4828125 0.834375 0.4828125
0 0.20625 0.409375 0.30625 0.409375 0.30625 0.446875 0.20625 0.446875
0 0.19375 0.509375 0.29375 0.509375 0.29375 0.54375 0.19375 0.54375
0 0.496875 0.4984375 0.584375 0.4984375 0.584375 0.5296875 0.496875 0.5296875
0 0.1015625 0.6484375 0.2078125 0.6484375 0.2078125 0.6828125 0.1015625 0.6828125
0 0.60625 0.446875 0.6875 0.446875 0.6875 0.478125 0.60625 0.478125
1 0.696875 0.4453125 0.8171875 0.4453125 0.8171875 0.496875 0.696875 0.496875
1 0.0734375 0.465625 0.2125 0.465625 0.2125 0.5 0.0734375 0.5
1 0.45 0.3375 0.5734375 0.3375 0.5734375 0.390625 0.45 0.390625
2 0.109375 0.5078125 0.190625 0.5078125 0.190625 0.5421875 0.109375 0.5421875
2 0.5890625 0.653125 0.6953125 0.653125 0.6953125 0.690625 0.5890625 0.690625
2 0.30625 0.3546875 0.390625 0.3546875 0.390625 0.390625 0.30625 0.390625
2 0.3890625 0.346875 0.45 0.346875 0.45 0.3859375 0.3890625 0.3859375
4 0.109375 0.3578125 0.228125 0.3578125 0.228125 0.4015625 0.109375 0.4015625
4 0.8125 0.55 0.928125 0.55 0.928125 0.5875 0.8125 0.5875
4 0.359375 0.5453125 0.496875 0.5453125 0.496875 0.584375 0.359375 0.584375
5 0.2078125 0.646875 0.26875 0.646875 0.26875 0.6828125 0.2078125 0.6828125
5 0.2953125 0.6046875 0.378125 0.6046875 0.378125 0.6390625 0.2953125 0.6390625
5 0.209375 0.46875 0.3 0.46875 0.3 0.5 0.209375 0.5
5 0.2984375 0.5046875 0.384375 0.5046875 0.384375 0.5359375 0.2984375 0.5359375
5 0.7 0.615625 0.79375 0.615625 0.79375 0.646875 0.7 0.646875
5 0.4984375 0.7 0.6 0.7 0.6 0.740625 0.4984375 0.740625
5 0.615625 0.553125 0.7140625 0.553125 0.7140625 0.58125 0.615625 0.58125
5 0.5984375 0.346875 0.6921875 0.346875 0.6921875 0.3859375 0.5984375 0.3859375
11 0.2171875 0.6859375 0.3015625 0.6859375 0.3015625 0.725 0.2171875 0.725
11 0.3 0.696875 0.396875 0.696875 0.396875 0.7328125 0.3 0.7328125
11 0.315625 0.415625 0.390625 0.415625 0.390625 0.446875 0.315625 0.446875
11 0.7171875 0.546875 0.80625 0.546875 0.80625 0.5828125 0.7171875 0.5828125
11 0.7125 0.403125 0.8109375 0.403125 0.8109375 0.440625 0.7125 0.440625
11 0.38125 0.50625 0.49375 0.50625 0.49375 0.546875 0.38125 0.546875
10 0.578125 0.3953125 0.7 0.3953125 0.7 0.4359375 0.578125 0.4359375
10 0.265625 0.646875 0.3859375 0.646875 0.3859375 0.68125 0.265625 0.68125
10 0.0734375 0.5515625 0.2203125 0.5515625 0.2203125 0.590625 0.0734375 0.590625
9 0.8578125 0.60625 0.9421875 0.60625 0.9421875 0.64375 0.8578125 0.64375
9 0.6171875 0.603125 0.7 0.603125 0.7 0.6296875 0.6171875 0.6296875
9 0.521875 0.55 0.60625 0.55 0.60625 0.578125 0.521875 0.578125
9 0.50625 0.653125 0.5828125 0.653125 0.5828125 0.6875 0.50625 0.6875
9 0.425 0.465625 0.48125 0.465625 0.48125 0.490625 0.425 0.490625
9 0.2171875 0.6015625 0.2921875 0.6015625 0.2921875 0.63125 0.2171875 0.63125
9 0.234375 0.3578125 0.3 0.3578125 0.3 0.3984375 0.234375 0.3984375
8 0.1109375 0.68125 0.2109375 0.68125 0.2109375 0.721875 0.1109375 0.721875
8 0.1109375 0.603125 0.2109375 0.603125 0.2109375 0.634375 0.1109375 0.634375
8 0.390625 0.64375 0.503125 0.64375 0.503125 0.6875 0.390625 0.6875
8 0.503125 0.59375 0.609375 0.59375 0.609375 0.64375 0.503125 0.64375
8 0.3890625 0.409375 0.4640625 0.409375 0.4640625 0.4375 0.3890625 0.4375
8 0.2984375 0.4515625 0.4125 0.4515625 0.4125 0.4953125 0.2984375 0.4953125
7 0.465625 0.4015625 0.5875 0.4015625 0.5875 0.4421875 0.465625 0.4421875
7 0.4734375 0.446875 0.6078125 0.446875 0.6078125 0.4875 0.4734375 0.4875
7 0.371875 0.5984375 0.50625 0.5984375 0.50625 0.6421875 0.371875 0.6421875
6 0.396875 0.690625 0.49375 0.690625 0.49375 0.734375 0.396875 0.734375
6 0.75 0.65625 0.84375 0.65625 0.84375 0.690625 0.75 0.690625
6 0.703125 0.3421875 0.79375 0.3421875 0.79375 0.3859375 0.703125 0.3859375
6 0.7171875 0.5046875 0.8140625 0.5046875 0.8140625 0.5390625 0.7171875 0.5390625
6 0.6140625 0.5140625 0.715625 0.5140625 0.715625 0.540625 0.6140625 0.540625
6 0.10625 0.4265625 0.20625 0.4265625 0.20625 0.4515625 0.10625 0.4515625