11 0.7265625 0.515625 0.8109375 0.515625 0.8109375 0.5734375 0.7265625 0.5734375
11 0.73125 0.45 0.821875 0.45 0.821875 0.5125 0.73125 0.5125
11 0.45625 0.453125 0.540625 0.453125 0.540625 0.503125 0.45625 0.503125
11 0.8203125 0.515625 0.90625 0.515625 0.90625 0.5703125 0.8203125 0.5703125
9 0.825 0.25 0.915625 0.25 0.915625 0.3046875 0.825 0.3046875
9 0.6515625 0.2328125 0.7265625 0.2328125 0.7265625 0.3015625 0.6515625 0.3015625
9 0.6421875 0.309375 0.7109375 0.309375 0.7109375 0.365625 0.6421875 0.365625
9 0.4625 0.3078125 0.5375 0.3078125 0.5375 0.3625 0.4625 0.3625
9 0.3703125 0.3 0.4390625 0.3 0.4390625 0.359375 0.3703125 0.359375
9 0.3703125 0.221875 0.4515625 0.221875 0.4515625 0.290625 0.3703125 0.290625
9 0.46875 0.2265625 0.5359375 0.2265625 0.5359375 0.2875 0.46875 0.2875
9 0.546875 0.7171875 0.6375 0.7171875 0.6375 0.7828125 0.546875 0.7828125
9 0.45 0.6546875 0.5375 0.6546875 0.5375 0.7078125 0.45 0.7078125
9 0.4578125 0.5828125 0.5421875 0.5828125 0.5421875 0.6453125 0.4578125 0.6453125
9 0.64375 0.721875 0.728125 0.721875 0.728125 0.7875 0.64375 0.7875
8 0.721875 0.715625 0.8375 0.715625 0.8375 0.7765625 0.721875 0.7765625
8 0.821875 0.446875 0.9234375 0.446875 0.9234375 0.503125 0.821875 0.503125
8 0.8296875 0.3796875 0.9328125 0.3796875 0.9328125 0.440625 0.8296875 0.440625
8 0.8125 0.315625 0.925 0.315625 0.925 0.371875 0.8125 0.371875
7 0.8265625 0.640625 0.946875 0.640625 0.946875 0.7265625 0.8265625 0.7265625
6 0.646875 0.3765625 0.728125 0.3765625 0.728125 0.4328125 0.646875 0.4328125
6 0.553125 0.5078125 0.6421875 0.5078125 0.6421875 0.5734375 0.553125 0.5734375
6 0.646875 0.5859375 0.728125 0.5859375 0.728125 0.6453125 0.646875 0.6453125
6 0.8109375 0.5875 0.921875 0.5875 0.921875 0.634375 0.8109375 0.634375
6 0.55625 0.646875 0.640625 0.646875 0.640625 0.7015625 0.55625 0.7015625
5 0.55 0.578125 0.640625 0.578125 0.640625 0.6375 0.55 0.6375
5 0.8375 0.7296875 0.925 0.7296875 0.925 0.778125 0.8375 0.778125
3 0.73125 0.2421875 0.8 0.2421875 0.8 0.2984375 0.73125 0.2984375
3 0.7421875 0.3109375 0.80625 0.3109375 0.80625 0.3625 0.7421875 0.3625
3 0.5578125 0.446875 0.621875 0.446875 0.621875 0.5 0.5578125 0.5
3 0.6484375 0.525 0.71875 0.525 0.71875 0.56875 0.6484375 0.56875
3 0.371875 0.45 0.4453125 0.45 0.4453125 0.5015625 0.371875 0.5015625
3 0.4515625 0.725 0.534375 0.725 0.534375 0.7796875 0.4515625 0.7796875
3 0.73125 0.5828125 0.8046875 0.5828125 0.8046875 0.64375 0.73125 0.64375
2 0.559375 0.38125 0.64375 0.38125 0.64375 0.43125 0.559375 0.43125
2 0.55625 0.309375 0.640625 0.309375 0.640625 0.36875 0.55625 0.36875
2 0.546875 0.2265625 0.6359375 0.2265625 0.6359375 0.3 0.546875 0.3
0 0.734375 0.375 0.81875 0.375 0.81875 0.434375 0.734375 0.434375
0 0.6359375 0.4484375 0.7171875 0.4484375 0.7171875 0.503125 0.6359375 0.503125
0 0.45625 0.5125 0.540625 0.5125 0.540625 0.571875 0.45625 0.571875
0 0.3625 0.371875 0.453125 0.371875 0.453125 0.4328125 0.3625 0.4328125
0 0.4609375 0.375 0.553125 0.375 0.553125 0.434375 0.4609375 0.434375
0 0.7296875 0.6484375 0.8203125 0.6484375 0.8203125 0.7078125 0.7296875 0.7078125
0 0.646875 0.653125 0.728125 0.653125 0.728125 0.7140625 0.646875 0.7140625