10 0.540625 0.7546875 0.634375 0.7546875 0.634375 0.85 0.540625 0.85
10 0.45 0.296875 0.534375 0.296875 0.534375 0.3921875 0.45 0.3921875
10 0.3625 0.1984375 0.446875 0.1984375 0.446875 0.3125 0.3625 0.3125
10 0.5375 0.2015625 0.615625 0.2015625 0.615625 0.3125 0.5375 0.3125
10 0.63125 0.2953125 0.71875 0.2953125 0.71875 0.384375 0.63125 0.384375
10 0.546875 0.571875 0.6296875 0.571875 0.6296875 0.6546875 0.546875 0.6546875
10 0.1640625 0.38125 0.2734375 0.38125 0.2734375 0.475 0.1640625 0.475
10 0.0734375 0.3875 0.178125 0.3875 0.178125 0.478125 0.0734375 0.478125
10 0.359375 0.39375 0.453125 0.39375 0.453125 0.4875 0.359375 0.4875
7 0.453125 0.653125 0.546875 0.653125 0.546875 0.7453125 0.453125 0.7453125
7 0.26875 0.734375 0.3578125 0.734375 0.3578125 0.8625 0.26875 0.8625
7 0.3671875 0.5625 0.45 0.5625 0.45 0.659375 0.3671875 0.659375
7 0.715625 0.5609375 0.825 0.5609375 0.825 0.6609375 0.715625 0.6609375
7 0.446875 0.109375 0.534375 0.109375 0.534375 0.234375 0.446875 0.234375
7 0.26875 0.2796875 0.3625 0.2796875 0.3625 0.3890625 0.26875 0.3890625
7 0.5328125 0.38125 0.6265625 0.38125 0.6265625 0.490625 0.5328125 0.490625
7 0.0671875 0.4875 0.184375 0.4875 0.184375 0.571875 0.0671875 0.571875
4 0.625 0.74375 0.7234375 0.74375 0.7234375 0.8484375 0.625 0.8484375
4 0.715625 0.659375 0.825 0.659375 0.825 0.759375 0.715625 0.759375
4 0.6171875 0.0984375 0.7125 0.0984375 0.7125 0.2328125 0.6171875 0.2328125
4 0.26875 0.0984375 0.359375 0.0984375 0.359375 0.2296875 0.26875 0.2296875
4 0.0734375 0.2984375 0.1953125 0.2984375 0.1953125 0.3890625 0.0734375 0.3890625
4 0.0765625 0.0984375 0.1875 0.0984375 0.1875 0.2171875 0.0765625 0.2171875
1 0.3875 0.746875 0.45625 0.746875 0.45625 0.8640625 0.3875 0.8640625
1 0.26875 0.575 0.34375 0.575 0.34375 0.6578125 0.26875 0.6578125
1 0.271875 0.4828125 0.365625 0.4828125 0.365625 0.5671875 0.271875 0.5671875
1 0.1671875 0.6625 0.2703125 0.6625 0.2703125 0.7515625 0.1671875 0.7515625
1 0.0671875 0.578125 0.178125 0.578125 0.178125 0.6703125 0.0671875 0.6703125
1 0.7 0.384375 0.81875 0.384375 0.81875 0.4765625 0.7 0.4765625
4 0.6265625 0.484375 0.71875 0.484375 0.71875 0.5640625 0.6265625 0.5640625
1 0.70625 0.0984375 0.8125 0.0984375 0.8125 0.2359375 0.70625 0.2359375