3 0.7953125 0.2375 0.8921875 0.2375 0.8921875 0.3125 0.7953125 0.3125
3 0.684375 0.1390625 0.803125 0.1390625 0.803125 0.2234375 0.684375 0.2234375
3 0.5828125 0.2390625 0.6671875 0.2390625 0.6671875 0.3109375 0.5828125 0.3109375
3 0.375 0.153125 0.465625 0.153125 0.465625 0.23125 0.375 0.23125
3 0.290625 0.2390625 0.384375 0.2390625 0.384375 0.31875 0.290625 0.31875
3 0.0796875 0.2328125 0.1953125 0.2328125 0.1953125 0.3171875 0.0796875 0.3171875
3 0.184375 0.159375 0.28125 0.159375 0.28125 0.23125 0.184375 0.23125
0 0.7671875 0.6890625 0.88125 0.6890625 0.88125 0.7734375 0.7671875 0.7734375
0 0.475 0.66875 0.55625 0.66875 0.55625 0.7625 0.475 0.7625
0 0.5828125 0.596875 0.6671875 0.596875 0.6671875 0.671875 0.5828125 0.671875
0 0.375 0.6015625 0.4625 0.6015625 0.4625 0.671875 0.375 0.671875
0 0.2765625 0.53125 0.3671875 0.53125 0.3671875 0.596875 0.2765625 0.596875
0 0.175 0.603125 0.284375 0.603125 0.284375 0.6703125 0.175 0.6703125
0 0.0546875 0.66875 0.1734375 0.66875 0.1734375 0.7515625 0.0546875 0.7515625
2 0.759375 0.459375 0.884375 0.459375 0.884375 0.54375 0.759375 0.54375
2 0.4609375 0.453125 0.575 0.453125 0.575 0.528125 0.4609375 0.528125
5 0.0515625 0.44375 0.1890625 0.44375 0.1890625 0.5328125 0.0515625 0.5328125
5 0.575 0.371875 0.6828125 0.371875 0.6828125 0.44375 0.575 0.44375
5 0.2765625 0.3734375 0.3828125 0.3734375 0.3828125 0.44375 0.2765625 0.44375