7 0.6625 0.14375 0.81875 0.14375 0.81875 0.221875 0.6625 0.221875
0 0.778125 0.165625 0.91875 0.165625 0.91875 0.2171875 0.778125 0.2171875
8 0.684375 0.575 0.825 0.575 0.825 0.63125 0.684375 0.63125
5 0.8375 0.575 0.9578125 0.575 0.9578125 0.625 0.8375 0.625
0 0.815625 0.528125 0.9625 0.528125 0.9625 0.5625 0.815625 0.5625
6 0.6796875 0.5234375 0.8296875 0.5234375 0.8296875 0.5671875 0.6796875 0.5671875
11 0.825 0.4734375 0.94375 0.4734375 0.94375 0.5125 0.825 0.5125
5 0.69375 0.46875 0.8140625 0.46875 0.8140625 0.509375 0.69375 0.509375
5 0.784375 0.4171875 0.921875 0.4171875 0.921875 0.4515625 0.784375 0.4515625
11 0.684375 0.4140625 0.809375 0.4140625 0.809375 0.453125 0.684375 0.453125
4 0.7953125 0.3453125 0.96875 0.3453125 0.96875 0.390625 0.7953125 0.390625
8 0.66875 0.340625 0.7875 0.340625 0.7875 0.39375 0.66875 0.39375
5 0.790625 0.284375 0.915625 0.284375 0.915625 0.328125 0.790625 0.328125
10 0.66875 0.28125 0.8390625 0.28125 0.8390625 0.334375 0.66875 0.334375
1 0.7921875 0.221875 0.9578125 0.221875 0.9578125 0.278125 0.7921875 0.278125
6 0.678125 0.225 0.8 0.225 0.8 0.278125 0.678125 0.278125