4 0.784375 0.0796875 0.8875 0.0796875 0.8875 0.1890625 0.784375 0.1890625
0 0.6921875 0.1171875 0.75625 0.1171875 0.75625 0.2015625 0.6921875 0.2015625
10 0.5953125 0.078125 0.671875 0.078125 0.671875 0.190625 0.5953125 0.190625
0 0.4953125 0.125 0.55625 0.125 0.55625 0.2 0.4953125 0.2
7 0.4 0.1125 0.478125 0.1125 0.478125 0.21875 0.4 0.21875
1 0.3015625 0.090625 0.3859375 0.090625 0.3859375 0.2015625 0.3015625 0.2015625
8 0.2125 0.115625 0.303125 0.115625 0.303125 0.19375 0.2125 0.19375
8 0.103125 0.1015625 0.2 0.1015625 0.2 0.1921875 0.103125 0.1921875
11 0.8 0.19375 0.878125 0.19375 0.878125 0.26875 0.8 0.26875
8 0.690625 0.209375 0.76875 0.209375 0.76875 0.28125 0.690625 0.28125
3 0.5375 0.2328125 0.5875 0.2328125 0.5875 0.2921875 0.5375 0.2921875
4 0.4046875 0.2203125 0.4765625 0.2203125 0.4765625 0.3078125 0.4046875 0.3078125
9 0.3125 0.23125 0.365625 0.23125 0.365625 0.290625 0.3125 0.290625
3 0.228125 0.24375 0.290625 0.24375 0.290625 0.3 0.228125 0.3
6 0.1046875 0.215625 0.1953125 0.215625 0.1953125 0.2859375 0.1046875 0.2859375
10 0.7671875 0.3109375 0.8671875 0.3109375 0.8671875 0.3890625 0.7671875 0.3890625
8 0.6078125 0.3109375 0.675 0.3109375 0.675 0.375 0.6078125 0.375
0 0.50625 0.3171875 0.5625 0.3171875 0.5625 0.3765625 0.50625 0.3765625
6 0.3140625 0.3125 0.378125 0.3125 0.378125 0.3734375 0.3140625 0.3734375
0 0.1 0.3328125 0.1828125 0.3328125 0.1828125 0.3875 0.1 0.3875
11 0.6078125 0.4125 0.6703125 0.4125 0.6703125 0.475 0.6078125 0.475
2 0.703125 0.4234375 0.784375 0.4234375 0.784375 0.4859375 0.703125 0.4859375
2 0.4359375 0.415625 0.496875 0.415625 0.496875 0.4765625 0.4359375 0.4765625
5 0.296875 0.428125 0.36875 0.428125 0.36875 0.484375 0.296875 0.484375
1 0.184375 0.4 0.284375 0.4 0.284375 0.4671875 0.184375 0.4671875
5 0.7984375 0.50625 0.8828125 0.50625 0.8828125 0.565625 0.7984375 0.565625
10 0.590625 0.490625 0.6703125 0.490625 0.6703125 0.559375 0.590625 0.559375
2 0.50625 0.50625 0.56875 0.50625 0.56875 0.56875 0.50625 0.56875
11 0.334375 0.50625 0.4046875 0.50625 0.4046875 0.565625 0.334375 0.565625
6 0.7765625 0.590625 0.8546875 0.590625 0.8546875 0.65625 0.7765625 0.65625
7 0.584375 0.5828125 0.6609375 0.5828125 0.6609375 0.6625 0.584375 0.6625
4 0.4953125 0.59375 0.5671875 0.59375 0.5671875 0.6703125 0.4953125 0.6703125
1 0.2109375 0.5859375 0.30625 0.5859375 0.30625 0.6671875 0.2109375 0.6671875
0 0.1140625 0.6078125 0.1953125 0.6078125 0.1953125 0.6703125 0.1140625 0.6703125
5 0.78125 0.696875 0.8640625 0.696875 0.8640625 0.7734375 0.78125 0.7734375
6 0.6203125 0.6921875 0.684375 0.6921875 0.684375 0.7609375 0.6203125 0.7609375
11 0.5203125 0.6921875 0.5859375 0.6921875 0.5859375 0.7671875 0.5203125 0.7671875
2 0.409375 0.68125 0.475 0.68125 0.475 0.7546875 0.409375 0.7546875
6 0.20625 0.675 0.2859375 0.675 0.2859375 0.7484375 0.20625 0.7484375
5 0.7765625 0.8078125 0.8703125 0.8078125 0.8703125 0.8984375 0.7765625 0.8984375
8 0.5984375 0.7921875 0.6703125 0.7921875 0.6703125 0.875 0.5984375 0.875
5 0.5015625 0.778125 0.565625 0.778125 0.565625 0.865625 0.5015625 0.865625
8 0.415625 0.759375 0.48125 0.759375 0.48125 0.8375 0.415625 0.8375
6 0.321875 0.778125 0.39375 0.778125 0.39375 0.859375 0.321875 0.859375
7 0.1828125 0.778125 0.275 0.778125 0.275 0.8921875 0.1828125 0.8921875
5 0.1109375 0.7859375 0.1953125 0.7859375 0.1953125 0.865625 0.1109375 0.865625