11 0.190625 0.665625 0.275 0.665625 0.275 0.7453125 0.190625 0.7453125
11 0.4734375 0.3046875 0.5390625 0.3046875 0.5390625 0.3875 0.4734375 0.3875
11 0.5609375 0.3171875 0.6265625 0.3171875 0.6265625 0.3921875 0.5609375 0.3921875
11 0.090625 0.390625 0.184375 0.390625 0.184375 0.4671875 0.090625 0.4671875
10 0.659375 0.3046875 0.75625 0.3046875 0.75625 0.403125 0.659375 0.403125
10 0.2640625 0.76875 0.35625 0.76875 0.35625 0.890625 0.2640625 0.890625
10 0.0640625 0.7484375 0.175 0.7484375 0.175 0.8640625 0.0640625 0.8640625
9 0.7625 0.3046875 0.825 0.3046875 0.825 0.3765625 0.7625 0.3765625
8 0.2921875 0.3 0.36875 0.3 0.36875 0.3796875 0.2921875 0.3796875
8 0.4859375 0.5765625 0.5515625 0.5765625 0.5515625 0.6609375 0.4859375 0.6609375
8 0.7625 0.10625 0.8546875 0.10625 0.8546875 0.2 0.7625 0.2
8 0.7625 0.2109375 0.85 0.2109375 0.85 0.2984375 0.7625 0.2984375
8 0.0953125 0.665625 0.1828125 0.665625 0.1828125 0.75 0.0953125 0.75
7 0.378125 0.28125 0.4625 0.28125 0.4625 0.3703125 0.378125 0.3703125
7 0.378125 0.484375 0.4578125 0.484375 0.4578125 0.56875 0.378125 0.56875
7 0.546875 0.7609375 0.6265625 0.7609375 0.6265625 0.8765625 0.546875 0.8765625
6 0.096875 0.1 0.184375 0.1 0.184375 0.1984375 0.096875 0.1984375
6 0.6671875 0.0921875 0.753125 0.0921875 0.753125 0.1953125 0.6671875 0.1953125
6 0.5625 0.396875 0.634375 0.396875 0.634375 0.4671875 0.5625 0.4671875
6 0.0765625 0.4953125 0.1703125 0.4953125 0.1703125 0.5703125 0.0765625 0.5703125
6 0.0828125 0.5859375 0.175 0.5859375 0.175 0.6609375 0.0828125 0.6609375
6 0.3765625 0.765625 0.4484375 0.765625 0.4484375 0.8515625 0.3765625 0.8515625
8 0.171875 0.765625 0.2578125 0.765625 0.2578125 0.86875 0.171875 0.86875
5 0.378125 0.090625 0.4484375 0.090625 0.4484375 0.1875 0.378125 0.1875
5 0.0859375 0.2078125 0.1875 0.2078125 0.1875 0.284375 0.0859375 0.284375
5 0.0875 0.3015625 0.1859375 0.3015625 0.1859375 0.3734375 0.0875 0.3734375
5 0.296875 0.584375 0.36875 0.584375 0.36875 0.659375 0.296875 0.659375
5 0.646875 0.690625 0.721875 0.690625 0.721875 0.7921875 0.646875 0.7921875
5 0.753125 0.396875 0.846875 0.396875 0.846875 0.471875 0.753125 0.471875
4 0.56875 0.053125 0.65625 0.053125 0.65625 0.1828125 0.56875 0.1828125
4 0.753125 0.7609375 0.8640625 0.7609375 0.8640625 0.8828125 0.753125 0.8828125
4 0.2703125 0.475 0.3625 0.475 0.3625 0.5515625 0.2703125 0.5515625
3 0.303125 0.2234375 0.3734375 0.2234375 0.3734375 0.290625 0.303125 0.290625
3 0.6546875 0.2171875 0.7265625 0.2171875 0.7265625 0.2875 0.6546875 0.2875
2 0.290625 0.390625 0.3625 0.390625 0.3625 0.4625 0.290625 0.4625
2 0.740625 0.5875 0.8390625 0.5875 0.8390625 0.675 0.740625 0.675
2 0.4546875 0.771875 0.5265625 0.771875 0.5265625 0.878125 0.4546875 0.878125
2 0.38125 0.5796875 0.4515625 0.5796875 0.4515625 0.6515625 0.38125 0.6515625
1 0.46875 0.0640625 0.54375 0.0640625 0.54375 0.1953125 0.46875 0.1953125
1 0.171875 0.0796875 0.2734375 0.0796875 0.2734375 0.1984375 0.171875 0.1984375
1 0.565625 0.565625 0.6359375 0.565625 0.6359375 0.6625 0.565625 0.6625
0 0.5609375 0.4984375 0.628125 0.4984375 0.628125 0.565625 0.5609375 0.565625
0 0.2828125 0.0890625 0.3578125 0.0890625 0.3578125 0.1921875 0.2828125 0.1921875
0 0.740625 0.5078125 0.8296875 0.5078125 0.8296875 0.584375 0.740625 0.584375
0 0.746875 0.675 0.8234375 0.675 0.8234375 0.7546875 0.746875 0.7546875
0 0.6578125 0.78125 0.7328125 0.78125 0.7328125 0.8703125 0.6578125 0.8703125