1 0.253125 0.6171875 0.378125 0.6171875 0.378125 0.690625 0.253125 0.690625
1 0.675 0.6109375 0.8046875 0.6109375 0.8046875 0.690625 0.675 0.690625
1 0.478125 0.4609375 0.58125 0.4609375 0.58125 0.5375 0.478125 0.5375
1 0.578125 0.6859375 0.6796875 0.6859375 0.6796875 0.775 0.578125 0.775
4 0.1484375 0.5359375 0.2859375 0.5359375 0.2859375 0.6078125 0.1484375 0.6078125
3 0.090625 0.39375 0.1765625 0.39375 0.1765625 0.4546875 0.090625 0.4546875
3 0.284375 0.4625 0.3828125 0.4625 0.3828125 0.534375 0.284375 0.534375
3 0.778125 0.39375 0.871875 0.39375 0.871875 0.4546875 0.778125 0.4546875
3 0.68125 0.7796875 0.7796875 0.7796875 0.7796875 0.846875 0.68125 0.846875
3 0.4890625 0.771875 0.5734375 0.771875 0.5734375 0.840625 0.4890625 0.840625
3 0.275 0.771875 0.359375 0.771875 0.359375 0.840625 0.275 0.840625
3 0.06875 0.7703125 0.1671875 0.7703125 0.1671875 0.8359375 0.06875 0.8359375
2 0.384375 0.5390625 0.478125 0.5390625 0.478125 0.6046875 0.384375 0.6046875
2 0.4875 0.6125 0.578125 0.6125 0.578125 0.6828125 0.4875 0.6828125
2 0.5765625 0.54375 0.66875 0.54375 0.66875 0.609375 0.5765625 0.609375
2 0.165625 0.69375 0.26875 0.69375 0.26875 0.7734375 0.165625 0.7734375
0 0.6734375 0.465625 0.7765625 0.465625 0.7765625 0.5375 0.6734375 0.5375
0 0.3828125 0.6875 0.471875 0.6875 0.471875 0.7640625 0.3828125 0.7640625
5 0.0515625 0.609375 0.1671875 0.609375 0.1671875 0.684375 0.0515625 0.684375
5 0.7859375 0.7015625 0.8984375 0.7015625 0.8984375 0.7703125 0.7859375 0.7703125