11 0.1890625 0.4265625 0.275 0.4265625 0.275 0.484375 0.1890625 0.484375
11 0.178125 0.4890625 0.26875 0.4890625 0.26875 0.55 0.178125 0.55
11 0.4609375 0.496875 0.5421875 0.496875 0.5421875 0.546875 0.4609375 0.546875
11 0.09375 0.4296875 0.1796875 0.4296875 0.1796875 0.484375 0.09375 0.484375
9 0.084375 0.6953125 0.175 0.6953125 0.175 0.75 0.084375 0.75
9 0.275 0.6984375 0.3484375 0.6984375 0.3484375 0.76875 0.275 0.76875
9 0.2890625 0.6328125 0.3578125 0.6328125 0.3578125 0.690625 0.2890625 0.690625
9 0.4625 0.6359375 0.5390625 0.6359375 0.5390625 0.69375 0.4625 0.69375
9 0.5609375 0.640625 0.6296875 0.640625 0.6296875 0.7 0.5609375 0.7
9 0.5484375 0.709375 0.628125 0.709375 0.628125 0.778125 0.5484375 0.778125
9 0.465625 0.7125 0.53125 0.7125 0.53125 0.7734375 0.465625 0.7734375
9 0.3625 0.21875 0.4515625 0.21875 0.4515625 0.28125 0.3625 0.28125
9 0.4625 0.2921875 0.55 0.2921875 0.55 0.3453125 0.4625 0.3453125
9 0.459375 0.35625 0.54375 0.35625 0.54375 0.415625 0.459375 0.415625
9 0.2734375 0.2125 0.35625 0.2125 0.35625 0.2765625 0.2734375 0.2765625
8 0.1640625 0.2234375 0.2796875 0.2234375 0.2796875 0.2828125 0.1640625 0.2828125
8 0.0765625 0.4984375 0.178125 0.4984375 0.178125 0.553125 0.0765625 0.553125
8 0.0671875 0.559375 0.1703125 0.559375 0.1703125 0.6203125 0.0671875 0.6203125
8 0.075 0.628125 0.1875 0.628125 0.1875 0.6859375 0.075 0.6859375
7 0.053125 0.2734375 0.1734375 0.2734375 0.1734375 0.359375 0.053125 0.359375
6 0.2734375 0.5671875 0.353125 0.5671875 0.353125 0.621875 0.2734375 0.621875
6 0.359375 0.4265625 0.446875 0.4265625 0.446875 0.4921875 0.359375 0.4921875
6 0.2734375 0.353125 0.3515625 0.353125 0.3515625 0.415625 0.2734375 0.415625
6 0.078125 0.365625 0.1890625 0.365625 0.1890625 0.4125 0.078125 0.4125
6 0.359375 0.296875 0.44375 0.296875 0.44375 0.353125 0.359375 0.353125
5 0.3609375 0.3625 0.45 0.3625 0.45 0.4203125 0.3609375 0.4203125
5 0.075 0.2234375 0.1625 0.2234375 0.1625 0.2703125 0.075 0.2703125
3 0.2015625 0.7015625 0.2671875 0.7015625 0.2671875 0.7578125 0.2015625 0.7578125
3 0.19375 0.6390625 0.2578125 0.6390625 0.2578125 0.6890625 0.19375 0.6890625
3 0.3765625 0.5015625 0.4421875 0.5015625 0.4421875 0.553125 0.3765625 0.553125
3 0.28125 0.43125 0.35 0.43125 0.35 0.475 0.28125 0.475
3 0.5546875 0.4984375 0.6296875 0.4984375 0.6296875 0.5484375 0.5546875 0.5484375
3 0.4671875 0.2203125 0.5484375 0.2203125 0.5484375 0.275 0.4671875 0.275
3 0.1953125 0.3578125 0.26875 0.3578125 0.26875 0.4171875 0.1953125 0.4171875
2 0.3578125 0.56875 0.4421875 0.56875 0.4421875 0.61875 0.3578125 0.61875
2 0.3609375 0.63125 0.4453125 0.63125 0.4453125 0.690625 0.3609375 0.690625
2 0.3640625 0.7 0.453125 0.7 0.453125 0.7734375 0.3640625 0.7734375
0 0.18125 0.565625 0.265625 0.565625 0.265625 0.625 0.18125 0.625
0 0.28125 0.4953125 0.365625 0.4953125 0.365625 0.553125 0.28125 0.553125
0 0.4609375 0.4265625 0.5453125 0.4265625 0.5453125 0.4890625 0.4609375 0.4890625
0 0.5484375 0.5671875 0.6359375 0.5671875 0.6359375 0.628125 0.5484375 0.628125
0 0.446875 0.565625 0.5390625 0.565625 0.5390625 0.625 0.446875 0.625
0 0.1796875 0.2921875 0.26875 0.2921875 0.26875 0.353125 0.1796875 0.353125
0 0.2734375 0.2875 0.3515625 0.2875 0.3515625 0.346875 0.2734375 0.346875