10 0.64375 0.3671875 0.7375 0.3671875 0.7375 0.45625 0.64375 0.45625
10 0.640625 0.2703125 0.7359375 0.2703125 0.7359375 0.3671875 0.640625 0.3671875
10 0.5734375 0.4703125 0.6421875 0.4703125 0.6421875 0.5625 0.5734375 0.5625
10 0.50625 0.5734375 0.565625 0.5734375 0.565625 0.65625 0.50625 0.65625
10 0.4296875 0.659375 0.496875 0.659375 0.496875 0.759375 0.4296875 0.759375
10 0.178125 0.371875 0.26875 0.371875 0.26875 0.465625 0.178125 0.465625
10 0.43125 0.5578125 0.496875 0.5578125 0.496875 0.6390625 0.43125 0.6390625
7 0.2703125 0.4796875 0.353125 0.4796875 0.353125 0.5578125 0.2703125 0.5578125
7 0.1078125 0.25 0.1921875 0.25 0.1921875 0.353125 0.1078125 0.353125
7 0.190625 0.2609375 0.275 0.2609375 0.275 0.365625 0.190625 0.365625
7 0.278125 0.3640625 0.35 0.3640625 0.35 0.45 0.278125 0.45
7 0.509375 0.4828125 0.56875 0.4828125 0.56875 0.5609375 0.509375 0.5609375
6 0.1078125 0.171875 0.1890625 0.171875 0.1890625 0.2578125 0.1078125 0.2578125
6 0.3671875 0.5828125 0.4265625 0.5828125 0.4265625 0.6640625 0.3671875 0.6640625
6 0.3625 0.4765625 0.4125 0.4765625 0.4125 0.5546875 0.3625 0.5546875
6 0.578125 0.38125 0.634375 0.38125 0.634375 0.4484375 0.578125 0.4484375
4 0.653125 0.759375 0.74375 0.759375 0.74375 0.88125 0.653125 0.88125
4 0.509375 0.7609375 0.5828125 0.7609375 0.5828125 0.8828125 0.509375 0.8828125
4 0.353125 0.7703125 0.4234375 0.7703125 0.4234375 0.903125 0.353125 0.903125
4 0.096875 0.7734375 0.2046875 0.7734375 0.2046875 0.890625 0.096875 0.890625
1 0.4265625 0.765625 0.4921875 0.765625 0.4921875 0.878125 0.4265625 0.878125