10 0.49375 0.4 0.5875 0.4 0.5875 0.4625 0.49375 0.4625
10 0.2953125 0.4 0.3796875 0.4 0.3796875 0.465625 0.2953125 0.465625
10 0.3828125 0.253125 0.4796875 0.253125 0.4796875 0.334375 0.3828125 0.334375
10 0.209375 0.328125 0.31875 0.328125 0.31875 0.3984375 0.209375 0.3984375
10 0.10625 0.475 0.23125 0.475 0.23125 0.534375 0.10625 0.534375
10 0.2984375 0.5421875 0.39375 0.5421875 0.39375 0.603125 0.2984375 0.603125
10 0.490625 0.534375 0.590625 0.534375 0.590625 0.603125 0.490625 0.603125
7 0.784375 0.3171875 0.896875 0.3171875 0.896875 0.3921875 0.784375 0.3921875
7 0.5875 0.25 0.675 0.25 0.675 0.3359375 0.5875 0.3359375
7 0.0921875 0.1796875 0.221875 0.1796875 0.221875 0.2671875 0.0921875 0.2671875
7 0.396875 0.46875 0.484375 0.46875 0.484375 0.53125 0.396875 0.53125
7 0.3 0.66875 0.4 0.66875 0.4 0.7671875 0.3 0.7671875
6 0.6921875 0.471875 0.775 0.471875 0.775 0.534375 0.6921875 0.534375
6 0.40625 0.1859375 0.484375 0.1859375 0.484375 0.2609375 0.40625 0.2609375
6 0.4046875 0.3328125 0.4796875 0.3328125 0.4796875 0.3953125 0.4046875 0.3953125
6 0.221875 0.609375 0.30625 0.609375 0.30625 0.66875 0.221875 0.66875
4 0.584375 0.39375 0.6875 0.39375 0.6875 0.471875 0.584375 0.471875
4 0.6890625 0.153125 0.7796875 0.153125 0.7796875 0.25625 0.6890625 0.25625
4 0.4953125 0.678125 0.5921875 0.678125 0.5921875 0.76875 0.4953125 0.76875
4 0.778125 0.684375 0.8828125 0.684375 0.8828125 0.775 0.778125 0.775
1 0.4015625 0.4 0.4921875 0.4 0.4921875 0.465625 0.4015625 0.465625