2 0.809375 0.3203125 0.9109375 0.3203125 0.9109375 0.403125 0.809375 0.403125
2 0.81875 0.5265625 0.940625 0.5265625 0.940625 0.596875 0.81875 0.596875
2 0.821875 0.7296875 0.940625 0.7296875 0.940625 0.8140625 0.821875 0.8140625
2 0.728125 0.8546875 0.828125 0.8546875 0.828125 0.9453125 0.728125 0.9453125
2 0.615625 0.528125 0.7046875 0.528125 0.7046875 0.6 0.615625 0.6
2 0.5265625 0.7203125 0.6078125 0.7203125 0.6078125 0.7984375 0.5265625 0.7984375
2 0.5203125 0.540625 0.6015625 0.540625 0.6015625 0.6078125 0.5203125 0.6078125
2 0.5203125 0.33125 0.6015625 0.33125 0.6015625 0.403125 0.5203125 0.403125
2 0.6109375 0.134375 0.6984375 0.134375 0.6984375 0.225 0.6109375 0.225
2 0.3203125 0.33125 0.3953125 0.33125 0.3953125 0.409375 0.3203125 0.409375
2 0.3046875 0.5328125 0.4 0.5328125 0.4 0.6171875 0.3046875 0.6171875
2 0.209375 0.3421875 0.3 0.3421875 0.3 0.409375 0.209375 0.409375
8 0.6125 0.234375 0.696875 0.234375 0.696875 0.321875 0.6125 0.321875
8 0.696875 0.4296875 0.790625 0.4296875 0.790625 0.5109375 0.696875 0.5109375
8 0.6203125 0.6234375 0.7140625 0.6234375 0.7140625 0.7015625 0.6203125 0.7015625
8 0.6203125 0.7296875 0.7046875 0.7296875 0.7046875 0.8109375 0.6203125 0.8109375
8 0.6109375 0.84375 0.709375 0.84375 0.709375 0.9359375 0.6109375 0.9359375
8 0.409375 0.81875 0.5078125 0.81875 0.5078125 0.91875 0.409375 0.91875
8 0.3171875 0.7203125 0.4046875 0.7203125 0.4046875 0.8078125 0.3171875 0.8078125
8 0.415625 0.628125 0.5 0.628125 0.5 0.7046875 0.415625 0.7046875
8 0.0953125 0.628125 0.2078125 0.628125 0.2078125 0.71875 0.0953125 0.71875
8 0.325 0.428125 0.40625 0.428125 0.40625 0.5 0.325 0.5
8 0.5109375 0.125 0.5890625 0.125 0.5890625 0.215625 0.5109375 0.215625
8 0.415625 0.1296875 0.4953125 0.1296875 0.4953125 0.2359375 0.415625 0.2359375
8 0.215625 0.1296875 0.3015625 0.1296875 0.3015625 0.2171875 0.215625 0.2171875
8 0.084375 0.121875 0.2 0.121875 0.2 0.215625 0.084375 0.215625
8 0.2 0.728125 0.309375 0.728125 0.309375 0.81875 0.2 0.81875
8 0.103125 0.4375 0.203125 0.4375 0.203125 0.509375 0.103125 0.509375