6 0.4203125 0.29375 0.4828125 0.29375 0.4828125 0.38125 0.4203125 0.38125
6 0.4984375 0.4 0.5640625 0.4 0.5640625 0.478125 0.4984375 0.478125
6 0.4234375 0.80625 0.4859375 0.80625 0.4859375 0.909375 0.4234375 0.909375
6 0.496875 0.8125 0.55625 0.8125 0.55625 0.9140625 0.496875 0.9140625
10 0.4953125 0.28125 0.5625 0.28125 0.5625 0.3875 0.4953125 0.3875
10 0.4078125 0.0453125 0.4828125 0.0453125 0.4828125 0.1734375 0.4078125 0.1734375
10 0.4109375 0.16875 0.4828125 0.16875 0.4828125 0.284375 0.4109375 0.284375
10 0.409375 0.4 0.4796875 0.4 0.4796875 0.490625 0.409375 0.490625
10 0.415625 0.6 0.4875 0.6 0.4875 0.7 0.415625 0.7
10 0.496875 0.49375 0.5625 0.49375 0.5625 0.5859375 0.496875 0.5859375
10 0.49375 0.05 0.55625 0.05 0.55625 0.18125 0.49375 0.18125
7 0.4203125 0.6953125 0.4921875 0.6953125 0.4921875 0.8109375 0.4203125 0.8109375
7 0.503125 0.70625 0.5625 0.70625 0.5625 0.815625 0.503125 0.815625
7 0.496875 0.6 0.5625 0.6 0.5625 0.709375 0.496875 0.709375
7 0.415625 0.503125 0.4875 0.503125 0.4875 0.578125 0.415625 0.578125
7 0.490625 0.1671875 0.5625 0.1671875 0.5625 0.2828125 0.490625 0.2828125
1 0.321875 0.5046875 0.4046875 0.5046875 0.4046875 0.596875 0.321875 0.596875
4 0.315625 0.2828125 0.4 0.2828125 0.4 0.390625 0.315625 0.390625
4 0.5703125 0.1671875 0.640625 0.1671875 0.640625 0.2875 0.5703125 0.2875
4 0.575 0.384375 0.640625 0.384375 0.640625 0.4734375 0.575 0.4734375
4 0.56875 0.6 0.640625 0.6 0.640625 0.70625 0.56875 0.70625