3 0.2078125 0.1875 0.2703125 0.1875 0.2703125 0.271875 0.2078125 0.271875
3 0.19375 0.08125 0.2625 0.08125 0.2625 0.159375 0.19375 0.159375
3 0.284375 0.059375 0.353125 0.059375 0.353125 0.146875 0.284375 0.146875
3 0.290625 0.3984375 0.353125 0.3984375 0.353125 0.4609375 0.290625 0.4609375
3 0.290625 0.6 0.34375 0.6 0.34375 0.6625 0.290625 0.6625
3 0.290625 0.7 0.346875 0.7 0.346875 0.765625 0.290625 0.765625
3 0.75625 0.7140625 0.825 0.7140625 0.825 0.790625 0.75625 0.790625
1 0.596875 0.28125 0.6625 0.28125 0.6625 0.3796875 0.596875 0.3796875
1 0.5125 0.134375 0.571875 0.134375 0.571875 0.2671875 0.5125 0.2671875
1 0.434375 0.5984375 0.5 0.5984375 0.5 0.690625 0.434375 0.690625
1 0.4359375 0.396875 0.49375 0.396875 0.49375 0.475 0.4359375 0.475
2 0.515625 0.390625 0.578125 0.390625 0.578125 0.471875 0.515625 0.471875
2 0.753125 0.390625 0.83125 0.390625 0.83125 0.4703125 0.753125 0.4703125
2 0.59375 0.59375 0.653125 0.59375 0.653125 0.678125 0.59375 0.678125
2 0.434375 0.2875 0.4953125 0.2875 0.4953125 0.36875 0.434375 0.36875
6 0.596875 0.490625 0.65 0.490625 0.65 0.559375 0.596875 0.559375
6 0.5265625 0.290625 0.5796875 0.290625 0.5796875 0.3609375 0.5265625 0.3609375
6 0.19375 0.803125 0.2703125 0.803125 0.2703125 0.9015625 0.19375 0.9015625
6 0.746875 0.8140625 0.828125 0.8140625 0.828125 0.9296875 0.746875 0.9296875
9 0.5125 0.70625 0.5625 0.70625 0.5625 0.7765625 0.5125 0.7765625
9 0.66875 0.709375 0.725 0.709375 0.725 0.790625 0.66875 0.790625
9 0.215625 0.5109375 0.271875 0.5109375 0.271875 0.5734375 0.215625 0.5734375
9 0.20625 0.303125 0.265625 0.303125 0.265625 0.365625 0.20625 0.365625
11 0.525 0.6015625 0.578125 0.6015625 0.578125 0.6859375 0.525 0.6859375
11 0.7546875 0.609375 0.834375 0.609375 0.834375 0.703125 0.7546875 0.703125
11 0.184375 0.6890625 0.2671875 0.6890625 0.2671875 0.771875 0.184375 0.771875
0 0.7546875 0.059375 0.8296875 0.059375 0.8296875 0.1625 0.7546875 0.1625
0 0.35 0.4984375 0.4171875 0.4984375 0.4171875 0.56875 0.35 0.56875
5 0.26875 0.1734375 0.34375 0.1734375 0.34375 0.271875 0.26875 0.271875
5 0.35 0.809375 0.41875 0.809375 0.41875 0.909375 0.35 0.909375
8 0.596875 0.3859375 0.65625 0.3859375 0.65625 0.4609375 0.596875 0.4609375
8 0.434375 0.4984375 0.4953125 0.4984375 0.4953125 0.5734375 0.434375 0.5734375
4 0.3515625 0.690625 0.4265625 0.690625 0.4265625 0.8 0.3515625 0.8
10 0.509375 0.4984375 0.575 0.4984375 0.575 0.5828125 0.509375 0.5828125