11 0.578125 0.3546875 0.65 0.3546875 0.65 0.421875 0.578125 0.421875
11 0.59375 0.6125 0.6734375 0.6125 0.6734375 0.6875 0.59375 0.6875
11 0.415625 0.60625 0.4859375 0.60625 0.4859375 0.6828125 0.415625 0.6828125
11 0.4171875 0.440625 0.4828125 0.440625 0.4828125 0.5015625 0.4171875 0.5015625
10 0.215625 0.5265625 0.3078125 0.5265625 0.3078125 0.6109375 0.215625 0.6109375
10 0.20625 0.6328125 0.303125 0.6328125 0.303125 0.7296875 0.20625 0.7296875
10 0.2171875 0.8203125 0.3140625 0.8203125 0.3140625 0.940625 0.2171875 0.940625
9 0.23125 0.4578125 0.29375 0.4578125 0.29375 0.515625 0.23125 0.515625
9 0.653125 0.265625 0.715625 0.265625 0.715625 0.328125 0.653125 0.328125
9 0.6765625 0.3453125 0.7359375 0.3453125 0.7359375 0.40625 0.6765625 0.40625
8 0.28125 0.15625 0.365625 0.15625 0.365625 0.25 0.28125 0.25
8 0.3171875 0.3515625 0.384375 0.3515625 0.384375 0.43125 0.3171875 0.43125
8 0.4296875 0.7046875 0.4921875 0.7046875 0.4921875 0.7765625 0.4296875 0.7765625
8 0.4203125 0.8015625 0.490625 0.8015625 0.490625 0.890625 0.4203125 0.890625
8 0.1328125 0.7296875 0.2296875 0.7296875 0.2296875 0.828125 0.1328125 0.828125
8 0.4890625 0.3375 0.559375 0.3375 0.559375 0.4140625 0.4890625 0.4140625
7 0.08125 0.240625 0.196875 0.240625 0.196875 0.3375 0.08125 0.3375
7 0.3203125 0.7078125 0.4078125 0.7078125 0.4078125 0.8109375 0.3203125 0.8109375
7 0.328125 0.8015625 0.4109375 0.8015625 0.4109375 0.9203125 0.328125 0.9203125
6 0.3015625 0.253125 0.3734375 0.253125 0.3734375 0.325 0.3015625 0.325
6 0.390625 0.146875 0.4578125 0.146875 0.4578125 0.234375 0.390625 0.234375
6 0.190625 0.15 0.2703125 0.15 0.2703125 0.234375 0.190625 0.234375
6 0.1015625 0.1546875 0.1859375 0.1546875 0.1859375 0.2375 0.1015625 0.2375
6 0.3984375 0.3390625 0.459375 0.3390625 0.459375 0.4140625 0.3984375 0.4140625
6 0.134375 0.8328125 0.2140625 0.8328125 0.2140625 0.9296875 0.134375 0.9296875
5 0.1015625 0.3671875 0.203125 0.3671875 0.203125 0.4390625 0.1015625 0.4390625
5 0.14375 0.6390625 0.2234375 0.6390625 0.2234375 0.7140625 0.14375 0.7140625
5 0.4046875 0.515625 0.4578125 0.515625 0.4578125 0.58125 0.4046875 0.58125
5 0.478125 0.2578125 0.55 0.2578125 0.55 0.3296875 0.478125 0.3296875
5 0.5140625 0.796875 0.58125 0.796875 0.58125 0.8828125 0.5140625 0.8828125
5 0.6046875 0.7921875 0.68125 0.7921875 0.68125 0.89375 0.6046875 0.89375
4 0.471875 0.1359375 0.546875 0.1359375 0.546875 0.24375 0.471875 0.24375
4 0.5 0.4453125 0.571875 0.4453125 0.571875 0.5171875 0.5 0.5171875
4 0.5078125 0.525 0.578125 0.525 0.578125 0.596875 0.5078125 0.596875
3 0.5828125 0.2484375 0.6453125 0.2484375 0.6453125 0.3109375 0.5828125 0.3109375
3 0.56875 0.1640625 0.628125 0.1640625 0.628125 0.2359375 0.56875 0.2359375
3 0.240625 0.7359375 0.3046875 0.7359375 0.3046875 0.8015625 0.240625 0.8015625
2 0.1171875 0.534375 0.2015625 0.534375 0.2015625 0.609375 0.1171875 0.609375
2 0.4109375 0.259375 0.4734375 0.259375 0.4734375 0.3390625 0.4109375 0.3390625
2 0.33125 0.440625 0.3921875 0.440625 0.3921875 0.5078125 0.33125 0.5078125
2 0.334375 0.628125 0.4015625 0.628125 0.4015625 0.7078125 0.334375 0.7078125
1 0.08125 0.45 0.2 0.45 0.2 0.525 0.08125 0.525
1 0.509375 0.615625 0.584375 0.615625 0.584375 0.7046875 0.509375 0.7046875
1 0.315625 0.51875 0.3953125 0.51875 0.3953125 0.60625 0.315625 0.60625
0 0.2265625 0.36875 0.3015625 0.36875 0.3015625 0.43125 0.2265625 0.43125
0 0.20625 0.24375 0.2828125 0.24375 0.2828125 0.3265625 0.20625 0.3265625
0 0.5796875 0.446875 0.6421875 0.446875 0.6421875 0.509375 0.5796875 0.509375
0 0.5921875 0.53125 0.659375 0.53125 0.659375 0.590625 0.5921875 0.590625
0 0.534375 0.703125 0.6 0.703125 0.6 0.7796875 0.534375 0.7796875