0 0.5265625 0.475 0.61875 0.475 0.61875 0.546875 0.5265625 0.546875
0 0.8390625 0.540625 0.953125 0.540625 0.953125 0.61875 0.8390625 0.61875
2 0.1171875 0.4890625 0.228125 0.4890625 0.228125 0.5515625 0.1171875 0.5515625
2 0.634375 0.7046875 0.728125 0.7046875 0.728125 0.7765625 0.634375 0.7765625
2 0.2296875 0.628125 0.325 0.628125 0.325 0.703125 0.2296875 0.703125
2 0.71875 0.3953125 0.8171875 0.3953125 0.8171875 0.46875 0.71875 0.46875
1 0.090625 0.2265625 0.2234375 0.2265625 0.2234375 0.3359375 0.090625 0.3359375
1 0.740625 0.7078125 0.859375 0.7078125 0.859375 0.7984375 0.740625 0.7984375
1 0.2109375 0.7171875 0.3171875 0.7171875 0.3171875 0.796875 0.2109375 0.796875
1 0.325 0.3984375 0.4140625 0.3984375 0.4140625 0.4703125 0.325 0.4703125
3 0.521875 0.33125 0.6109375 0.33125 0.6109375 0.4 0.521875 0.4
3 0.615625 0.3296875 0.7109375 0.3296875 0.7109375 0.3984375 0.615625 0.3984375
3 0.7125 0.2578125 0.80625 0.2578125 0.80625 0.328125 0.7125 0.328125
3 0.7234375 0.4734375 0.81875 0.4734375 0.81875 0.5421875 0.7234375 0.5421875
3 0.625 0.4046875 0.7125 0.4046875 0.7125 0.4703125 0.625 0.4703125
3 0.4296875 0.553125 0.521875 0.553125 0.521875 0.621875 0.4296875 0.621875
3 0.2296875 0.8015625 0.3109375 0.8015625 0.3109375 0.8640625 0.2296875 0.8640625
4 0.53125 0.55625 0.6171875 0.55625 0.6171875 0.621875 0.53125 0.621875
5 0.2296875 0.5546875 0.325 0.5546875 0.325 0.6203125 0.2296875 0.6203125
5 0.53125 0.6265625 0.625 0.6265625 0.625 0.6984375 0.53125 0.6984375
6 0.43125 0.7 0.528125 0.7 0.528125 0.778125 0.43125 0.778125
6 0.5390625 0.7828125 0.6234375 0.7828125 0.6234375 0.8734375 0.5390625 0.8734375
6 0.121875 0.559375 0.2171875 0.559375 0.2171875 0.63125 0.121875 0.63125
6 0.428125 0.478125 0.515625 0.478125 0.515625 0.5453125 0.428125 0.5453125
8 0.728125 0.5515625 0.83125 0.5515625 0.83125 0.621875 0.728125 0.621875
8 0.3296875 0.7078125 0.4125 0.7078125 0.4125 0.78125 0.3296875 0.78125
9 0.4265625 0.409375 0.5125 0.409375 0.5125 0.4703125 0.4265625 0.4703125
9 0.5203125 0.40625 0.615625 0.40625 0.615625 0.46875 0.5203125 0.46875
9 0.109375 0.709375 0.1890625 0.709375 0.1890625 0.7828125 0.109375 0.7828125
9 0.63125 0.625 0.7203125 0.625 0.7203125 0.6984375 0.63125 0.6984375
10 0.853125 0.7921875 0.9828125 0.7921875 0.9828125 0.890625 0.853125 0.890625
11 0.2328125 0.321875 0.3203125 0.321875 0.3203125 0.3953125 0.2328125 0.3953125
11 0.615625 0.24375 0.7078125 0.24375 0.7078125 0.3234375 0.615625 0.3234375
11 0.328125 0.7953125 0.4203125 0.7953125 0.4203125 0.878125 0.328125 0.878125