10 0.4125 0.790625 0.484375 0.790625 0.484375 0.915625 0.4125 0.915625
10 0.8125 0.790625 0.946875 0.790625 0.946875 0.9046875 0.8125 0.9046875
10 0.5359375 0.059375 0.6171875 0.059375 0.6171875 0.1828125 0.5359375 0.1828125
6 0.8296875 0.09375 0.934375 0.09375 0.934375 0.190625 0.8296875 0.190625
6 0.634375 0.303125 0.7109375 0.303125 0.7109375 0.3734375 0.634375 0.3734375
6 0.353125 0.59375 0.415625 0.59375 0.415625 0.6609375 0.353125 0.6609375
6 0.31875 0.6984375 0.3921875 0.6984375 0.3921875 0.7734375 0.31875 0.7734375
6 0.7203125 0.5921875 0.7984375 0.5921875 0.7984375 0.6578125 0.7203125 0.6578125
5 0.8328125 0.2015625 0.921875 0.2015625 0.921875 0.290625 0.8328125 0.290625
5 0.71875 0.4984375 0.803125 0.4984375 0.803125 0.5625 0.71875 0.5625
5 0.440625 0.615625 0.4953125 0.615625 0.4953125 0.6828125 0.440625 0.6828125
5 0.1234375 0.39375 0.2171875 0.39375 0.2171875 0.4625 0.1234375 0.4625
5 0.7265625 0.3140625 0.8109375 0.3140625 0.8109375 0.384375 0.7265625 0.384375
4 0.6109375 0.4859375 0.696875 0.4859375 0.696875 0.5609375 0.6109375 0.5609375
4 0.5203125 0.4125 0.596875 0.4125 0.596875 0.490625 0.5203125 0.490625
4 0.596875 0.68125 0.6828125 0.68125 0.6828125 0.78125 0.596875 0.78125
0 0.7421875 0.18125 0.8265625 0.18125 0.8265625 0.2671875 0.7421875 0.2671875
0 0.34375 0.084375 0.4078125 0.084375 0.4078125 0.178125 0.34375 0.178125
0 0.121875 0.184375 0.2 0.184375 0.2 0.2640625 0.121875 0.2640625
0 0.30625 0.784375 0.3765625 0.784375 0.3765625 0.8734375 0.30625 0.8734375
0 0.2265625 0.675 0.303125 0.675 0.303125 0.74375 0.2265625 0.74375
3 0.54375 0.503125 0.5984375 0.503125 0.5984375 0.5578125 0.54375 0.5578125
1 0.8109375 0.30625 0.928125 0.30625 0.928125 0.396875 0.8109375 0.396875
1 0.821875 0.3953125 0.94375 0.3953125 0.94375 0.4734375 0.821875 0.4734375
1 0.43125 0.0578125 0.509375 0.0578125 0.509375 0.1875 0.43125 0.1875
2 0.640625 0.084375 0.7109375 0.084375 0.7109375 0.1921875 0.640625 0.1921875
2 0.428125 0.3 0.4953125 0.3 0.4953125 0.3625 0.428125 0.3625
2 0.2265625 0.4859375 0.30625 0.4859375 0.30625 0.5609375 0.2265625 0.5609375
2 0.615625 0.40625 0.6875 0.40625 0.6875 0.478125 0.615625 0.478125
5 0.23125 0.3 0.3046875 0.3 0.3046875 0.371875 0.23125 0.371875
3 0.1125 0.590625 0.1953125 0.590625 0.1953125 0.65 0.1125 0.65
8 0.7140625 0.3828125 0.80625 0.3828125 0.80625 0.453125 0.7140625 0.453125
8 0.634375 0.1890625 0.725 0.1890625 0.725 0.2734375 0.634375 0.2734375
6 0.5328125 0.3046875 0.6 0.3046875 0.6 0.3796875 0.5328125 0.3796875
8 0.3328125 0.284375 0.4 0.284375 0.4 0.365625 0.3328125 0.365625
8 0.3390625 0.18125 0.4140625 0.18125 0.4140625 0.2796875 0.3390625 0.2796875
8 0.2328125 0.3984375 0.3109375 0.3984375 0.3109375 0.4671875 0.2328125 0.4671875
8 0.425 0.690625 0.5015625 0.690625 0.5015625 0.7734375 0.425 0.7734375
11 0.428125 0.4796875 0.49375 0.4796875 0.49375 0.5453125 0.428125 0.5453125
11 0.6125 0.578125 0.684375 0.578125 0.684375 0.6484375 0.6125 0.6484375
11 0.121875 0.2953125 0.20625 0.2953125 0.20625 0.371875 0.121875 0.371875
11 0.221875 0.565625 0.30625 0.565625 0.30625 0.6359375 0.221875 0.6359375
9 0.3359375 0.5109375 0.3875 0.5109375 0.3875 0.5703125 0.3359375 0.5703125
7 0.3125 0.4 0.396875 0.4 0.396875 0.475 0.3125 0.475
7 0.0984375 0.053125 0.2125 0.053125 0.2125 0.1734375 0.0984375 0.1734375
7 0.1015625 0.775 0.2265625 0.775 0.2265625 0.890625 0.1015625 0.890625