11 0.825 0.825 0.921875 0.825 0.921875 0.9375 0.825 0.9375
11 0.728125 0.828125 0.8171875 0.828125 0.8171875 0.940625 0.728125 0.940625
11 0.81875 0.703125 0.909375 0.703125 0.909375 0.80625 0.81875 0.80625
11 0.73125 0.7125 0.815625 0.7125 0.815625 0.815625 0.73125 0.815625
11 0.728125 0.603125 0.8203125 0.603125 0.8203125 0.7 0.728125 0.7
11 0.3171875 0.2765625 0.3890625 0.2765625 0.3890625 0.3703125 0.3171875 0.3703125
11 0.2171875 0.2734375 0.3 0.2734375 0.3 0.3640625 0.2171875 0.3640625
11 0.3046875 0.1625 0.378125 0.1625 0.378125 0.265625 0.3046875 0.265625
11 0.2109375 0.134375 0.29375 0.134375 0.29375 0.25 0.2109375 0.25
11 0.3125 0.01875 0.3875 0.01875 0.3875 0.1421875 0.3125 0.1421875
11 0.2078125 0.0109375 0.2921875 0.0109375 0.2921875 0.1265625 0.2078125 0.1265625