8 0.5046875 0.54375 0.58125 0.54375 0.58125 0.578125 0.5046875 0.578125
6 0.509375 0.4375 0.58125 0.4375 0.58125 0.46875 0.509375 0.46875
5 0.396875 0.3328125 0.4734375 0.3328125 0.4734375 0.371875 0.396875 0.371875
5 0.1828125 0.3375 0.2734375 0.3375 0.2734375 0.3734375 0.1828125 0.3734375
5 0.0625 0.390625 0.159375 0.390625 0.159375 0.425 0.0625 0.425
5 0.15625 0.48125 0.246875 0.48125 0.246875 0.515625 0.15625 0.515625
11 0.1671875 0.584375 0.25625 0.584375 0.25625 0.621875 0.1671875 0.621875
0 0.06875 0.54375 0.159375 0.54375 0.159375 0.5734375 0.06875 0.5734375
11 0.153125 0.678125 0.2453125 0.678125 0.2453125 0.721875 0.153125 0.721875
0 0.49375 0.6375 0.56875 0.6375 0.56875 0.675 0.49375 0.675
8 0.6 0.33125 0.684375 0.33125 0.684375 0.365625 0.6 0.365625