11 0.51875 0.4859375 0.5984375 0.4859375 0.5984375 0.559375 0.51875 0.559375
11 0.2421875 0.4921875 0.3171875 0.4921875 0.3171875 0.5578125 0.2421875 0.5578125
11 0.5921875 0.61875 0.6859375 0.61875 0.6859375 0.684375 0.5921875 0.684375
11 0.5953125 0.5546875 0.69375 0.5546875 0.69375 0.6234375 0.5953125 0.6234375
9 0.7984375 0.346875 0.88125 0.346875 0.88125 0.4125 0.7984375 0.4125
9 0.5953125 0.29375 0.6625 0.29375 0.6625 0.3484375 0.5953125 0.3484375
9 0.4234375 0.28125 0.5 0.28125 0.5 0.34375 0.4234375 0.34375
9 0.5125 0.3609375 0.590625 0.3609375 0.590625 0.4171875 0.5125 0.4171875
9 0.353125 0.628125 0.409375 0.628125 0.409375 0.684375 0.353125 0.684375
9 0.346875 0.6921875 0.4125 0.6921875 0.4125 0.759375 0.346875 0.759375
9 0.3265625 0.5546875 0.4015625 0.5546875 0.4015625 0.6265625 0.3265625 0.6265625
9 0.5234375 0.6921875 0.6046875 0.6921875 0.6046875 0.753125 0.5234375 0.753125
9 0.6953125 0.6875 0.7765625 0.6875 0.7765625 0.753125 0.6953125 0.753125
9 0.6734375 0.628125 0.76875 0.628125 0.76875 0.68125 0.6734375 0.68125
9 0.5015625 0.6234375 0.5953125 0.6234375 0.5953125 0.6859375 0.5015625 0.6859375
8 0.6859375 0.41875 0.7875 0.41875 0.7875 0.4875 0.6859375 0.4875
8 0.509375 0.4375 0.60625 0.4375 0.60625 0.4875 0.509375 0.4875
8 0.7671875 0.496875 0.8859375 0.496875 0.8859375 0.55625 0.7671875 0.55625
8 0.240625 0.5546875 0.3359375 0.5546875 0.3359375 0.6265625 0.240625 0.6265625
7 0.79375 0.1953125 0.925 0.1953125 0.925 0.2875 0.79375 0.2875
6 0.696875 0.50625 0.79375 0.50625 0.79375 0.5609375 0.696875 0.5609375
6 0.7609375 0.5609375 0.86875 0.5609375 0.86875 0.63125 0.7609375 0.63125
6 0.509375 0.5625 0.59375 0.5625 0.59375 0.6296875 0.509375 0.6296875
6 0.4359375 0.55 0.50625 0.55 0.50625 0.6296875 0.4359375 0.6296875
6 0.146875 0.5625 0.2421875 0.5625 0.2421875 0.628125 0.146875 0.628125
5 0.31875 0.2875 0.41875 0.2875 0.41875 0.35 0.31875 0.35
5 0.6109375 0.4296875 0.6953125 0.4296875 0.6953125 0.4890625 0.6109375 0.4890625
3 0.590625 0.49375 0.678125 0.49375 0.678125 0.55625 0.590625 0.55625
3 0.4296875 0.4265625 0.515625 0.4265625 0.515625 0.4828125 0.4296875 0.4828125
3 0.4203125 0.4921875 0.509375 0.4921875 0.509375 0.5578125 0.4203125 0.5578125
3 0.34375 0.4171875 0.425 0.4171875 0.425 0.496875 0.34375 0.496875
3 0.246875 0.625 0.3265625 0.625 0.3265625 0.690625 0.246875 0.690625
3 0.2421875 0.690625 0.3375 0.690625 0.3375 0.759375 0.2421875 0.759375
3 0.775 0.684375 0.8453125 0.684375 0.8453125 0.765625 0.775 0.765625
2 0.1375 0.6875 0.2234375 0.6875 0.2234375 0.7640625 0.1375 0.7640625
2 0.434375 0.6875 0.5171875 0.6875 0.5171875 0.759375 0.434375 0.759375
2 0.415625 0.625 0.503125 0.625 0.503125 0.690625 0.415625 0.690625
0 0.6875 0.3578125 0.7890625 0.3578125 0.7890625 0.4265625 0.6875 0.4265625
0 0.61875 0.359375 0.690625 0.359375 0.690625 0.41875 0.61875 0.41875
0 0.7828125 0.634375 0.8875 0.634375 0.8875 0.7 0.7828125 0.7
0 0.6125 0.690625 0.678125 0.690625 0.678125 0.76875 0.6125 0.76875
0 0.1125 0.196875 0.2234375 0.196875 0.2234375 0.2734375 0.1125 0.2734375
0 0.3328125 0.4953125 0.4140625 0.4953125 0.4140625 0.55 0.3328125 0.55
0 0.7015625 0.571875 0.784375 0.571875 0.784375 0.628125 0.7015625 0.628125