5 0.30625 0.3640625 0.421875 0.3640625 0.421875 0.41875 0.30625 0.41875
0 0.31875 0.3078125 0.4078125 0.3078125 0.4078125 0.3578125 0.31875 0.3578125
8 0.434375 0.4875 0.5375 0.4875 0.5375 0.5375 0.434375 0.5375
11 0.5375 0.553125 0.653125 0.553125 0.653125 0.5890625 0.5375 0.5890625
4 0.5375 0.428125 0.671875 0.428125 0.671875 0.48125 0.5375 0.48125
10 0.6625 0.425 0.8109375 0.425 0.8109375 0.4765625 0.6625 0.4765625
7 0.5328125 0.359375 0.68125 0.359375 0.68125 0.4125 0.5328125 0.4125
1 0.5515625 0.2359375 0.68125 0.2359375 0.68125 0.303125 0.5515625 0.303125
11 0.4203125 0.19375 0.5234375 0.19375 0.5234375 0.24375 0.4203125 0.24375
5 0.4296875 0.253125 0.546875 0.253125 0.546875 0.3015625 0.4296875 0.3015625
6 0.653125 0.26875 0.775 0.26875 0.775 0.315625 0.653125 0.315625
8 0.64375 0.3140625 0.7796875 0.3140625 0.7796875 0.365625 0.64375 0.365625
5 0.746875 0.3765625 0.853125 0.3765625 0.853125 0.4125 0.746875 0.4125
6 0.7375 0.325 0.8765625 0.325 0.8765625 0.3640625 0.7375 0.3640625
5 0.853125 0.2 0.9609375 0.2 0.9609375 0.253125 0.853125 0.253125
0 0.8671875 0.3234375 0.99375 0.3234375 0.99375 0.3640625 0.8671875 0.3640625