6 0.45625 0.721875 0.5046875 0.721875 0.5046875 0.7921875 0.45625 0.7921875
6 0.509375 0.7140625 0.565625 0.7140625 0.565625 0.7890625 0.509375 0.7890625
6 0.3921875 0.7359375 0.434375 0.7359375 0.434375 0.809375 0.3921875 0.809375
6 0.2578125 0.715625 0.31875 0.715625 0.31875 0.784375 0.2578125 0.784375
4 0.5078125 0.5640625 0.5578125 0.5640625 0.5578125 0.6453125 0.5078125 0.6453125
4 0.3125 0.55 0.365625 0.55 0.365625 0.6296875 0.3125 0.6296875
4 0.2375 0.546875 0.3015625 0.546875 0.3015625 0.6328125 0.2375 0.6328125
4 0.3 0.215625 0.3640625 0.215625 0.3640625 0.3 0.3 0.3
7 0.625 0.546875 0.6953125 0.546875 0.6953125 0.64375 0.625 0.64375
7 0.2234375 0.2078125 0.2953125 0.2078125 0.2953125 0.2875 0.2234375 0.2875
7 0.5046875 0.209375 0.5546875 0.209375 0.5546875 0.2984375 0.5046875 0.2984375
7 0.5609375 0.209375 0.6234375 0.209375 0.6234375 0.2953125 0.5609375 0.2953125
7 0.3625 0.2078125 0.4265625 0.2078125 0.4265625 0.3015625 0.3625 0.3015625
1 0.384375 0.5484375 0.4359375 0.5484375 0.4359375 0.63125 0.384375 0.63125
10 0.63125 0.803125 0.7 0.803125 0.7 0.9078125 0.63125 0.9078125
10 0.1609375 0.5578125 0.240625 0.5578125 0.240625 0.6390625 0.1609375 0.6390625
10 0.153125 0.21875 0.240625 0.21875 0.240625 0.3046875 0.153125 0.3046875
10 0.634375 0.2078125 0.7 0.2078125 0.7 0.2953125 0.634375 0.2953125
10 0.440625 0.2109375 0.49375 0.2109375 0.49375 0.3046875 0.440625 0.3046875
10 0.4453125 0.5453125 0.4953125 0.5453125 0.4953125 0.6421875 0.4453125 0.6421875
10 0.5671875 0.5578125 0.6203125 0.5578125 0.6203125 0.64375 0.5671875 0.64375
9 0.5734375 0.7140625 0.6171875 0.7140625 0.6171875 0.7859375 0.5734375 0.7859375
9 0.3265625 0.71875 0.375 0.71875 0.375 0.7859375 0.3265625 0.7859375
9 0.20625 0.796875 0.2578125 0.796875 0.2578125 0.8671875 0.20625 0.8671875
9 0.209375 0.7203125 0.2515625 0.7203125 0.2515625 0.784375 0.209375 0.784375
9 0.1984375 0.6453125 0.2515625 0.6453125 0.2515625 0.7125 0.1984375 0.7125
9 0.2625 0.64375 0.31875 0.64375 0.31875 0.7125 0.2625 0.7125
9 0.328125 0.640625 0.36875 0.640625 0.36875 0.7 0.328125 0.7
9 0.384375 0.6375 0.4328125 0.6375 0.4328125 0.69375 0.384375 0.69375
9 0.453125 0.65 0.4984375 0.65 0.4984375 0.703125 0.453125 0.703125
9 0.50625 0.653125 0.5515625 0.653125 0.5515625 0.709375 0.50625 0.709375
9 0.5671875 0.6546875 0.6125 0.6546875 0.6125 0.7109375 0.5671875 0.7109375