1 0.2609375 0.1375 0.346875 0.1375 0.346875 0.2671875 0.2609375 0.2671875
1 0.159375 0.5875 0.275 0.5875 0.275 0.69375 0.159375 0.69375
1 0.6796875 0.38125 0.78125 0.38125 0.78125 0.475 0.6796875 0.475
1 0.7625 0.59375 0.878125 0.59375 0.878125 0.6921875 0.7625 0.6921875
4 0.5171875 0.4859375 0.5875 0.4859375 0.5875 0.5734375 0.5171875 0.5734375
0 0.759375 0.8265625 0.846875 0.8265625 0.846875 0.9328125 0.759375 0.9328125
0 0.3671875 0.0125 0.434375 0.0125 0.434375 0.140625 0.3671875 0.140625
2 0.4390625 0.375 0.5046875 0.375 0.5046875 0.4734375 0.4390625 0.4734375
2 0.5984375 0.6078125 0.678125 0.6078125 0.678125 0.6875 0.5984375 0.6875
2 0.5984375 0.159375 0.6734375 0.159375 0.6734375 0.2703125 0.5984375 0.2703125
2 0.68125 0.0328125 0.7609375 0.0328125 0.7609375 0.1515625 0.68125 0.1515625
1 0.425 0.8171875 0.4953125 0.8171875 0.4953125 0.925 0.425 0.925
1 0.184375 0.0125 0.271875 0.0125 0.271875 0.1359375 0.184375 0.1359375
3 0.3046875 0.3953125 0.3609375 0.3953125 0.3609375 0.4625 0.3046875 0.4625
3 0.53125 0.3859375 0.5875 0.3859375 0.5875 0.45625 0.53125 0.45625
3 0.6875 0.2734375 0.746875 0.2734375 0.746875 0.3484375 0.6875 0.3484375
3 0.6921875 0.5109375 0.7578125 0.5109375 0.7578125 0.58125 0.6921875 0.58125
3 0.2921875 0.609375 0.346875 0.609375 0.346875 0.68125 0.2921875 0.68125
3 0.2875 0.8125 0.35 0.8125 0.35 0.9046875 0.2875 0.9046875
3 0.5234375 0.715625 0.5828125 0.715625 0.5828125 0.7984375 0.5234375 0.7984375