3 0.4234375 0.8484375 0.4953125 0.8484375 0.4953125 0.9421875 0.4234375 0.9421875
3 0.215625 0.83125 0.2921875 0.83125 0.2921875 0.928125 0.215625 0.928125
3 0.096875 0.75 0.184375 0.75 0.184375 0.846875 0.096875 0.846875
3 0.078125 0.328125 0.171875 0.328125 0.171875 0.4140625 0.078125 0.4140625
3 0.1984375 0.328125 0.2828125 0.328125 0.2828125 0.409375 0.1984375 0.409375
3 0.228125 0.2203125 0.3015625 0.2203125 0.3015625 0.3078125 0.228125 0.3078125
3 0.215625 0.1234375 0.3 0.1234375 0.3 0.2015625 0.215625 0.2015625
3 0.3171875 0.2328125 0.4 0.2328125 0.4 0.309375 0.3171875 0.309375
3 0.41875 0.33125 0.5 0.33125 0.5 0.409375 0.41875 0.409375
3 0.5265625 0.2375 0.6046875 0.2375 0.6046875 0.31875 0.5265625 0.31875
3 0.5453125 0.459375 0.6203125 0.459375 0.6203125 0.53125 0.5453125 0.53125
3 0.634375 0.54375 0.721875 0.54375 0.721875 0.621875 0.634375 0.621875
3 0.43125 0.74375 0.5 0.74375 0.5 0.8359375 0.43125 0.8359375
3 0.6109375 0.646875 0.7078125 0.646875 0.7078125 0.721875 0.6109375 0.721875
3 0.715625 0.75 0.803125 0.75 0.803125 0.8390625 0.715625 0.8390625
3 0.73125 0.54375 0.834375 0.54375 0.834375 0.63125 0.73125 0.63125
3 0.8234375 0.6484375 0.9234375 0.6484375 0.9234375 0.721875 0.8234375 0.721875
3 0.8171875 0.740625 0.915625 0.740625 0.915625 0.81875 0.8171875 0.81875
3 0.8171875 0.834375 0.9171875 0.834375 0.9171875 0.934375 0.8171875 0.934375
3 0.7234375 0.44375 0.8265625 0.44375 0.8265625 0.51875 0.7234375 0.51875
3 0.7234375 0.35625 0.8171875 0.35625 0.8171875 0.4265625 0.7234375 0.4265625
3 0.73125 0.1140625 0.81875 0.1140625 0.81875 0.20625 0.73125 0.20625
3 0.6328125 0.109375 0.71875 0.109375 0.71875 0.2015625 0.6328125 0.2015625
9 0.41875 0.6453125 0.484375 0.6453125 0.484375 0.728125 0.41875 0.728125
9 0.625 0.8515625 0.7078125 0.8515625 0.7078125 0.94375 0.625 0.94375
9 0.6328125 0.446875 0.709375 0.446875 0.709375 0.528125 0.6328125 0.528125
9 0.8234375 0.45 0.9140625 0.45 0.9140625 0.521875 0.8234375 0.521875
9 0.6328125 0.3453125 0.7171875 0.3453125 0.7171875 0.4234375 0.6328125 0.4234375
2 0.5203125 0.734375 0.6203125 0.734375 0.6203125 0.834375 0.5203125 0.834375
2 0.7234375 0.6375 0.821875 0.6375 0.821875 0.734375 0.7234375 0.734375
2 0.8390625 0.2375 0.9515625 0.2375 0.9515625 0.33125 0.8390625 0.33125
2 0.53125 0.11875 0.628125 0.11875 0.628125 0.2171875 0.53125 0.2171875
8 0.628125 0.7359375 0.7171875 0.7359375 0.7171875 0.8671875 0.628125 0.8671875
8 0.425 0.434375 0.515625 0.434375 0.515625 0.525 0.425 0.525
8 0.8375 0.134375 0.978125 0.134375 0.978125 0.228125 0.8375 0.228125
11 0.534375 0.55 0.621875 0.55 0.621875 0.6328125 0.534375 0.6328125
5 0.640625 0.209375 0.740625 0.209375 0.740625 0.3 0.640625 0.3
5 0.41875 0.096875 0.5015625 0.096875 0.5015625 0.21875 0.41875 0.21875
4 0.321875 0.434375 0.4125 0.434375 0.4125 0.521875 0.321875 0.521875