5 0.1578125 0.2421875 0.2765625 0.2421875 0.2765625 0.321875 0.1578125 0.321875
5 0.5171875 0.2375 0.590625 0.2375 0.590625 0.3171875 0.5171875 0.3171875
5 0.8546875 0.2203125 0.9625 0.2203125 0.9625 0.3015625 0.8546875 0.3015625
5 0.30625 0.4 0.403125 0.4 0.403125 0.4609375 0.30625 0.4609375
5 0.290625 0.4859375 0.3890625 0.4859375 0.3890625 0.5453125 0.290625 0.5453125
5 0.06875 0.6546875 0.1890625 0.6546875 0.1890625 0.7234375 0.06875 0.7234375
5 0.2953125 0.65625 0.39375 0.65625 0.39375 0.7328125 0.2953125 0.7328125
5 0.746875 0.5625 0.859375 0.5625 0.859375 0.6421875 0.746875 0.6421875
5 0.8734375 0.734375 0.996875 0.734375 0.996875 0.8203125 0.8734375 0.8203125
5 0.5484375 0.40625 0.6328125 0.40625 0.6328125 0.4734375 0.5484375 0.4734375
5 0.746875 0.403125 0.84375 0.403125 0.84375 0.4703125 0.746875 0.4703125
11 0.28125 0.14375 0.3828125 0.14375 0.3828125 0.234375 0.28125 0.234375
11 0.3984375 0.1375 0.5 0.1375 0.5 0.23125 0.3984375 0.23125
11 0.8453125 0.1265625 0.95 0.1265625 0.95 0.2125 0.8453125 0.2125
11 0.63125 0.303125 0.7171875 0.303125 0.7171875 0.3796875 0.63125 0.3796875
11 0.184375 0.484375 0.2953125 0.484375 0.2953125 0.5546875 0.184375 0.5546875
11 0.06875 0.58125 0.1953125 0.58125 0.1953125 0.6453125 0.06875 0.6453125
11 0.525 0.5625 0.6078125 0.5625 0.6078125 0.6328125 0.525 0.6328125
11 0.640625 0.6578125 0.7421875 0.6578125 0.7421875 0.7453125 0.640625 0.7453125
11 0.8625 0.4796875 0.9859375 0.4796875 0.9859375 0.5546875 0.8625 0.5546875
11 0.646875 0.740625 0.7421875 0.740625 0.7421875 0.8265625 0.646875 0.8265625
11 0.075 0.7265625 0.19375 0.7265625 0.19375 0.815625 0.075 0.815625