3 0.646875 0.321875 0.725 0.321875 0.725 0.415625 0.646875 0.415625
3 0.665625 0.2046875 0.7375 0.2046875 0.7375 0.2921875 0.665625 0.2921875
3 0.5703125 0.346875 0.6328125 0.346875 0.6328125 0.421875 0.5703125 0.421875
3 0.5 0.446875 0.559375 0.446875 0.559375 0.51875 0.5 0.51875
3 0.5734375 0.559375 0.640625 0.559375 0.640625 0.640625 0.5734375 0.640625
3 0.4265625 0.553125 0.4859375 0.553125 0.4859375 0.65625 0.4265625 0.65625
3 0.3375 0.765625 0.4 0.765625 0.4 0.846875 0.3375 0.846875
3 0.346875 0.85 0.409375 0.85 0.409375 0.9375 0.346875 0.9375
3 0.6734375 0.2078125 0.7359375 0.2078125 0.7359375 0.284375 0.6734375 0.284375
3 0.28125 0.84375 0.3375 0.84375 0.3375 0.9359375 0.28125 0.9359375
3 0.578125 0.1 0.6453125 0.1 0.6453125 0.1875 0.578125 0.1875
3 0.190625 0.859375 0.26875 0.859375 0.26875 0.975 0.190625 0.975
3 0.4078125 0.115625 0.4640625 0.115625 0.4640625 0.203125 0.4078125 0.203125
3 0.265625 0.553125 0.3375 0.553125 0.3375 0.640625 0.265625 0.640625
3 0.15625 0.1375 0.2375 0.1375 0.2375 0.21875 0.15625 0.21875
3 0.26875 0.6515625 0.334375 0.6515625 0.334375 0.7484375 0.26875 0.7484375
3 0.1578125 0.2375 0.240625 0.2375 0.240625 0.3125 0.1578125 0.3125
3 0.1671875 0.45625 0.246875 0.45625 0.246875 0.540625 0.1671875 0.540625
3 0.1515625 0.3484375 0.2359375 0.3484375 0.2359375 0.428125 0.1515625 0.428125
3 0.246875 0.328125 0.325 0.328125 0.325 0.43125 0.246875 0.43125
3 0.1734375 0.45625 0.2484375 0.45625 0.2484375 0.521875 0.1734375 0.521875
3 0.4890625 0.240625 0.55 0.240625 0.55 0.325 0.4890625 0.325
3 0.25 0.34375 0.3203125 0.34375 0.3203125 0.415625 0.25 0.415625
3 0.4 0.10625 0.4703125 0.10625 0.4703125 0.21875 0.4 0.21875
3 0.484375 0.24375 0.546875 0.24375 0.546875 0.321875 0.484375 0.321875
3 0.584375 0.0921875 0.646875 0.0921875 0.646875 0.1953125 0.584375 0.1953125
3 0.659375 0.328125 0.728125 0.328125 0.728125 0.4125 0.659375 0.4125
3 0.6484375 0.540625 0.7234375 0.540625 0.7234375 0.63125 0.6484375 0.63125
3 0.571875 0.34375 0.634375 0.34375 0.634375 0.425 0.571875 0.425
3 0.421875 0.75 0.4890625 0.75 0.4890625 0.8515625 0.421875 0.8515625
3 0.50625 0.45 0.559375 0.45 0.559375 0.5125 0.50625 0.5125
3 0.153125 0.346875 0.2375 0.346875 0.2375 0.43125 0.153125 0.43125
3 0.653125 0.55 0.725 0.55 0.725 0.628125 0.653125 0.628125
3 0.153125 0.23125 0.2375 0.23125 0.2375 0.31875 0.153125 0.31875
3 0.43125 0.56875 0.484375 0.56875 0.484375 0.65 0.43125 0.65
3 0.15625 0.1390625 0.23125 0.1390625 0.23125 0.21875 0.15625 0.21875
3 0.265625 0.5578125 0.3359375 0.5578125 0.3359375 0.6328125 0.265625 0.6328125
3 0.73125 0.846875 0.8171875 0.846875 0.8171875 0.953125 0.73125 0.953125
3 0.2671875 0.659375 0.3296875 0.659375 0.3296875 0.74375 0.2671875 0.74375
9 0.5875 0.4375 0.65 0.4375 0.65 0.53125 0.5875 0.53125
3 0.5828125 0.559375 0.64375 0.559375 0.64375 0.6375 0.5828125 0.6375
9 0.565625 0.7625 0.63125 0.7625 0.63125 0.865625 0.565625 0.865625
3 0.7359375 0.85625 0.8125 0.85625 0.8125 0.953125 0.7359375 0.953125
9 0.6484375 0.8484375 0.7234375 0.8484375 0.7234375 0.9515625 0.6484375 0.9515625
3 0.43125 0.7546875 0.4828125 0.7546875 0.4828125 0.8484375 0.43125 0.8484375
9 0.171875 0.64375 0.2515625 0.64375 0.2515625 0.74375 0.171875 0.74375
3 0.3328125 0.7515625 0.3984375 0.7515625 0.3984375 0.8390625 0.3328125 0.8390625
9 0.740625 0.0828125 0.825 0.0828125 0.825 0.19375 0.740625 0.19375
3 0.3484375 0.8484375 0.4109375 0.8484375 0.4109375 0.9421875 0.3484375 0.9421875
8 0.578125 0.20625 0.653125 0.20625 0.653125 0.3125 0.578125 0.3125
3 0.275 0.8421875 0.3375 0.8421875 0.3375 0.9359375 0.275 0.9359375
8 0.3375 0.6375 0.415625 0.6375 0.415625 0.74375 0.3375 0.74375
3 0.190625 0.86875 0.259375 0.86875 0.259375 0.971875 0.190625 0.971875
8 0.496875 0.8359375 0.571875 0.8359375 0.571875 0.9609375 0.496875 0.9609375
9 0.7484375 0.084375 0.8234375 0.084375 0.8234375 0.184375 0.7484375 0.184375
2 0.659375 0.640625 0.734375 0.640625 0.734375 0.734375 0.659375 0.734375
9 0.659375 0.8515625 0.721875 0.8515625 0.721875 0.94375 0.659375 0.94375
2 0.5046875 0.640625 0.571875 0.640625 0.571875 0.74375 0.5046875 0.74375
9 0.590625 0.4453125 0.646875 0.4453125 0.646875 0.5171875 0.590625 0.5171875
2 0.415625 0.8390625 0.490625 0.8390625 0.490625 0.9671875 0.415625 0.9671875
9 0.571875 0.7734375 0.6296875 0.7734375 0.6296875 0.8609375 0.571875 0.8609375
2 0.4171875 0.4375 0.4921875 0.4375 0.4921875 0.540625 0.4171875 0.540625
9 0.16875 0.6515625 0.25 0.6515625 0.25 0.7421875 0.16875 0.7421875
5 0.7203125 0.4375 0.8140625 0.4375 0.8140625 0.534375 0.7203125 0.534375
11 0.734375 0.5453125 0.825 0.5453125 0.825 0.646875 0.734375 0.646875
5 0.33125 0.3375 0.409375 0.3375 0.409375 0.434375 0.33125 0.434375
5 0.728125 0.4375 0.821875 0.4375 0.821875 0.525 0.728125 0.525
11 0.7296875 0.5421875 0.8203125 0.5421875 0.8203125 0.65 0.7296875 0.65
5 0.334375 0.33125 0.409375 0.33125 0.409375 0.41875 0.334375 0.41875