6 0.1171875 0.7046875 0.3765625 0.7046875 0.3765625 0.771875 0.1171875 0.771875
0 0.1296875 0.5109375 0.3671875 0.5109375 0.3671875 0.5671875 0.1296875 0.5671875
5 0.528125 0.2734375 0.7609375 0.2734375 0.7609375 0.359375 0.528125 0.359375
5 0.3625 0.3 0.590625 0.3 0.590625 0.378125 0.3625 0.378125
5 0.3078125 0.50625 0.53125 0.50625 0.53125 0.5625 0.3078125 0.5625
1 0.421875 0.5125 0.753125 0.5125 0.753125 0.5875 0.421875 0.5875
9 0.2234375 0.325 0.4 0.325 0.4 0.378125 0.2234375 0.378125
9 0.56875 0.61875 0.75625 0.61875 0.75625 0.675 0.56875 0.675
3 0.3703125 0.7109375 0.5546875 0.7109375 0.5546875 0.771875 0.3703125 0.771875
3 0.1953125 0.596875 0.3765625 0.596875 0.3765625 0.6453125 0.1953125 0.6453125
3 0.3734375 0.5953125 0.559375 0.5953125 0.559375 0.6484375 0.3734375 0.6484375
3 0.20625 0.425 0.384375 0.425 0.384375 0.4703125 0.20625 0.4703125
3 0.3796875 0.4359375 0.5609375 0.4359375 0.5609375 0.4859375 0.3796875 0.4859375
3 0.5578125 0.409375 0.7375 0.409375 0.7375 0.4625 0.5578125 0.4625
0 0.121875 0.5078125 0.3734375 0.5078125 0.3734375 0.56875 0.121875 0.56875
6 0.1109375 0.703125 0.3796875 0.703125 0.3796875 0.7765625 0.1109375 0.7765625
9 0.5640625 0.615625 0.7625 0.615625 0.7625 0.678125 0.5640625 0.678125
9 0.21875 0.3234375 0.403125 0.3234375 0.403125 0.3796875 0.21875 0.3796875
3 0.5515625 0.40625 0.740625 0.40625 0.740625 0.4640625 0.5515625 0.4640625
3 0.38125 0.434375 0.559375 0.434375 0.559375 0.4875 0.38125 0.4875
3 0.3703125 0.59375 0.5625 0.59375 0.5625 0.6515625 0.3703125 0.6515625
3 0.3703125 0.709375 0.55625 0.709375 0.55625 0.7734375 0.3703125 0.7734375
3 0.20625 0.421875 0.384375 0.421875 0.384375 0.4734375 0.20625 0.4734375
3 0.190625 0.596875 0.3765625 0.596875 0.3765625 0.646875 0.190625 0.646875
5 0.30625 0.50625 0.53125 0.50625 0.53125 0.5625 0.30625 0.5625
5 0.521875 0.2703125 0.771875 0.2703125 0.771875 0.3625 0.521875 0.3625
5 0.359375 0.2953125 0.6 0.2953125 0.6 0.3828125 0.359375 0.3828125
1 0.4171875 0.509375 0.7578125 0.509375 0.7578125 0.5890625 0.4171875 0.5890625