5 0.81875 0.2953125 0.94375 0.2953125 0.94375 0.3765625 0.81875 0.3765625
5 0.8 0.6890625 0.9390625 0.6890625 0.9390625 0.7734375 0.8 0.7734375
3 0.328125 0.375 0.4171875 0.375 0.4171875 0.4484375 0.328125 0.4484375
3 0.4359375 0.3828125 0.509375 0.3828125 0.509375 0.453125 0.4359375 0.453125
3 0.5296875 0.3921875 0.61875 0.3921875 0.61875 0.4609375 0.5296875 0.4609375
3 0.5359375 0.4609375 0.6171875 0.4609375 0.6171875 0.5078125 0.5359375 0.5078125
3 0.5296875 0.5421875 0.603125 0.5421875 0.603125 0.603125 0.5296875 0.603125
3 0.43125 0.540625 0.5125 0.540625 0.5125 0.6125 0.43125 0.6125
3 0.30625 0.546875 0.4015625 0.546875 0.4015625 0.628125 0.30625 0.628125
2 0.721875 0.2171875 0.84375 0.2171875 0.84375 0.309375 0.721875 0.309375
2 0.6890625 0.771875 0.81875 0.771875 0.81875 0.875 0.6890625 0.875
2 0.4203125 0.4578125 0.50625 0.4578125 0.50625 0.521875 0.4203125 0.521875
0 0.078125 0.165625 0.1875 0.165625 0.1875 0.2671875 0.078125 0.2671875
0 0.20625 0.1875 0.3125 0.1875 0.3125 0.290625 0.20625 0.290625
0 0.3234375 0.175 0.4203125 0.175 0.4203125 0.2921875 0.3234375 0.2921875
0 0.303125 0.7625 0.3828125 0.7625 0.3828125 0.8796875 0.303125 0.8796875
0 0.184375 0.7671875 0.2796875 0.7671875 0.2796875 0.8890625 0.184375 0.8890625
0 0.0609375 0.778125 0.1703125 0.778125 0.1703125 0.890625 0.0609375 0.890625
0 0.3125 0.459375 0.4046875 0.459375 0.4046875 0.5328125 0.3125 0.5328125