9 0.225 0.103125 0.3046875 0.103125 0.3046875 0.1953125 0.225 0.1953125
9 0.328125 0.1171875 0.403125 0.1171875 0.403125 0.203125 0.328125 0.203125
9 0.4359375 0.1109375 0.5046875 0.1109375 0.5046875 0.19375 0.4359375 0.19375
9 0.540625 0.1171875 0.6125 0.1171875 0.6125 0.2015625 0.540625 0.2015625
9 0.634375 0.11875 0.70625 0.11875 0.70625 0.203125 0.634375 0.203125
9 0.815625 0.1265625 0.9140625 0.1265625 0.9140625 0.2125 0.815625 0.2125
9 0.109375 0.21875 0.1859375 0.21875 0.1859375 0.290625 0.109375 0.290625
9 0.2359375 0.225 0.309375 0.225 0.309375 0.3015625 0.2359375 0.3015625
9 0.340625 0.221875 0.4140625 0.221875 0.4140625 0.3015625 0.340625 0.3015625
9 0.5359375 0.2171875 0.60625 0.2171875 0.60625 0.296875 0.5359375 0.296875
9 0.6328125 0.24375 0.7046875 0.24375 0.7046875 0.31875 0.6328125 0.31875
9 0.7234375 0.234375 0.803125 0.234375 0.803125 0.30625 0.7234375 0.30625
9 0.2390625 0.3296875 0.309375 0.3296875 0.309375 0.39375 0.2390625 0.39375
9 0.3375 0.3453125 0.4046875 0.3453125 0.4046875 0.409375 0.3375 0.409375
9 0.534375 0.3328125 0.6 0.3328125 0.6 0.409375 0.534375 0.409375
9 0.6203125 0.334375 0.7046875 0.334375 0.7046875 0.396875 0.6203125 0.396875
9 0.7171875 0.3390625 0.8015625 0.3390625 0.8015625 0.403125 0.7171875 0.403125
9 0.8109375 0.328125 0.9 0.328125 0.9 0.4 0.8109375 0.4
9 0.134375 0.4171875 0.21875 0.4171875 0.21875 0.4859375 0.134375 0.4859375
9 0.3484375 0.421875 0.415625 0.421875 0.415625 0.4921875 0.3484375 0.4921875
9 0.440625 0.4359375 0.509375 0.4359375 0.509375 0.503125 0.440625 0.503125
9 0.5359375 0.428125 0.60625 0.428125 0.60625 0.4953125 0.5359375 0.4953125
9 0.6234375 0.434375 0.7 0.434375 0.7 0.503125 0.6234375 0.503125
9 0.7109375 0.434375 0.790625 0.434375 0.790625 0.5 0.7109375 0.5
9 0.8078125 0.421875 0.903125 0.421875 0.903125 0.4921875 0.8078125 0.4921875
9 0.125 0.51875 0.2109375 0.51875 0.2109375 0.590625 0.125 0.590625
9 0.3296875 0.5375 0.3984375 0.5375 0.3984375 0.60625 0.3296875 0.60625
9 0.434375 0.51875 0.503125 0.51875 0.503125 0.5890625 0.434375 0.5890625
9 0.534375 0.534375 0.603125 0.534375 0.603125 0.5984375 0.534375 0.5984375
9 0.6203125 0.525 0.6921875 0.525 0.6921875 0.596875 0.6203125 0.596875
9 0.7140625 0.50625 0.79375 0.50625 0.79375 0.575 0.7140625 0.575
9 0.1203125 0.6171875 0.196875 0.6171875 0.196875 0.6875 0.1203125 0.6875
9 0.23125 0.6171875 0.3046875 0.6171875 0.3046875 0.6921875 0.23125 0.6921875
9 0.51875 0.6125 0.5921875 0.6125 0.5921875 0.684375 0.51875 0.684375
9 0.628125 0.6125 0.7125 0.6125 0.7125 0.6875 0.628125 0.6875
9 0.4359375 0.70625 0.509375 0.70625 0.509375 0.7890625 0.4359375 0.7890625
9 0.5203125 0.703125 0.590625 0.703125 0.590625 0.7890625 0.5203125 0.7890625
9 0.7140625 0.7140625 0.8 0.7140625 0.8 0.79375 0.7140625 0.79375
9 0.8078125 0.7171875 0.8921875 0.7171875 0.8921875 0.790625 0.8078125 0.790625
9 0.1265625 0.8359375 0.203125 0.8359375 0.203125 0.91875 0.1265625 0.91875
9 0.2296875 0.8234375 0.30625 0.8234375 0.30625 0.9171875 0.2296875 0.9171875
9 0.3375 0.821875 0.409375 0.821875 0.409375 0.90625 0.3375 0.90625
9 0.5515625 0.8015625 0.61875 0.8015625 0.61875 0.890625 0.5515625 0.890625
9 0.815625 0.796875 0.90625 0.796875 0.90625 0.8765625 0.815625 0.8765625