10 0.403125 0.5046875 0.5 0.5046875 0.5 0.5890625 0.403125 0.5890625
10 0.325 0.4125 0.4171875 0.4125 0.4171875 0.5015625 0.325 0.5015625
10 0.221875 0.6875 0.309375 0.6875 0.309375 0.790625 0.221875 0.790625
10 0.103125 0.790625 0.2140625 0.790625 0.2140625 0.91875 0.103125 0.91875
10 0.4046875 0.7828125 0.4984375 0.7828125 0.4984375 0.9015625 0.4046875 0.9015625
10 0.6046875 0.10625 0.7078125 0.10625 0.7078125 0.234375 0.6046875 0.234375
10 0.4234375 0.303125 0.4953125 0.303125 0.4953125 0.4 0.4234375 0.4
10 0.6875 0.4109375 0.8125 0.4109375 0.8125 0.4984375 0.6875 0.4984375
10 0.4109375 0.6875 0.5 0.6875 0.5 0.803125 0.4109375 0.803125
7 0.7734375 0.7875 0.9078125 0.7875 0.9078125 0.8875 0.7734375 0.8875
7 0.75625 0.59375 0.903125 0.59375 0.903125 0.6875 0.75625 0.6875
7 0.5828125 0.5078125 0.69375 0.5078125 0.69375 0.5953125 0.5828125 0.5953125
7 0.3203125 0.59375 0.4046875 0.59375 0.4046875 0.6875 0.3203125 0.6875
7 0.096875 0.425 0.225 0.425 0.225 0.5046875 0.096875 0.5046875
7 0.778125 0.1296875 0.903125 0.1296875 0.903125 0.2328125 0.778125 0.2328125
7 0.221875 0.303125 0.31875 0.303125 0.31875 0.40625 0.221875 0.40625
7 0.59375 0.31875 0.696875 0.31875 0.696875 0.415625 0.59375 0.415625
4 0.503125 0.41875 0.603125 0.41875 0.603125 0.49375 0.503125 0.49375
4 0.31875 0.2125 0.409375 0.2125 0.409375 0.31875 0.31875 0.31875
4 0.425 0.1046875 0.509375 0.1046875 0.509375 0.225 0.425 0.225
4 0.775 0.2203125 0.9125 0.2203125 0.9125 0.328125 0.775 0.328125
4 0.10625 0.60625 0.2140625 0.60625 0.2140625 0.7078125 0.10625 0.7078125
4 0.2234375 0.7890625 0.3078125 0.7890625 0.3078125 0.9234375 0.2234375 0.9234375
1 0.5953125 0.76875 0.703125 0.76875 0.703125 0.896875 0.5953125 0.896875
1 0.678125 0.68125 0.7984375 0.68125 0.7984375 0.7875 0.678125 0.7875
1 0.509375 0.5921875 0.60625 0.5921875 0.60625 0.6890625 0.509375 0.6890625
1 0.3234375 0.50625 0.4 0.50625 0.4 0.5875 0.3234375 0.5875
1 0.5109375 0.2109375 0.609375 0.2109375 0.609375 0.3125 0.5109375 0.3125
1 0.221875 0.0984375 0.3125 0.0984375 0.3125 0.2265625 0.221875 0.2265625
1 0.0875 0.078125 0.215625 0.078125 0.215625 0.2171875 0.0875 0.2171875
1 0.690625 0.21875 0.80625 0.21875 0.80625 0.325 0.690625 0.325