9 0.2171875 0.4140625 0.2640625 0.4140625 0.2640625 0.559375 0.2171875 0.559375
9 0.2671875 0.5359375 0.315625 0.5359375 0.315625 0.690625 0.2671875 0.690625
9 0.3421875 0.515625 0.3875 0.515625 0.3875 0.665625 0.3421875 0.665625
9 0.415625 0.521875 0.45625 0.521875 0.45625 0.675 0.415625 0.675
9 0.5109375 0.5453125 0.5546875 0.5453125 0.5546875 0.6921875 0.5109375 0.6921875
9 0.5671875 0.434375 0.6109375 0.434375 0.6109375 0.578125 0.5671875 0.578125
9 0.4953125 0.3 0.5359375 0.3 0.5359375 0.440625 0.4953125 0.440625
9 0.278125 0.2765625 0.3203125 0.2765625 0.3203125 0.41875 0.278125 0.41875
3 0.653125 0.43125 0.6984375 0.43125 0.6984375 0.575 0.653125 0.575
3 0.428125 0.175 0.4625 0.175 0.4625 0.3015625 0.428125 0.3015625
3 0.3671875 0.1984375 0.4078125 0.1984375 0.4078125 0.3359375 0.3671875 0.3359375
3 0.278125 0.390625 0.3203125 0.390625 0.3203125 0.534375 0.278125 0.534375
3 0.3640625 0.409375 0.4046875 0.409375 0.4046875 0.55625 0.3640625 0.55625
3 0.21875 0.3046875 0.2625 0.3046875 0.2625 0.4421875 0.21875 0.4421875
3 0.4265625 0.409375 0.4671875 0.409375 0.4671875 0.5546875 0.4265625 0.5546875
3 0.5046875 0.4171875 0.5453125 0.4171875 0.5453125 0.5609375 0.5046875 0.5609375
6 0.4921875 0.15 0.5359375 0.15 0.5359375 0.340625 0.4921875 0.340625
6 0.290625 0.1484375 0.3375 0.1484375 0.3375 0.34375 0.290625 0.34375
0 0.4265625 0.2515625 0.471875 0.2515625 0.471875 0.45 0.4265625 0.45
0 0.35 0.259375 0.39375 0.259375 0.39375 0.453125 0.35 0.453125