3 0.828125 0.08125 0.915625 0.08125 0.915625 0.1765625 0.828125 0.1765625
3 0.825 0.2140625 0.9171875 0.2140625 0.9171875 0.2921875 0.825 0.2921875
3 0.8234375 0.4265625 0.9171875 0.4265625 0.9171875 0.496875 0.8234375 0.496875
3 0.825 0.5296875 0.91875 0.5296875 0.91875 0.5921875 0.825 0.5921875
3 0.8328125 0.63125 0.934375 0.63125 0.934375 0.7015625 0.8328125 0.7015625
3 0.821875 0.7328125 0.915625 0.7328125 0.915625 0.8015625 0.821875 0.8015625
3 0.825 0.828125 0.909375 0.828125 0.909375 0.903125 0.825 0.903125
3 0.715625 0.1203125 0.79375 0.1203125 0.79375 0.20625 0.715625 0.20625
3 0.7171875 0.2125 0.7953125 0.2125 0.7953125 0.2890625 0.7171875 0.2890625
3 0.7234375 0.3234375 0.8015625 0.3234375 0.8015625 0.396875 0.7234375 0.396875
3 0.7203125 0.63125 0.8046875 0.63125 0.8046875 0.7015625 0.7203125 0.7015625
3 0.725 0.846875 0.8046875 0.846875 0.8046875 0.9265625 0.725 0.9265625
3 0.625 0.1140625 0.7 0.1140625 0.7 0.2078125 0.625 0.2078125
3 0.5140625 0.2125 0.5828125 0.2125 0.5828125 0.3015625 0.5140625 0.3015625
3 0.303125 0.2140625 0.38125 0.2140625 0.38125 0.309375 0.303125 0.309375
3 0.0953125 0.0921875 0.1921875 0.0921875 0.1921875 0.196875 0.0953125 0.196875
3 0.103125 0.21875 0.190625 0.21875 0.190625 0.3078125 0.103125 0.3078125
3 0.6109375 0.721875 0.69375 0.721875 0.69375 0.8046875 0.6109375 0.8046875
3 0.5234375 0.821875 0.596875 0.821875 0.596875 0.915625 0.5234375 0.915625
3 0.4203125 0.7078125 0.5 0.7078125 0.5 0.790625 0.4203125 0.790625
3 0.3046875 0.828125 0.3796875 0.828125 0.3796875 0.9203125 0.3046875 0.9203125
3 0.1859375 0.7390625 0.2703125 0.7390625 0.2703125 0.8109375 0.1859375 0.8109375
3 0.1984375 0.825 0.2796875 0.825 0.2796875 0.9125 0.1984375 0.9125
9 0.8296875 0.3140625 0.9265625 0.3140625 0.9265625 0.39375 0.8296875 0.39375
9 0.515625 0.7078125 0.59375 0.7078125 0.59375 0.790625 0.515625 0.790625
9 0.0828125 0.8265625 0.175 0.8265625 0.175 0.915625 0.0828125 0.915625
9 0.31875 0.103125 0.390625 0.103125 0.390625 0.19375 0.31875 0.19375
9 0.2203125 0.103125 0.29375 0.103125 0.29375 0.196875 0.2203125 0.196875
8 0.6046875 0.2125 0.6984375 0.2125 0.6984375 0.3109375 0.6046875 0.3109375
8 0.40625 0.096875 0.5 0.096875 0.5 0.20625 0.40625 0.20625
8 0.29375 0.7171875 0.384375 0.7171875 0.384375 0.821875 0.29375 0.821875
11 0.71875 0.7234375 0.81875 0.7234375 0.81875 0.821875 0.71875 0.821875
2 0.5109375 0.0921875 0.5953125 0.0921875 0.5953125 0.2078125 0.5109375 0.2078125
2 0.39375 0.2125 0.4890625 0.2125 0.4890625 0.3046875 0.39375 0.3046875
2 0.203125 0.2078125 0.2984375 0.2078125 0.2984375 0.3015625 0.203125 0.3015625
2 0.7109375 0.5125 0.8125 0.5125 0.8125 0.5984375 0.7109375 0.5984375
5 0.0578125 0.7078125 0.1734375 0.7078125 0.1734375 0.80625 0.0578125 0.80625
5 0.396875 0.8296875 0.4828125 0.8296875 0.4828125 0.9359375 0.396875 0.9359375
4 0.6140625 0.828125 0.7125 0.828125 0.7125 0.9609375 0.6140625 0.9609375