3 0.221875 0.7734375 0.3 0.7734375 0.3 0.8421875 0.221875 0.8421875
3 0.2234375 0.621875 0.3046875 0.621875 0.3046875 0.678125 0.2234375 0.678125
3 0.2421875 0.471875 0.315625 0.471875 0.315625 0.525 0.2421875 0.525
3 0.5359375 0.45625 0.6078125 0.45625 0.6078125 0.5125 0.5359375 0.5125
3 0.528125 0.7015625 0.6015625 0.7015625 0.6015625 0.7640625 0.528125 0.7640625
3 0.75625 0.5421875 0.846875 0.5421875 0.846875 0.5953125 0.75625 0.5953125
3 0.63125 0.296875 0.715625 0.296875 0.715625 0.359375 0.63125 0.359375
0 0.8421875 0.78125 0.94375 0.78125 0.94375 0.8625 0.8421875 0.8625
0 0.63125 0.4578125 0.725 0.4578125 0.725 0.5234375 0.63125 0.5234375
1 0.3125 0.3796875 0.4109375 0.3796875 0.4109375 0.45625 0.3125 0.45625
1 0.178125 0.2984375 0.3046875 0.2984375 0.3046875 0.3796875 0.178125 0.3796875
1 0.8390625 0.6078125 0.98125 0.6078125 0.98125 0.6875 0.8390625 0.6875
1 0.4265625 0.6109375 0.51875 0.6109375 0.51875 0.6921875 0.4265625 0.6921875
2 0.315625 0.69375 0.4078125 0.69375 0.4078125 0.765625 0.315625 0.765625
2 0.41875 0.45625 0.503125 0.45625 0.503125 0.5265625 0.41875 0.5265625
2 0.8359375 0.39375 0.9515625 0.39375 0.9515625 0.453125 0.8359375 0.453125
2 0.728125 0.7609375 0.8375 0.7609375 0.8375 0.8421875 0.728125 0.8421875
4 0.51875 0.5328125 0.609375 0.5328125 0.609375 0.6046875 0.51875 0.6046875
5 0.40625 0.76875 0.496875 0.76875 0.496875 0.8609375 0.40625 0.8609375
5 0.525 0.21875 0.6125 0.21875 0.6125 0.2984375 0.525 0.2984375