3 0.4859375 0.24375 0.565625 0.24375 0.565625 0.309375 0.4859375 0.309375
3 0.19375 0.3921875 0.2703125 0.3921875 0.2703125 0.44375 0.19375 0.44375
3 0.3875 0.390625 0.459375 0.390625 0.459375 0.4453125 0.3875 0.4453125
3 0.403125 0.546875 0.4796875 0.546875 0.4796875 0.6015625 0.403125 0.6015625
3 0.5 0.465625 0.565625 0.465625 0.565625 0.521875 0.5 0.521875
3 0.775 0.3921875 0.878125 0.3921875 0.878125 0.44375 0.775 0.44375
3 0.6703125 0.4609375 0.7421875 0.4609375 0.7421875 0.528125 0.6703125 0.528125
1 0.165625 0.465625 0.2796875 0.465625 0.2796875 0.5265625 0.165625 0.5265625
1 0.2859375 0.4625 0.3796875 0.4625 0.3796875 0.5296875 0.2859375 0.5296875
1 0.7703125 0.3015625 0.909375 0.3015625 0.909375 0.3828125 0.7703125 0.3828125
1 0.6828125 0.60625 0.7984375 0.60625 0.7984375 0.6796875 0.6828125 0.6796875
2 0.075 0.5375 0.1796875 0.5375 0.1796875 0.596875 0.075 0.596875
2 0.071875 0.6859375 0.1875 0.6859375 0.1875 0.7546875 0.071875 0.7546875
2 0.48125 0.321875 0.58125 0.321875 0.58125 0.3890625 0.48125 0.3890625
2 0.7671875 0.240625 0.8875 0.240625 0.8875 0.3046875 0.7671875 0.3046875
5 0.078125 0.1578125 0.1796875 0.1578125 0.1796875 0.2390625 0.078125 0.2390625
5 0.5796875 0.4671875 0.665625 0.4671875 0.665625 0.5296875 0.5796875 0.5296875
4 0.7671875 0.4546875 0.903125 0.4546875 0.903125 0.5234375 0.7671875 0.5234375
0 0.184375 0.2375 0.284375 0.2375 0.284375 0.3078125 0.184375 0.3078125
0 0.3875 0.6828125 0.48125 0.6828125 0.48125 0.7578125 0.3875 0.7578125