3 0.325 0.275 0.415625 0.275 0.415625 0.353125 0.325 0.353125
3 0.203125 0.2640625 0.290625 0.2640625 0.290625 0.3359375 0.203125 0.3359375
3 0.346875 0.36875 0.421875 0.36875 0.421875 0.43125 0.346875 0.43125
3 0.446875 0.4421875 0.51875 0.4421875 0.51875 0.5 0.446875 0.5
3 0.5578125 0.359375 0.640625 0.359375 0.640625 0.425 0.5578125 0.425
3 0.5546875 0.515625 0.653125 0.515625 0.653125 0.575 0.5546875 0.575
3 0.765625 0.6015625 0.846875 0.6015625 0.846875 0.6625 0.765625 0.6625
3 0.85 0.5921875 0.9375 0.5921875 0.9375 0.653125 0.85 0.653125
3 0.2078125 0.2640625 0.284375 0.2640625 0.284375 0.3265625 0.2078125 0.3265625
3 0.8453125 0.6625 0.9359375 0.6625 0.9359375 0.71875 0.8453125 0.71875
3 0.1 0.35625 0.1875 0.35625 0.1875 0.421875 0.1 0.421875
3 0.8609375 0.73125 0.9734375 0.73125 0.9734375 0.809375 0.8609375 0.809375
3 0.115625 0.5390625 0.2015625 0.5390625 0.2015625 0.5921875 0.115625 0.5921875
3 0.553125 0.6640625 0.6390625 0.6640625 0.6390625 0.734375 0.553125 0.734375
3 0.1375 0.7640625 0.21875 0.7640625 0.21875 0.8421875 0.1375 0.8421875
3 0.6515625 0.6671875 0.746875 0.6671875 0.746875 0.7328125 0.6515625 0.7328125
3 0.234375 0.759375 0.3140625 0.759375 0.3140625 0.840625 0.234375 0.840625
3 0.45625 0.753125 0.540625 0.753125 0.540625 0.8328125 0.45625 0.8328125
3 0.3484375 0.765625 0.428125 0.765625 0.428125 0.8484375 0.3484375 0.8484375
3 0.33125 0.6765625 0.4296875 0.6765625 0.4296875 0.753125 0.33125 0.753125
3 0.4578125 0.7515625 0.5203125 0.7515625 0.5203125 0.8265625 0.4578125 0.8265625
3 0.2421875 0.4515625 0.321875 0.4515625 0.321875 0.5109375 0.2421875 0.5109375
3 0.3453125 0.68125 0.415625 0.68125 0.415625 0.7515625 0.3453125 0.7515625
3 0.10625 0.528125 0.21875 0.528125 0.21875 0.6 0.10625 0.6
3 0.24375 0.453125 0.3203125 0.453125 0.3203125 0.5140625 0.24375 0.5140625
3 0.0921875 0.3546875 0.19375 0.3546875 0.19375 0.415625 0.0921875 0.415625
3 0.328125 0.2734375 0.4109375 0.2734375 0.4109375 0.3390625 0.328125 0.3390625
3 0.540625 0.2765625 0.63125 0.2765625 0.63125 0.35 0.540625 0.35
3 0.3453125 0.3671875 0.4234375 0.3671875 0.4234375 0.428125 0.3453125 0.428125
3 0.7515625 0.509375 0.85 0.509375 0.85 0.578125 0.7515625 0.578125
3 0.4484375 0.4421875 0.5125 0.4421875 0.5125 0.49375 0.4484375 0.49375
3 0.346875 0.7640625 0.43125 0.7640625 0.43125 0.8484375 0.346875 0.8484375
3 0.55 0.2765625 0.6265625 0.2765625 0.6265625 0.346875 0.55 0.346875
3 0.23125 0.7640625 0.3171875 0.7640625 0.3171875 0.8484375 0.23125 0.8484375
3 0.56875 0.5171875 0.65 0.5171875 0.65 0.56875 0.56875 0.56875
3 0.1390625 0.76875 0.21875 0.76875 0.21875 0.84375 0.1390625 0.84375
3 0.55625 0.665625 0.6328125 0.665625 0.6328125 0.7359375 0.55625 0.7359375
3 0.846875 0.1828125 0.953125 0.1828125 0.953125 0.2703125 0.846875 0.2703125
3 0.659375 0.671875 0.74375 0.671875 0.74375 0.7328125 0.659375 0.7328125
9 0.4375 0.35 0.53125 0.35 0.53125 0.4125 0.4375 0.4125
3 0.5609375 0.3578125 0.6375 0.3578125 0.6375 0.4171875 0.5609375 0.4171875
9 0.7640625 0.36875 0.8640625 0.36875 0.8640625 0.434375 0.7640625 0.434375
3 0.85625 0.1875 0.9515625 0.1875 0.9515625 0.2640625 0.85625 0.2640625
9 0.8484375 0.2765625 0.9515625 0.2765625 0.9515625 0.35 0.8484375 0.35
3 0.7546875 0.5171875 0.8484375 0.5171875 0.8484375 0.5703125 0.7546875 0.5703125
9 0.6453125 0.7484375 0.7421875 0.7484375 0.7421875 0.828125 0.6453125 0.828125
3 0.753125 0.603125 0.8390625 0.603125 0.8390625 0.6671875 0.753125 0.6671875
9 0.0828125 0.1765625 0.19375 0.1765625 0.19375 0.2578125 0.0828125 0.2578125
3 0.8484375 0.5890625 0.9421875 0.5890625 0.9421875 0.65 0.8484375 0.65
8 0.2046875 0.3484375 0.3140625 0.3484375 0.3140625 0.421875 0.2046875 0.421875
3 0.8421875 0.6625 0.9359375 0.6625 0.9359375 0.725 0.8421875 0.725
8 0.6375 0.584375 0.7421875 0.584375 0.7421875 0.6625 0.6375 0.6625
3 0.8671875 0.7390625 0.971875 0.7390625 0.971875 0.8109375 0.8671875 0.8109375
8 0.8359375 0.428125 0.9609375 0.428125 0.9609375 0.5046875 0.8359375 0.5046875
9 0.0828125 0.1765625 0.1828125 0.1765625 0.1828125 0.2515625 0.0828125 0.2515625
2 0.640625 0.265625 0.734375 0.265625 0.734375 0.3390625 0.640625 0.3390625
9 0.853125 0.2796875 0.94375 0.2796875 0.94375 0.3421875 0.853125 0.3421875
2 0.640625 0.428125 0.7453125 0.428125 0.7453125 0.4953125 0.640625 0.4953125
9 0.4453125 0.353125 0.5171875 0.353125 0.5171875 0.4078125 0.4453125 0.4078125
2 0.8375 0.509375 0.9671875 0.509375 0.9671875 0.5828125 0.8375 0.5828125
9 0.775 0.3703125 0.8609375 0.3703125 0.8609375 0.4265625 0.775 0.4265625
2 0.4390625 0.5078125 0.540625 0.5078125 0.540625 0.584375 0.4390625 0.584375
9 0.6515625 0.7515625 0.7421875 0.7515625 0.7421875 0.8296875 0.6515625 0.8296875
5 0.4390625 0.1859375 0.534375 0.1859375 0.534375 0.2796875 0.4390625 0.2796875
11 0.546875 0.175 0.6453125 0.175 0.6453125 0.2640625 0.546875 0.2640625
5 0.3375 0.590625 0.434375 0.590625 0.434375 0.66875 0.3375 0.66875
5 0.4375 0.178125 0.5234375 0.178125 0.5234375 0.271875 0.4375 0.271875
11 0.5421875 0.178125 0.65 0.178125 0.65 0.2703125 0.5421875 0.2703125
5 0.33125 0.5921875 0.4203125 0.5921875 0.4203125 0.6671875 0.33125 0.6671875