11 0.1828125 0.1140625 0.2671875 0.1140625 0.2671875 0.203125 0.1828125 0.203125
11 0.7765625 0.509375 0.871875 0.509375 0.871875 0.5828125 0.7765625 0.5828125
11 0.5015625 0.59375 0.565625 0.59375 0.565625 0.66875 0.5015625 0.66875
11 0.1921875 0.503125 0.284375 0.503125 0.284375 0.571875 0.1921875 0.571875
10 0.1921875 0.3109375 0.2984375 0.3109375 0.2984375 0.4078125 0.1921875 0.4078125
10 0.6140625 0.29375 0.7046875 0.29375 0.7046875 0.3890625 0.6140625 0.3890625
10 0.6828125 0.6015625 0.7875 0.6015625 0.7875 0.690625 0.6828125 0.690625
9 0.7921875 0.2203125 0.8671875 0.2203125 0.8671875 0.2921875 0.7921875 0.2921875
8 0.325 0.3375 0.39375 0.3375 0.39375 0.415625 0.325 0.415625
8 0.409375 0.409375 0.4796875 0.409375 0.4796875 0.484375 0.409375 0.484375
8 0.303125 0.4234375 0.3890625 0.4234375 0.3890625 0.4984375 0.303125 0.4984375
8 0.515625 0.7859375 0.5921875 0.7859375 0.5921875 0.8828125 0.515625 0.8828125
8 0.69375 0.115625 0.765625 0.115625 0.765625 0.215625 0.69375 0.215625
8 0.0921875 0.3140625 0.184375 0.3140625 0.184375 0.4 0.0921875 0.4
7 0.5109375 0.5109375 0.5953125 0.5109375 0.5953125 0.5890625 0.5109375 0.5890625
7 0.796875 0.4109375 0.928125 0.4109375 0.928125 0.4859375 0.796875 0.4859375
7 0.096875 0.19375 0.2109375 0.19375 0.2109375 0.3046875 0.096875 0.3046875
6 0.421875 0.1 0.48125 0.1 0.48125 0.1890625 0.421875 0.1890625
6 0.609375 0.2046875 0.6859375 0.2046875 0.6859375 0.2875 0.609375 0.2875
6 0.7046875 0.421875 0.784375 0.421875 0.784375 0.4859375 0.7046875 0.4859375
6 0.6984375 0.31875 0.7796875 0.31875 0.7796875 0.4 0.6984375 0.4
6 0.4171875 0.7921875 0.48125 0.7921875 0.48125 0.8828125 0.4171875 0.8828125
6 0.778125 0.096875 0.8703125 0.096875 0.8703125 0.190625 0.778125 0.190625
5 0.4140625 0.315625 0.478125 0.315625 0.478125 0.3875 0.4140625 0.3875
5 0.5 0.4328125 0.5640625 0.4328125 0.5640625 0.4984375 0.5 0.4984375
5 0.084375 0.4203125 0.1921875 0.4203125 0.1921875 0.4984375 0.084375 0.4984375
5 0.315625 0.6015625 0.390625 0.6015625 0.390625 0.68125 0.315625 0.68125
5 0.8 0.784375 0.9015625 0.784375 0.9015625 0.8828125 0.8 0.8828125
4 0.5984375 0.4859375 0.6875 0.4859375 0.6875 0.565625 0.5984375 0.565625
4 0.7890625 0.5921875 0.915625 0.5921875 0.915625 0.684375 0.7890625 0.684375
4 0.8015625 0.2921875 0.9296875 0.2921875 0.9296875 0.4015625 0.8015625 0.4015625
3 0.303125 0.0953125 0.36875 0.0953125 0.36875 0.1828125 0.303125 0.1828125
3 0.0921875 0.53125 0.1703125 0.53125 0.1703125 0.5921875 0.0921875 0.5921875
2 0.190625 0.6 0.28125 0.6 0.28125 0.68125 0.190625 0.68125
2 0.51875 0.690625 0.5890625 0.690625 0.5890625 0.7828125 0.51875 0.7828125
2 0.21875 0.790625 0.309375 0.790625 0.309375 0.8828125 0.21875 0.8828125
2 0.59375 0.403125 0.675 0.403125 0.675 0.4765625 0.59375 0.4765625
1 0.3921875 0.2 0.4671875 0.2 0.4671875 0.3109375 0.3921875 0.3109375
1 0.1921875 0.2078125 0.2984375 0.2078125 0.2984375 0.30625 0.1921875 0.30625
1 0.303125 0.5078125 0.3875 0.5078125 0.3875 0.5828125 0.303125 0.5828125
0 0.43125 0.6203125 0.490625 0.6203125 0.490625 0.690625 0.43125 0.690625
0 0.4265625 0.515625 0.484375 0.515625 0.484375 0.58125 0.4265625 0.58125
0 0.3359375 0.696875 0.3921875 0.696875 0.3921875 0.7765625 0.3359375 0.7765625
0 0.7140625 0.2171875 0.79375 0.2171875 0.79375 0.296875 0.7140625 0.296875
0 0.696875 0.5171875 0.7859375 0.5171875 0.7859375 0.5734375 0.696875 0.5734375
5 0.503125 0.1203125 0.571875 0.1203125 0.571875 0.21875 0.503125 0.21875