10 0.703125 0.5828125 0.79375 0.5828125 0.79375 0.640625 0.703125 0.640625
10 0.7125 0.453125 0.80625 0.453125 0.80625 0.50625 0.7125 0.50625
10 0.5359375 0.16875 0.6078125 0.16875 0.6078125 0.2515625 0.5359375 0.2515625
10 0.171875 0.39375 0.26875 0.39375 0.26875 0.453125 0.171875 0.453125
10 0.1765625 0.5234375 0.275 0.5234375 0.275 0.578125 0.1765625 0.578125
10 0.36875 0.4546875 0.440625 0.4546875 0.440625 0.5046875 0.36875 0.5046875
10 0.3546875 0.3921875 0.4296875 0.3921875 0.4296875 0.446875 0.3546875 0.446875
9 0.6265625 0.396875 0.6828125 0.396875 0.6828125 0.4390625 0.6265625 0.4390625
9 0.5546875 0.5875 0.609375 0.5875 0.609375 0.63125 0.5546875 0.63125
9 0.728125 0.65 0.7796875 0.65 0.7796875 0.69375 0.728125 0.69375
9 0.2171875 0.6578125 0.2796875 0.6578125 0.2796875 0.703125 0.2171875 0.703125
9 0.3828125 0.521875 0.4421875 0.521875 0.4421875 0.56875 0.3828125 0.56875
9 0.540625 0.334375 0.596875 0.334375 0.596875 0.384375 0.540625 0.384375
9 0.4578125 0.26875 0.5140625 0.26875 0.5140625 0.3171875 0.4578125 0.3171875
9 0.375 0.3328125 0.4296875 0.3328125 0.4296875 0.3765625 0.375 0.3765625
9 0.2921875 0.26875 0.3453125 0.26875 0.3453125 0.3171875 0.2921875 0.3171875
9 0.203125 0.271875 0.265625 0.271875 0.265625 0.3171875 0.203125 0.3171875
9 0.2921875 0.1984375 0.3515625 0.1984375 0.3515625 0.2515625 0.2921875 0.2515625
7 0.70625 0.315625 0.79375 0.315625 0.79375 0.384375 0.70625 0.384375
7 0.6171875 0.2375 0.7015625 0.2375 0.7015625 0.315625 0.6171875 0.315625
7 0.45625 0.5203125 0.5265625 0.5203125 0.5265625 0.5734375 0.45625 0.5734375
7 0.2828125 0.5859375 0.3640625 0.5859375 0.3640625 0.640625 0.2828125 0.640625
7 0.0953125 0.6515625 0.1953125 0.6515625 0.1953125 0.7203125 0.0953125 0.7203125
6 0.45625 0.6453125 0.5125 0.6453125 0.5125 0.7015625 0.45625 0.7015625
6 0.3015625 0.6515625 0.3671875 0.6515625 0.3671875 0.7046875 0.3015625 0.7046875
6 0.0984375 0.46875 0.1828125 0.46875 0.1828125 0.5125 0.0984375 0.5125
6 0.6234375 0.31875 0.684375 0.31875 0.684375 0.36875 0.6234375 0.36875
4 0.6203125 0.453125 0.6953125 0.453125 0.6953125 0.503125 0.6203125 0.503125
4 0.615625 0.6484375 0.69375 0.6484375 0.69375 0.7078125 0.615625 0.7078125
4 0.45625 0.3890625 0.5203125 0.3890625 0.5203125 0.446875 0.45625 0.446875
4 0.18125 0.3171875 0.2796875 0.3171875 0.2796875 0.384375 0.18125 0.384375
1 0.3703125 0.16875 0.4453125 0.16875 0.4453125 0.2515625 0.3703125 0.2515625