11 0.8015625 0.328125 0.8921875 0.328125 0.8921875 0.403125 0.8015625 0.403125
11 0.371875 0.8140625 0.446875 0.8140625 0.446875 0.903125 0.371875 0.903125
11 0.1578125 0.8375 0.2515625 0.8375 0.2515625 0.925 0.1578125 0.925
11 0.26875 0.8203125 0.35 0.8203125 0.35 0.9078125 0.26875 0.9078125
10 0.51875 0.1078125 0.5984375 0.1078125 0.5984375 0.21875 0.51875 0.21875
10 0.328125 0.3328125 0.4171875 0.3328125 0.4171875 0.4234375 0.328125 0.4234375
10 0.634375 0.7 0.7296875 0.7 0.7296875 0.80625 0.634375 0.80625
9 0.55625 0.6234375 0.615625 0.6234375 0.615625 0.675 0.55625 0.675
8 0.4484375 0.7078125 0.521875 0.7078125 0.521875 0.7875 0.4484375 0.7875
8 0.35 0.628125 0.4203125 0.628125 0.4203125 0.7 0.35 0.7
8 0.2515625 0.628125 0.340625 0.628125 0.340625 0.69375 0.2515625 0.69375
8 0.2578125 0.540625 0.334375 0.540625 0.334375 0.603125 0.2578125 0.603125
8 0.7921875 0.409375 0.89375 0.409375 0.89375 0.484375 0.7921875 0.484375
8 0.228125 0.15625 0.3125 0.15625 0.3125 0.2421875 0.228125 0.2421875
7 0.5140625 0.3171875 0.5859375 0.3171875 0.5859375 0.409375 0.5140625 0.409375
7 0.4203125 0.1015625 0.490625 0.1015625 0.490625 0.2234375 0.4203125 0.2234375
7 0.2421875 0.725 0.34375 0.725 0.34375 0.828125 0.2421875 0.828125
6 0.728125 0.60625 0.8234375 0.60625 0.8234375 0.6734375 0.728125 0.6734375
6 0.634375 0.6109375 0.7171875 0.6109375 0.7171875 0.6703125 0.634375 0.6703125
6 0.6375 0.81875 0.71875 0.81875 0.71875 0.9125 0.6375 0.9125
6 0.528125 0.2328125 0.59375 0.2328125 0.59375 0.309375 0.528125 0.309375
6 0.325 0.246875 0.396875 0.246875 0.396875 0.31875 0.325 0.31875
6 0.1515625 0.5390625 0.246875 0.5390625 0.246875 0.603125 0.1515625 0.603125
5 0.54375 0.540625 0.609375 0.540625 0.609375 0.60625 0.54375 0.60625
5 0.453125 0.621875 0.5234375 0.621875 0.5234375 0.696875 0.453125 0.696875
5 0.3609375 0.7171875 0.43125 0.7171875 0.43125 0.8015625 0.3609375 0.8015625
5 0.4578125 0.8015625 0.5265625 0.8015625 0.5265625 0.8921875 0.4578125 0.8921875
5 0.146875 0.7359375 0.240625 0.7359375 0.240625 0.821875 0.146875 0.821875
5 0.4390625 0.4375 0.5046875 0.4375 0.5046875 0.496875 0.4390625 0.496875
4 0.8015625 0.1921875 0.9328125 0.1921875 0.9328125 0.3015625 0.8015625 0.3015625
4 0.6265625 0.2203125 0.7109375 0.2203125 0.7109375 0.3171875 0.6265625 0.3171875
4 0.3078125 0.096875 0.4046875 0.096875 0.4046875 0.21875 0.3078125 0.21875
3 0.828125 0.80625 0.9109375 0.80625 0.9109375 0.88125 0.828125 0.88125
3 0.25625 0.3609375 0.325 0.3609375 0.325 0.4171875 0.25625 0.4171875
2 0.621875 0.51875 0.69375 0.51875 0.69375 0.5953125 0.621875 0.5953125
2 0.540625 0.7078125 0.6171875 0.7078125 0.6171875 0.79375 0.540625 0.79375
2 0.23125 0.2421875 0.315625 0.2421875 0.315625 0.3171875 0.23125 0.3171875
2 0.3453125 0.540625 0.4125 0.540625 0.4125 0.6125 0.3453125 0.6125
1 0.6125 0.4234375 0.70625 0.4234375 0.70625 0.49375 0.6125 0.49375
1 0.1109375 0.3375 0.2328125 0.3375 0.2328125 0.4265625 0.1109375 0.4265625
1 0.421875 0.3421875 0.5015625 0.3421875 0.5015625 0.4203125 0.421875 0.4203125
0 0.709375 0.3171875 0.7875 0.3171875 0.7875 0.3859375 0.709375 0.3859375
0 0.81875 0.721875 0.915625 0.721875 0.915625 0.79375 0.81875 0.79375
0 0.8265625 0.6046875 0.9125 0.6046875 0.9125 0.675 0.8265625 0.675
0 0.43125 0.528125 0.490625 0.528125 0.490625 0.5859375 0.43125 0.5859375
0 0.1578125 0.6328125 0.2515625 0.6328125 0.2515625 0.709375 0.1578125 0.709375