1 0.35625 0.3171875 0.459375 0.3171875 0.459375 0.40625 0.35625 0.40625
1 0.471875 0.3859375 0.5703125 0.3859375 0.5703125 0.4734375 0.471875 0.4734375
1 0.5828125 0.2875 0.684375 0.2875 0.684375 0.39375 0.5828125 0.39375
1 0.128125 0.296875 0.2703125 0.296875 0.2703125 0.3984375 0.128125 0.3984375
0 0.2578125 0.63125 0.3640625 0.63125 0.3640625 0.7109375 0.2578125 0.7109375
0 0.471875 0.63125 0.565625 0.63125 0.565625 0.715625 0.471875 0.715625
2 0.1453125 0.70625 0.24375 0.70625 0.24375 0.7859375 0.1453125 0.7859375
2 0.3671875 0.7140625 0.465625 0.7140625 0.465625 0.7859375 0.3671875 0.7859375
2 0.5765625 0.7125 0.684375 0.7125 0.684375 0.796875 0.5765625 0.796875
2 0.7921875 0.7125 0.8984375 0.7125 0.8984375 0.803125 0.7921875 0.803125
3 0.0515625 0.55625 0.15 0.55625 0.15 0.63125 0.0515625 0.63125
3 0.159375 0.5578125 0.246875 0.5578125 0.246875 0.6171875 0.159375 0.6171875
3 0.2578125 0.5546875 0.35625 0.5546875 0.35625 0.6203125 0.2578125 0.6203125
3 0.375 0.5546875 0.4640625 0.5546875 0.4640625 0.625 0.375 0.625
3 0.48125 0.5515625 0.5640625 0.5515625 0.5640625 0.6125 0.48125 0.6125
3 0.5796875 0.546875 0.66875 0.546875 0.66875 0.60625 0.5796875 0.60625
3 0.6828125 0.5515625 0.78125 0.5515625 0.78125 0.6125 0.6828125 0.6125
4 0.7859375 0.3 0.9203125 0.3 0.9203125 0.3921875 0.7859375 0.3921875
5 0.25 0.221875 0.36875 0.221875 0.36875 0.30625 0.25 0.30625
5 0.68125 0.2234375 0.7796875 0.2234375 0.7796875 0.315625 0.68125 0.315625