8 0.55 0.4265625 0.59375 0.4265625 0.59375 0.6046875 0.55 0.6046875
2 0.35625 0.4296875 0.403125 0.4296875 0.403125 0.60625 0.35625 0.60625
5 0.2375 0.4484375 0.28125 0.4484375 0.28125 0.609375 0.2375 0.609375
1 0.1984375 0.3546875 0.2671875 0.3546875 0.2671875 0.6140625 0.1984375 0.6140625
7 0.6953125 0.309375 0.759375 0.309375 0.759375 0.5703125 0.6953125 0.5703125
11 0.65 0.75 0.68125 0.75 0.68125 0.8640625 0.65 0.8640625
5 0.3140625 0.765625 0.3453125 0.765625 0.3453125 0.890625 0.3140625 0.890625
6 0.55 0.703125 0.584375 0.703125 0.584375 0.8546875 0.55 0.8546875
8 0.659375 0.6921875 0.696875 0.6921875 0.696875 0.8390625 0.659375 0.8390625
0 0.290625 0.6640625 0.3265625 0.6640625 0.3265625 0.8203125 0.290625 0.8203125
6 0.6640625 0.63125 0.6984375 0.63125 0.6984375 0.7875 0.6640625 0.7875
2 0.39375 0.65625 0.43125 0.65625 0.43125 0.8015625 0.39375 0.8015625
4 0.2609375 0.596875 0.3140625 0.596875 0.3140625 0.8046875 0.2609375 0.8046875
10 0.66875 0.559375 0.715625 0.559375 0.715625 0.76875 0.66875 0.76875
0 0.31875 0.53125 0.35625 0.53125 0.35625 0.703125 0.31875 0.703125
11 0.678125 0.4953125 0.71875 0.4953125 0.71875 0.6515625 0.678125 0.6515625