5 0 0.6171875 0.1125 0.6171875 0.1125 0.696875 0 0.696875
5 0.0046875 0.4625 0.1203125 0.4625 0.1203125 0.5328125 0.0046875 0.5328125
5 0.00625 0.271875 0.1265625 0.271875 0.1265625 0.35625 0.00625 0.35625
5 0.359375 0.54375 0.4484375 0.54375 0.4484375 0.609375 0.359375 0.609375
5 0.353125 0.2875 0.446875 0.2875 0.446875 0.3640625 0.353125 0.3640625
5 0.3484375 0.0984375 0.45 0.0984375 0.45 0.196875 0.3484375 0.196875
5 0.471875 0.378125 0.559375 0.378125 0.559375 0.446875 0.471875 0.446875
5 0.459375 0.1875 0.54375 0.1875 0.54375 0.278125 0.459375 0.278125
5 0.56875 0.271875 0.66875 0.271875 0.66875 0.35 0.56875 0.35
5 0.68125 0.3734375 0.7875 0.3734375 0.7875 0.44375 0.68125 0.44375
5 0.790625 0.44375 0.90625 0.44375 0.90625 0.5125 0.790625 0.5125