11 0.0328125 0.090625 0.134375 0.090625 0.134375 0.190625 0.0328125 0.190625
11 0.471875 0.121875 0.5453125 0.121875 0.5453125 0.2171875 0.471875 0.2171875
11 0.0703125 0.6140625 0.1671875 0.6140625 0.1671875 0.696875 0.0703125 0.696875
11 0.5765625 0.79375 0.6421875 0.79375 0.6421875 0.8953125 0.5765625 0.8953125
10 0.571875 0.2984375 0.6671875 0.2984375 0.6671875 0.3859375 0.571875 0.3859375
10 0.775 0.509375 0.89375 0.509375 0.89375 0.5984375 0.775 0.5984375
10 0.153125 0.6078125 0.265625 0.6078125 0.265625 0.709375 0.153125 0.709375
9 0.1640625 0.5234375 0.2375 0.5234375 0.2375 0.59375 0.1640625 0.59375
8 0.275 0.3296875 0.3609375 0.3296875 0.3609375 0.4078125 0.275 0.4078125
8 0.2703125 0.425 0.35625 0.425 0.35625 0.49375 0.2703125 0.49375
8 0.765625 0.2 0.865625 0.2 0.865625 0.2921875 0.765625 0.2921875
8 0.66875 0.0953125 0.74375 0.0953125 0.74375 0.2015625 0.66875 0.2015625
8 0.375 0.7078125 0.4578125 0.7078125 0.4578125 0.8046875 0.375 0.8046875
8 0.49375 0.7796875 0.559375 0.7796875 0.559375 0.8953125 0.49375 0.8953125
7 0.128125 0.1921875 0.246875 0.1921875 0.246875 0.296875 0.128125 0.296875
7 0.584375 0.496875 0.6765625 0.496875 0.6765625 0.575 0.584375 0.575
7 0.7703125 0.403125 0.896875 0.403125 0.896875 0.484375 0.7703125 0.484375
6 0.39375 0.7953125 0.4625 0.7953125 0.4625 0.890625 0.39375 0.890625
6 0.4859375 0.31875 0.546875 0.31875 0.546875 0.39375 0.4859375 0.39375
6 0.6765625 0.303125 0.753125 0.303125 0.753125 0.371875 0.6765625 0.371875
6 0.7578125 0.0796875 0.846875 0.0796875 0.846875 0.178125 0.7578125 0.178125
6 0.1703125 0.0953125 0.2546875 0.0953125 0.2546875 0.190625 0.1703125 0.190625
6 0.6828125 0.5140625 0.7640625 0.5140625 0.7640625 0.5796875 0.6828125 0.5796875
5 0.2859375 0.090625 0.365625 0.090625 0.365625 0.1953125 0.2859375 0.1953125
5 0.5921875 0.0953125 0.6640625 0.0953125 0.6640625 0.2 0.5921875 0.2
5 0.4015625 0.1 0.471875 0.1 0.471875 0.19375 0.4015625 0.19375
5 0.05625 0.415625 0.1609375 0.415625 0.1609375 0.490625 0.05625 0.490625
5 0.2859375 0.603125 0.3671875 0.603125 0.3671875 0.684375 0.2859375 0.684375
5 0.1671875 0.69375 0.2609375 0.69375 0.2609375 0.7828125 0.1671875 0.7828125
4 0.6703125 0.609375 0.784375 0.609375 0.784375 0.70625 0.6703125 0.70625
4 0.7828125 0.2921875 0.9171875 0.2921875 0.9171875 0.3875 0.7828125 0.3875
4 0.6734375 0.8 0.7796875 0.8 0.7796875 0.9265625 0.6734375 0.9265625
3 0.5078125 0.4296875 0.5546875 0.4296875 0.5546875 0.4828125 0.5078125 0.4828125
2 0.0625 0.7125 0.1734375 0.7125 0.1734375 0.796875 0.0625 0.796875
2 0.371875 0.3234375 0.4421875 0.3234375 0.4421875 0.3984375 0.371875 0.3984375
2 0.4796875 0.521875 0.565625 0.521875 0.565625 0.596875 0.4796875 0.596875
2 0.4921875 0.6921875 0.565625 0.6921875 0.565625 0.78125 0.4921875 0.78125
1 0.384375 0.421875 0.459375 0.421875 0.459375 0.503125 0.384375 0.503125
1 0.565625 0.4 0.65625 0.4 0.65625 0.475 0.565625 0.475
1 0.275 0.2015625 0.36875 0.2015625 0.36875 0.309375 0.275 0.309375
0 0.3890625 0.2046875 0.4515625 0.2046875 0.4515625 0.284375 0.3890625 0.284375
0 0.2875 0.515625 0.3515625 0.515625 0.3515625 0.5875 0.2875 0.5875
0 0.4015625 0.615625 0.46875 0.615625 0.46875 0.696875 0.4015625 0.696875
0 0.5921875 0.6984375 0.659375 0.6984375 0.659375 0.7828125 0.5921875 0.7828125
0 0.3 0.6953125 0.36875 0.6953125 0.36875 0.7875 0.3 0.7875
3 0.075 0.8109375 0.1546875 0.8109375 0.1546875 0.8890625 0.075 0.8890625