11 0.26875 0.15 0.396875 0.15 0.396875 0.203125 0.26875 0.203125
11 0.409375 0.2234375 0.525 0.2234375 0.525 0.2640625 0.409375 0.2640625
5 0.790625 0.1625 0.85625 0.1625 0.85625 0.215625 0.790625 0.215625
5 0.675 0.3375 0.771875 0.3375 0.771875 0.390625 0.675 0.390625
5 0.5640625 0.471875 0.6671875 0.471875 0.6671875 0.509375 0.5640625 0.509375
5 0.353125 0.5296875 0.45625 0.5296875 0.45625 0.5828125 0.353125 0.5828125
8 0.3359375 0.4765625 0.4546875 0.4765625 0.4546875 0.5203125 0.3359375 0.5203125
8 0.571875 0.2890625 0.66875 0.2890625 0.66875 0.3328125 0.571875 0.3328125
6 0.7 0.278125 0.784375 0.278125 0.784375 0.325 0.7 0.325
6 0.571875 0.221875 0.659375 0.221875 0.659375 0.2703125 0.571875 0.2703125
0 0.8078125 0.28125 0.8921875 0.28125 0.8921875 0.33125 0.8078125 0.33125
0 0.44375 0.284375 0.5328125 0.284375 0.5328125 0.328125 0.44375 0.328125
7 0.4328125 0.3375 0.5359375 0.3375 0.5359375 0.390625 0.4328125 0.390625
1 0.5765625 0.3375 0.6609375 0.3375 0.6609375 0.384375 0.5765625 0.384375
10 0.5796875 0.4078125 0.6765625 0.4078125 0.6765625 0.4421875 0.5796875 0.4421875
4 0.4671875 0.4046875 0.5515625 0.4046875 0.5515625 0.4625 0.4671875 0.4625