5 0.778125 0.675 0.8875 0.675 0.8875 0.771875 0.778125 0.771875
5 0.7859375 0.0765625 0.890625 0.0765625 0.890625 0.184375 0.7859375 0.184375
5 0.7953125 0.3890625 0.9015625 0.3890625 0.9015625 0.4734375 0.7953125 0.4734375
5 0.5234375 0.4671875 0.59375 0.4671875 0.59375 0.54375 0.5234375 0.54375
5 0.328125 0.6625 0.409375 0.6625 0.409375 0.759375 0.328125 0.759375
5 0.4984375 0.678125 0.571875 0.678125 0.571875 0.7703125 0.4984375 0.7703125
4 0.690625 0.4796875 0.7953125 0.4796875 0.7953125 0.565625 0.690625 0.565625
4 0.6 0.571875 0.6984375 0.571875 0.6984375 0.671875 0.6 0.671875
4 0.403125 0.578125 0.4875 0.578125 0.4875 0.678125 0.403125 0.678125
3 0.2125 0.6671875 0.2890625 0.6671875 0.2890625 0.75 0.2125 0.75
3 0.115625 0.4921875 0.2 0.4921875 0.2 0.5640625 0.115625 0.5640625
3 0.240625 0.196875 0.3125 0.196875 0.3125 0.275 0.240625 0.275
3 0.315625 0.2921875 0.3875 0.2921875 0.3875 0.359375 0.315625 0.359375
3 0.39375 0.0828125 0.46875 0.0828125 0.46875 0.15625 0.39375 0.15625
3 0.4078125 0.1859375 0.478125 0.1859375 0.478125 0.2640625 0.4078125 0.2640625
3 0.6125 0.103125 0.684375 0.103125 0.684375 0.1765625 0.6125 0.1765625
3 0.6875 0.20625 0.7671875 0.20625 0.7671875 0.278125 0.6875 0.278125
3 0.7875 0.5671875 0.878125 0.5671875 0.878125 0.6375 0.7875 0.6375
3 0.6015625 0.765625 0.6875 0.765625 0.6875 0.8546875 0.6015625 0.8546875
2 0.0890625 0.3796875 0.2109375 0.3796875 0.2109375 0.4859375 0.0890625 0.4859375
2 0.209375 0.7640625 0.3203125 0.7640625 0.3203125 0.878125 0.209375 0.878125
2 0.7953125 0.284375 0.8984375 0.284375 0.8984375 0.3796875 0.7953125 0.3796875
2 0.5921875 0.4875 0.675 0.4875 0.675 0.5609375 0.5921875 0.5609375
1 0.3125 0.5765625 0.40625 0.5765625 0.40625 0.6828125 0.3125 0.6828125
1 0.28125 0.4890625 0.396875 0.4890625 0.396875 0.5796875 0.28125 0.5796875
1 0.690625 0.284375 0.8109375 0.284375 0.8109375 0.3796875 0.690625 0.3796875
0 0.084375 0.0609375 0.2 0.0609375 0.2 0.16875 0.084375 0.16875
0 0.409375 0.76875 0.4984375 0.76875 0.4984375 0.8703125 0.409375 0.8703125
0 0.5 0.2859375 0.5734375 0.2859375 0.5734375 0.3671875 0.5 0.3671875
0 0.678125 0.3828125 0.765625 0.3828125 0.765625 0.459375 0.678125 0.459375
0 0.221875 0.4765625 0.309375 0.4765625 0.309375 0.5546875 0.221875 0.5546875
6 0.1015625 0.78125 0.2 0.78125 0.2 0.88125 0.1015625 0.88125
6 0.2046875 0.5796875 0.3 0.5796875 0.3 0.6625 0.2046875 0.6625
6 0.5140625 0.39375 0.58125 0.39375 0.58125 0.4609375 0.5140625 0.4609375
6 0.590625 0.678125 0.671875 0.678125 0.671875 0.7703125 0.590625 0.7703125
6 0.59375 0.403125 0.6859375 0.403125 0.6859375 0.4796875 0.59375 0.4796875
6 0.60625 0.1890625 0.690625 0.1890625 0.690625 0.2703125 0.60625 0.2703125
7 0.41875 0.4796875 0.5015625 0.4796875 0.5015625 0.575 0.41875 0.575
7 0.490625 0.1546875 0.5875 0.1546875 0.5875 0.2640625 0.490625 0.2640625
7 0.4078125 0.3796875 0.4984375 0.3796875 0.4984375 0.475 0.4078125 0.475
8 0.6875 0.7703125 0.7796875 0.7703125 0.7796875 0.865625 0.6875 0.865625
8 0.5 0.06875 0.5859375 0.06875 0.5859375 0.16875 0.5 0.16875
8 0.2046875 0.053125 0.2859375 0.053125 0.2859375 0.18125 0.2046875 0.18125
8 0.3078125 0.3828125 0.396875 0.3828125 0.396875 0.471875 0.3078125 0.471875
8 0.5078125 0.771875 0.5953125 0.771875 0.5953125 0.875 0.5078125 0.875
8 0.315625 0.175 0.396875 0.175 0.396875 0.275 0.315625 0.275
9 0.1375 0.275 0.21875 0.275 0.21875 0.3515625 0.1375 0.3515625
9 0.10625 0.1875 0.19375 0.1875 0.19375 0.26875 0.10625 0.26875
9 0.2015625 0.3796875 0.2765625 0.3796875 0.2765625 0.4453125 0.2015625 0.4453125
9 0.3234375 0.775 0.4015625 0.775 0.4015625 0.8703125 0.3234375 0.8703125
9 0.29375 0.0875 0.36875 0.0875 0.36875 0.175 0.29375 0.175
9 0.409375 0.3078125 0.48125 0.3078125 0.48125 0.3796875 0.409375 0.3796875
9 0.68125 0.6625 0.7546875 0.6625 0.7546875 0.7390625 0.68125 0.7390625
9 0.715625 0.5875 0.7875 0.5875 0.7875 0.6546875 0.715625 0.6546875
9 0.703125 0.075 0.7796875 0.075 0.7796875 0.1640625 0.703125 0.1640625
9 0.775 0.496875 0.8546875 0.496875 0.8546875 0.571875 0.775 0.571875
9 0.78125 0.1875 0.875 0.1875 0.875 0.28125 0.78125 0.28125
10 0.5859375 0.2921875 0.703125 0.2921875 0.703125 0.3921875 0.5859375 0.3921875
10 0.5 0.575 0.5875 0.575 0.5875 0.6765625 0.5 0.6765625
10 0.4015625 0.6671875 0.4921875 0.6671875 0.4921875 0.775 0.4015625 0.775
11 0.1 0.6546875 0.2109375 0.6546875 0.2109375 0.7546875 0.1 0.7546875
11 0.0953125 0.5875 0.215625 0.5875 0.215625 0.6703125 0.0953125 0.6703125
11 0.2046875 0.284375 0.296875 0.284375 0.296875 0.3671875 0.2046875 0.3671875
11 0.7828125 0.7703125 0.890625 0.7703125 0.890625 0.8796875 0.7828125 0.8796875