3 0.4140625 0.7 0.4796875 0.7 0.4796875 0.765625 0.4140625 0.765625
3 0.6953125 0.775 0.7578125 0.775 0.7578125 0.878125 0.6953125 0.878125
3 0.55625 0.246875 0.6140625 0.246875 0.6140625 0.325 0.55625 0.325
3 0.4921875 0.328125 0.553125 0.328125 0.553125 0.4078125 0.4921875 0.4078125
3 0.41875 0.3953125 0.4796875 0.3953125 0.4796875 0.4875 0.41875 0.4875
3 0.296875 0.2203125 0.35625 0.2203125 0.35625 0.303125 0.296875 0.303125
3 0.225 0.2234375 0.2921875 0.2234375 0.2921875 0.3171875 0.225 0.3171875
0 0.61875 0.23125 0.68125 0.23125 0.68125 0.309375 0.61875 0.309375
0 0.559375 0.3375 0.6109375 0.3375 0.6109375 0.409375 0.559375 0.409375
0 0.61875 0.4953125 0.684375 0.4953125 0.684375 0.575 0.61875 0.575
0 0.5515625 0.76875 0.61875 0.76875 0.61875 0.865625 0.5515625 0.865625
0 0.49375 0.759375 0.546875 0.759375 0.546875 0.846875 0.49375 0.846875
0 0.4265625 0.3203125 0.4875 0.3203125 0.4875 0.3921875 0.4265625 0.3921875
0 0.4140625 0.4890625 0.4796875 0.4890625 0.4796875 0.56875 0.4140625 0.56875
5 0.6234375 0.334375 0.6859375 0.334375 0.6859375 0.40625 0.6234375 0.40625
5 0.625 0.7640625 0.690625 0.7640625 0.690625 0.8796875 0.625 0.8796875
6 0.559375 0.125 0.621875 0.125 0.621875 0.23125 0.559375 0.23125
6 0.4859375 0.409375 0.553125 0.409375 0.553125 0.49375 0.4859375 0.49375
6 0.2765625 0.7609375 0.3359375 0.7609375 0.3359375 0.8640625 0.2765625 0.8640625
6 0.3578125 0.4078125 0.40625 0.4078125 0.40625 0.484375 0.3578125 0.484375
6 0.35625 0.490625 0.4171875 0.490625 0.4171875 0.5875 0.35625 0.5875
7 0.1796875 0.75625 0.271875 0.75625 0.271875 0.871875 0.1796875 0.871875
8 0.559375 0.41875 0.625 0.41875 0.625 0.4953125 0.559375 0.4953125
8 0.4953125 0.4953125 0.5484375 0.4953125 0.5484375 0.575 0.4953125 0.575
8 0.471875 0.58125 0.55 0.58125 0.55 0.678125 0.471875 0.678125
8 0.4203125 0.775 0.4734375 0.775 0.4734375 0.8625 0.4203125 0.8625
9 0.6359375 0.415625 0.690625 0.415625 0.690625 0.478125 0.6359375 0.478125
9 0.6171875 0.58125 0.6734375 0.58125 0.6734375 0.64375 0.6171875 0.64375
9 0.5609375 0.4984375 0.6140625 0.4984375 0.6140625 0.56875 0.5609375 0.56875
9 0.5546875 0.5875 0.6203125 0.5875 0.6203125 0.6765625 0.5546875 0.6765625
9 0.35625 0.31875 0.40625 0.31875 0.40625 0.38125 0.35625 0.38125
9 0.29375 0.3234375 0.353125 0.3234375 0.353125 0.390625 0.29375 0.390625
9 0.284375 0.4890625 0.34375 0.4890625 0.34375 0.578125 0.284375 0.578125
9 0.2140625 0.4984375 0.2765625 0.4984375 0.2765625 0.58125 0.2140625 0.58125
9 0.2859375 0.6640625 0.346875 0.6640625 0.346875 0.7390625 0.2859375 0.7390625
9 0.225 0.6734375 0.2828125 0.6734375 0.2828125 0.7484375 0.225 0.7484375
9 0.225 0.3171875 0.2921875 0.3171875 0.2921875 0.4015625 0.225 0.4015625
11 0.4859375 0.146875 0.5625 0.146875 0.5625 0.2375 0.4859375 0.2375
11 0.4890625 0.234375 0.5453125 0.234375 0.5453125 0.325 0.4890625 0.325
11 0.4328125 0.225 0.4859375 0.225 0.4859375 0.31875 0.4328125 0.31875
11 0.353125 0.7640625 0.409375 0.7640625 0.409375 0.8703125 0.353125 0.8703125
2 0.2921875 0.4046875 0.3515625 0.4046875 0.3515625 0.484375 0.2921875 0.484375
2 0.2078125 0.40625 0.2921875 0.40625 0.2921875 0.4875 0.2078125 0.4875
2 0.3640625 0.209375 0.4265625 0.209375 0.4265625 0.309375 0.3640625 0.309375