5 0.1484375 0.8140625 0.2453125 0.8140625 0.2453125 0.9421875 0.1484375 0.9421875
5 0.153125 0.678125 0.24375 0.678125 0.24375 0.7796875 0.153125 0.7796875
3 0.490625 0.065625 0.5515625 0.065625 0.5515625 0.184375 0.490625 0.184375
3 0.5703125 0.0609375 0.628125 0.0609375 0.628125 0.159375 0.5703125 0.159375
3 0.65625 0.0578125 0.7171875 0.0578125 0.7171875 0.16875 0.65625 0.16875
3 0.71875 0.0609375 0.7953125 0.0609375 0.7953125 0.1671875 0.71875 0.1671875
3 0.25625 0.8171875 0.328125 0.8171875 0.328125 0.921875 0.25625 0.921875
3 0.3484375 0.8 0.409375 0.8 0.409375 0.8953125 0.3484375 0.8953125
3 0.4296875 0.8078125 0.4890625 0.8078125 0.4890625 0.9171875 0.4296875 0.9171875
2 0.73125 0.2421875 0.821875 0.2421875 0.821875 0.340625 0.73125 0.340625
2 0.734375 0.3640625 0.825 0.3640625 0.825 0.459375 0.734375 0.459375
2 0.73125 0.465625 0.8234375 0.465625 0.8234375 0.5734375 0.73125 0.5734375
0 0.2453125 0.1578125 0.3328125 0.1578125 0.3328125 0.2734375 0.2453125 0.2734375
0 0.35 0.2734375 0.409375 0.2734375 0.409375 0.3625 0.35 0.3625
0 0.4265625 0.3625 0.4921875 0.3625 0.4921875 0.44375 0.4265625 0.44375
0 0.5 0.48125 0.55625 0.48125 0.55625 0.565625 0.5 0.565625
0 0.58125 0.5703125 0.64375 0.5703125 0.64375 0.6640625 0.58125 0.6640625
0 0.6578125 0.6984375 0.728125 0.6984375 0.728125 0.796875 0.6578125 0.796875
0 0.759375 0.7890625 0.853125 0.7890625 0.853125 0.909375 0.759375 0.909375