11 0.4765625 0.0671875 0.5515625 0.0671875 0.5515625 0.1609375 0.4765625 0.1609375
11 0.1484375 0.321875 0.2234375 0.321875 0.2234375 0.3890625 0.1484375 0.3890625
11 0.2484375 0.690625 0.315625 0.690625 0.315625 0.7859375 0.2484375 0.7859375
11 0.4125 0.8 0.471875 0.8 0.471875 0.8734375 0.4125 0.8734375
9 0.246875 0.196875 0.30625 0.196875 0.30625 0.2859375 0.246875 0.2859375
9 0.31875 0.2140625 0.3953125 0.2140625 0.3953125 0.2765625 0.31875 0.2765625
9 0.478125 0.1984375 0.5484375 0.1984375 0.5484375 0.2828125 0.478125 0.2828125
9 0.5609375 0.2015625 0.6234375 0.2015625 0.6234375 0.2859375 0.5609375 0.2859375
9 0.640625 0.190625 0.7 0.190625 0.7 0.29375 0.640625 0.29375
9 0.6390625 0.3078125 0.6921875 0.3078125 0.6921875 0.3828125 0.6390625 0.3828125
9 0.709375 0.3 0.778125 0.3 0.778125 0.384375 0.709375 0.384375
9 0.559375 0.5109375 0.6125 0.5109375 0.6125 0.596875 0.559375 0.596875
9 0.6234375 0.6078125 0.6796875 0.6078125 0.6796875 0.6921875 0.6234375 0.6921875
9 0.175 0.509375 0.2390625 0.509375 0.2390625 0.5921875 0.175 0.5921875
9 0.240625 0.3 0.2984375 0.3 0.2984375 0.384375 0.240625 0.384375
8 0.55625 0.303125 0.6171875 0.303125 0.6171875 0.4015625 0.55625 0.4015625
8 0.40625 0.70625 0.490625 0.70625 0.490625 0.79375 0.40625 0.79375
8 0.340625 0.8078125 0.396875 0.8078125 0.396875 0.90625 0.340625 0.90625
8 0.2671875 0.7921875 0.3234375 0.7921875 0.3234375 0.909375 0.2671875 0.909375
7 0.246875 0.515625 0.3234375 0.515625 0.3234375 0.621875 0.246875 0.621875
6 0.325 0.403125 0.384375 0.403125 0.384375 0.5 0.325 0.5
6 0.403125 0.509375 0.4640625 0.509375 0.4640625 0.603125 0.403125 0.603125
6 0.559375 0.7890625 0.61875 0.7890625 0.61875 0.9046875 0.559375 0.9046875
6 0.55625 0.415625 0.6140625 0.415625 0.6140625 0.5 0.55625 0.5
6 0.475 0.3046875 0.5390625 0.3046875 0.5390625 0.3921875 0.475 0.3921875
5 0.190625 0.7859375 0.2578125 0.7859375 0.2578125 0.8921875 0.190625 0.8921875
5 0.3375 0.515625 0.39375 0.515625 0.39375 0.6046875 0.3375 0.6046875
3 0.3234375 0.303125 0.390625 0.303125 0.390625 0.3921875 0.3234375 0.3921875
3 0.4921875 0.5125 0.54375 0.5125 0.54375 0.59375 0.4921875 0.59375
3 0.4078125 0.60625 0.45625 0.60625 0.45625 0.678125 0.4078125 0.678125
3 0.3375 0.6875 0.39375 0.6875 0.39375 0.778125 0.3375 0.778125
3 0.55625 0.69375 0.621875 0.69375 0.621875 0.778125 0.55625 0.778125
3 0.63125 0.7 0.69375 0.7 0.69375 0.7828125 0.63125 0.7828125
3 0.7 0.696875 0.771875 0.696875 0.771875 0.7859375 0.7 0.7859375
2 0.40625 0.4046875 0.4609375 0.4046875 0.4609375 0.4984375 0.40625 0.4984375
2 0.725 0.2015625 0.8109375 0.2015625 0.8109375 0.290625 0.725 0.290625
2 0.6328125 0.503125 0.69375 0.503125 0.69375 0.5953125 0.6328125 0.5953125
0 0.4109375 0.296875 0.46875 0.296875 0.46875 0.378125 0.4109375 0.378125
0 0.6453125 0.4109375 0.70625 0.4109375 0.70625 0.5 0.6453125 0.5
0 0.4921875 0.596875 0.546875 0.596875 0.546875 0.7078125 0.4921875 0.7078125
0 0.6328125 0.7890625 0.7046875 0.7890625 0.7046875 0.9046875 0.6328125 0.9046875
0 0.24375 0.403125 0.3109375 0.403125 0.3109375 0.4953125 0.24375 0.4953125
0 0.1609375 0.4109375 0.2359375 0.4109375 0.2359375 0.4828125 0.1609375 0.4828125