3 0.61875 0.753125 0.70625 0.753125 0.70625 0.825 0.61875 0.825
3 0.31875 0.740625 0.39375 0.740625 0.39375 0.8125 0.31875 0.8125
3 0.2 0.6546875 0.284375 0.6546875 0.284375 0.725 0.2 0.725
3 0.11875 0.5828125 0.2078125 0.5828125 0.2078125 0.64375 0.11875 0.64375
3 0.209375 0.51875 0.2859375 0.51875 0.2859375 0.571875 0.209375 0.571875
3 0.3203125 0.578125 0.3953125 0.578125 0.3953125 0.6375 0.3203125 0.6375
3 0.421875 0.578125 0.49375 0.578125 0.49375 0.63125 0.421875 0.63125
3 0.234375 0.440625 0.309375 0.440625 0.309375 0.5 0.234375 0.5
3 0.325 0.196875 0.4109375 0.196875 0.4109375 0.275 0.325 0.275
3 0.425 0.2796875 0.5046875 0.2796875 0.5046875 0.3421875 0.425 0.3421875
3 0.5109375 0.36875 0.590625 0.36875 0.590625 0.425 0.5109375 0.425
3 0.621875 0.3578125 0.6984375 0.3578125 0.6984375 0.4109375 0.621875 0.4109375
3 0.628125 0.4375 0.7 0.4375 0.7 0.496875 0.628125 0.496875
3 0.7421875 0.28125 0.8171875 0.28125 0.8171875 0.353125 0.7421875 0.353125
3 0.73125 0.20625 0.81875 0.20625 0.81875 0.278125 0.73125 0.278125
4 0.83125 0.590625 0.971875 0.590625 0.971875 0.66875 0.83125 0.66875
8 0.63125 0.265625 0.73125 0.265625 0.73125 0.35 0.63125 0.35
8 0.5109375 0.5875 0.6140625 0.5875 0.6140625 0.659375 0.5109375 0.659375
2 0.5265625 0.265625 0.6109375 0.265625 0.6109375 0.35 0.5265625 0.35
2 0.7203125 0.4203125 0.8390625 0.4203125 0.8390625 0.490625 0.7203125 0.490625
2 0.4125 0.659375 0.49375 0.659375 0.49375 0.734375 0.4125 0.734375
2 0.321875 0.503125 0.4125 0.503125 0.4125 0.56875 0.321875 0.56875
5 0.7359375 0.5140625 0.834375 0.5140625 0.834375 0.5765625 0.7359375 0.5765625
5 0.5125 0.74375 0.596875 0.74375 0.596875 0.8265625 0.5125 0.8265625