11 0.4390625 0.3921875 0.5015625 0.3921875 0.5015625 0.4640625 0.4390625 0.4640625
11 0.59375 0.30625 0.659375 0.30625 0.659375 0.3828125 0.59375 0.3828125
11 0.5921875 0.784375 0.671875 0.784375 0.671875 0.9109375 0.5921875 0.9109375
11 0.2015625 0.5046875 0.2859375 0.5046875 0.2859375 0.5921875 0.2015625 0.5921875
9 0.21875 0.2875 0.2859375 0.2875 0.2859375 0.36875 0.21875 0.36875
9 0.4671875 0.3171875 0.515625 0.3171875 0.515625 0.3984375 0.4671875 0.3984375
9 0.51875 0.4 0.5890625 0.4 0.5890625 0.4875 0.51875 0.4875
9 0.525 0.49375 0.58125 0.49375 0.58125 0.5734375 0.525 0.5734375
9 0.5796875 0.59375 0.6390625 0.59375 0.6390625 0.675 0.5796875 0.675
9 0.7390625 0.609375 0.80625 0.609375 0.80625 0.675 0.7390625 0.675
9 0.7296875 0.30625 0.79375 0.30625 0.79375 0.3859375 0.7296875 0.3859375
9 0.73125 0.2046875 0.7953125 0.2046875 0.7953125 0.2875 0.73125 0.2875
9 0.284375 0.08125 0.3578125 0.08125 0.3578125 0.1734375 0.284375 0.1734375
9 0.2265625 0.6875 0.2859375 0.6875 0.2859375 0.771875 0.2265625 0.771875
9 0.3765625 0.79375 0.4296875 0.79375 0.4296875 0.8796875 0.3765625 0.8796875
8 0.2046875 0.175 0.278125 0.175 0.278125 0.28125 0.2046875 0.28125
8 0.59375 0.4984375 0.659375 0.4984375 0.659375 0.578125 0.59375 0.578125
8 0.2796875 0.8 0.3515625 0.8 0.3515625 0.9046875 0.2796875 0.9046875
8 0.2078125 0.79375 0.2796875 0.79375 0.2796875 0.9046875 0.2078125 0.9046875
7 0.446875 0.4921875 0.5140625 0.4921875 0.5140625 0.5890625 0.446875 0.5890625
6 0.36875 0.2859375 0.43125 0.2859375 0.43125 0.3609375 0.36875 0.3609375
6 0.5140625 0.2984375 0.5890625 0.2984375 0.5890625 0.3828125 0.5140625 0.3828125
6 0.5984375 0.1 0.6734375 0.1 0.6734375 0.1984375 0.5984375 0.1984375
6 0.659375 0.2015625 0.73125 0.2015625 0.73125 0.2953125 0.659375 0.2953125
6 0.584375 0.4 0.6578125 0.4 0.6578125 0.49375 0.584375 0.49375
5 0.5234375 0.084375 0.5828125 0.084375 0.5828125 0.196875 0.5234375 0.196875
5 0.365625 0.3953125 0.4296875 0.3953125 0.4296875 0.4890625 0.365625 0.4890625
3 0.2125 0.4015625 0.2734375 0.4015625 0.2734375 0.4859375 0.2125 0.4859375
3 0.2125 0.5734375 0.26875 0.5734375 0.26875 0.6640625 0.2125 0.6640625
3 0.4484375 0.59375 0.4984375 0.59375 0.4984375 0.6734375 0.4484375 0.6734375
3 0.5234375 0.596875 0.584375 0.596875 0.584375 0.665625 0.5234375 0.665625
3 0.7375 0.525 0.8015625 0.525 0.8015625 0.590625 0.7375 0.590625
3 0.734375 0.6828125 0.8015625 0.6828125 0.8015625 0.7671875 0.734375 0.7671875
3 0.7421875 0.1125 0.803125 0.1125 0.803125 0.1921875 0.7421875 0.1921875
2 0.371875 0.596875 0.4375 0.596875 0.4375 0.69375 0.371875 0.69375
2 0.359375 0.4921875 0.421875 0.4921875 0.421875 0.5828125 0.359375 0.5828125
2 0.7203125 0.784375 0.809375 0.784375 0.809375 0.8953125 0.7203125 0.8953125
0 0.36875 0.065625 0.43125 0.065625 0.43125 0.1765625 0.36875 0.1765625
0 0.44375 0.0796875 0.50625 0.0796875 0.50625 0.184375 0.44375 0.184375
0 0.6703125 0.0734375 0.7375 0.0734375 0.7375 0.184375 0.6703125 0.184375
0 0.7359375 0.415625 0.815625 0.415625 0.815625 0.4875 0.7359375 0.4875
0 0.284375 0.7140625 0.3484375 0.7140625 0.3484375 0.8203125 0.284375 0.8203125
0 0.440625 0.7796875 0.5078125 0.7796875 0.5078125 0.890625 0.440625 0.890625
0 0.5140625 0.8015625 0.5796875 0.8015625 0.5796875 0.909375 0.5140625 0.909375