3 0.15625 0.128125 0.225 0.128125 0.225 0.2 0.15625 0.2
3 0.2421875 0.1328125 0.3125 0.1328125 0.3125 0.2 0.2421875 0.2
3 0.3421875 0.1453125 0.4015625 0.1453125 0.4015625 0.2140625 0.3421875 0.2140625
3 0.4125 0.1203125 0.4671875 0.1203125 0.4671875 0.1859375 0.4125 0.1859375
8 0.490625 0.1265625 0.565625 0.1265625 0.565625 0.2078125 0.490625 0.2078125
7 0.5734375 0.1 0.6515625 0.1 0.6515625 0.203125 0.5734375 0.203125
8 0.65625 0.128125 0.715625 0.128125 0.715625 0.215625 0.65625 0.215625
11 0.7421875 0.1015625 0.8265625 0.1015625 0.8265625 0.1921875 0.7421875 0.1921875
3 0.1578125 0.2296875 0.215625 0.2296875 0.215625 0.2890625 0.1578125 0.2890625
5 0.2203125 0.2109375 0.296875 0.2109375 0.296875 0.284375 0.2203125 0.284375
9 0.334375 0.2234375 0.390625 0.2234375 0.390625 0.2765625 0.334375 0.2765625
2 0.4125 0.215625 0.4765625 0.215625 0.4765625 0.290625 0.4125 0.290625
8 0.484375 0.215625 0.55 0.215625 0.55 0.28125 0.484375 0.28125
6 0.559375 0.209375 0.6234375 0.209375 0.6234375 0.2796875 0.559375 0.2796875
5 0.6609375 0.21875 0.73125 0.21875 0.73125 0.2890625 0.6609375 0.2890625
2 0.7453125 0.215625 0.83125 0.215625 0.83125 0.2890625 0.7453125 0.2890625
0 0.13125 0.30625 0.2171875 0.30625 0.2171875 0.3765625 0.13125 0.3765625
3 0.2515625 0.315625 0.321875 0.315625 0.321875 0.371875 0.2515625 0.371875
9 0.3453125 0.309375 0.4109375 0.309375 0.4109375 0.365625 0.3453125 0.365625
3 0.41875 0.3046875 0.471875 0.3046875 0.471875 0.36875 0.41875 0.36875
4 0.49375 0.2953125 0.565625 0.2953125 0.565625 0.36875 0.49375 0.36875
6 0.5765625 0.30625 0.6375 0.30625 0.6375 0.365625 0.5765625 0.365625
4 0.6671875 0.2953125 0.746875 0.2953125 0.746875 0.365625 0.6671875 0.365625
1 0.75 0.290625 0.8234375 0.290625 0.8234375 0.365625 0.75 0.365625
9 0.1453125 0.3953125 0.2140625 0.3953125 0.2140625 0.4484375 0.1453125 0.4484375
10 0.21875 0.3875 0.3125 0.3875 0.3125 0.45 0.21875 0.45
9 0.3421875 0.384375 0.4046875 0.384375 0.4046875 0.440625 0.3421875 0.440625
3 0.4125 0.396875 0.465625 0.396875 0.465625 0.446875 0.4125 0.446875
0 0.4953125 0.3921875 0.5609375 0.3921875 0.5609375 0.4515625 0.4953125 0.4515625
4 0.571875 0.396875 0.646875 0.396875 0.646875 0.4625 0.571875 0.4625
8 0.6578125 0.4 0.73125 0.4 0.73125 0.4609375 0.6578125 0.4609375
0 0.74375 0.396875 0.81875 0.396875 0.81875 0.4578125 0.74375 0.4578125
1 0.1171875 0.478125 0.23125 0.478125 0.23125 0.5484375 0.1171875 0.5484375
3 0.2484375 0.4734375 0.3140625 0.4734375 0.3140625 0.5296875 0.2484375 0.5296875
3 0.3234375 0.4796875 0.384375 0.4796875 0.384375 0.534375 0.3234375 0.534375
2 0.4015625 0.4640625 0.4703125 0.4640625 0.4703125 0.5296875 0.4015625 0.5296875
7 0.4875 0.471875 0.5578125 0.471875 0.5578125 0.5421875 0.4875 0.5421875
5 0.575 0.475 0.646875 0.475 0.646875 0.5359375 0.575 0.5359375
6 0.6578125 0.4703125 0.734375 0.4703125 0.734375 0.5265625 0.6578125 0.5265625
1 0.74375 0.4734375 0.8453125 0.4734375 0.8453125 0.5453125 0.74375 0.5453125
9 0.14375 0.575 0.215625 0.575 0.215625 0.634375 0.14375 0.634375
9 0.2390625 0.5578125 0.3046875 0.5578125 0.3046875 0.6171875 0.2390625 0.6171875
11 0.328125 0.5640625 0.3984375 0.5640625 0.3984375 0.625 0.328125 0.625
5 0.4171875 0.5484375 0.478125 0.5484375 0.478125 0.6078125 0.4171875 0.6078125
5 0.503125 0.5609375 0.565625 0.5609375 0.565625 0.6296875 0.503125 0.6296875
0 0.5859375 0.5671875 0.6515625 0.5671875 0.6515625 0.6265625 0.5859375 0.6265625
11 0.65625 0.5453125 0.73125 0.5453125 0.73125 0.615625 0.65625 0.615625
0 0.7484375 0.559375 0.8296875 0.559375 0.8296875 0.6234375 0.7484375 0.6234375
3 0.1546875 0.6515625 0.2203125 0.6515625 0.2203125 0.70625 0.1546875 0.70625
10 0.225 0.64375 0.3171875 0.64375 0.3171875 0.73125 0.225 0.73125
6 0.3265625 0.6359375 0.3953125 0.6359375 0.3953125 0.7015625 0.3265625 0.7015625
8 0.425 0.64375 0.4953125 0.64375 0.4953125 0.721875 0.425 0.721875
2 0.5046875 0.6484375 0.5703125 0.6484375 0.5703125 0.7203125 0.5046875 0.7203125
6 0.571875 0.6375 0.6390625 0.6375 0.6390625 0.70625 0.571875 0.70625
6 0.653125 0.6421875 0.725 0.6421875 0.725 0.7109375 0.653125 0.7109375
3 0.765625 0.65 0.834375 0.65 0.834375 0.7140625 0.765625 0.7140625
3 0.1609375 0.7421875 0.2265625 0.7421875 0.2265625 0.8078125 0.1609375 0.8078125
9 0.24375 0.7375 0.3140625 0.7375 0.3140625 0.7984375 0.24375 0.7984375
9 0.3234375 0.7296875 0.3921875 0.7296875 0.3921875 0.796875 0.3234375 0.796875
11 0.415625 0.740625 0.490625 0.740625 0.490625 0.821875 0.415625 0.821875
8 0.496875 0.7375 0.5703125 0.7375 0.5703125 0.81875 0.496875 0.81875
10 0.5796875 0.7328125 0.653125 0.7328125 0.653125 0.83125 0.5796875 0.83125
5 0.6671875 0.7203125 0.7453125 0.7203125 0.7453125 0.803125 0.6671875 0.803125
7 0.7484375 0.715625 0.8390625 0.715625 0.8390625 0.809375 0.7484375 0.809375