8 0.8 0.6875 0.88125 0.6875 0.88125 0.7265625 0.8 0.7265625
8 0.8015625 0.553125 0.8828125 0.553125 0.8828125 0.590625 0.8015625 0.590625
8 0.53125 0.678125 0.6125 0.678125 0.6125 0.7203125 0.53125 0.7203125
8 0.2421875 0.5859375 0.3390625 0.5859375 0.3390625 0.61875 0.2421875 0.61875
8 0.1578125 0.54375 0.2578125 0.54375 0.2578125 0.58125 0.1578125 0.58125
8 0.15625 0.4578125 0.253125 0.4578125 0.253125 0.496875 0.15625 0.496875
6 0.821875 0.6421875 0.890625 0.6421875 0.890625 0.68125 0.821875 0.68125
9 0.8140625 0.5078125 0.8859375 0.5078125 0.8859375 0.5453125 0.8140625 0.5453125
9 0.71875 0.6 0.79375 0.6 0.79375 0.634375 0.71875 0.634375
6 0.7078125 0.6859375 0.784375 0.6859375 0.784375 0.7234375 0.7078125 0.7234375
9 0.6109375 0.5546875 0.6796875 0.5546875 0.6796875 0.590625 0.6109375 0.590625
9 0.721875 0.46875 0.7890625 0.46875 0.7890625 0.5015625 0.721875 0.5015625
9 0.6171875 0.4203125 0.6875 0.4203125 0.6875 0.4578125 0.6171875 0.4578125
9 0.53125 0.4265625 0.59375 0.4265625 0.59375 0.4609375 0.53125 0.4609375
9 0.2765625 0.4609375 0.3421875 0.4609375 0.3421875 0.4953125 0.2765625 0.4953125
11 0.715625 0.4171875 0.796875 0.4171875 0.796875 0.4546875 0.715625 0.4546875
11 0.709375 0.5125 0.7796875 0.5125 0.7796875 0.546875 0.709375 0.546875
11 0.4125 0.465625 0.496875 0.465625 0.496875 0.5 0.4125 0.5
11 0.3296875 0.475 0.409375 0.475 0.409375 0.503125 0.3296875 0.503125
11 0.240625 0.384375 0.33125 0.384375 0.33125 0.41875 0.240625 0.41875
11 0.1625 0.5015625 0.253125 0.5015625 0.253125 0.5359375 0.1625 0.5359375
6 0.6109375 0.5125 0.6921875 0.5125 0.6921875 0.553125 0.6109375 0.553125
6 0.5 0.3765625 0.590625 0.3765625 0.590625 0.4109375 0.5 0.4109375
6 0.6328125 0.3796875 0.70625 0.3796875 0.70625 0.415625 0.6328125 0.415625
6 0.509375 0.50625 0.5953125 0.50625 0.5953125 0.5453125 0.509375 0.5453125
9 0.240625 0.428125 0.3140625 0.428125 0.3140625 0.45625 0.240625 0.45625
7 0.1453125 0.6203125 0.2609375 0.6203125 0.2609375 0.665625 0.1453125 0.665625
7 0.2375 0.5421875 0.340625 0.5421875 0.340625 0.5828125 0.2375 0.5828125
10 0.3125 0.5453125 0.425 0.5453125 0.425 0.5828125 0.3125 0.5828125
10 0.23125 0.6640625 0.34375 0.6640625 0.34375 0.7078125 0.23125 0.7078125
10 0.5890625 0.596875 0.6859375 0.596875 0.6859375 0.6375 0.5890625 0.6375
7 0.6015625 0.68125 0.690625 0.68125 0.690625 0.7375 0.6015625 0.7375
5 0.825 0.5984375 0.896875 0.5984375 0.896875 0.6359375 0.825 0.6359375
5 0.7078125 0.6453125 0.7796875 0.6453125 0.7796875 0.684375 0.7078125 0.684375
5 0.1578125 0.6671875 0.2484375 0.6671875 0.2484375 0.709375 0.1578125 0.709375
5 0.346875 0.3828125 0.421875 0.3828125 0.421875 0.421875 0.346875 0.421875
5 0.5203125 0.465625 0.596875 0.465625 0.596875 0.5 0.5203125 0.5
5 0.484375 0.5578125 0.58125 0.5578125 0.58125 0.590625 0.484375 0.590625
5 0.428125 0.509375 0.509375 0.509375 0.509375 0.54375 0.428125 0.54375
5 0.2546875 0.509375 0.3390625 0.509375 0.3390625 0.5421875 0.2546875 0.5421875
2 0.2640625 0.6265625 0.3359375 0.6265625 0.3359375 0.6640625 0.2640625 0.6640625
2 0.346875 0.6328125 0.425 0.6328125 0.425 0.6703125 0.346875 0.6703125
2 0.3359375 0.5859375 0.4296875 0.5859375 0.4296875 0.6203125 0.3359375 0.6203125
2 0.6125 0.6390625 0.6953125 0.6390625 0.6953125 0.675 0.6125 0.675
0 0.4125 0.6703125 0.503125 0.6703125 0.503125 0.7046875 0.4125 0.7046875
0 0.421875 0.634375 0.503125 0.634375 0.503125 0.6671875 0.421875 0.6671875
0 0.803125 0.4640625 0.884375 0.4640625 0.884375 0.4953125 0.803125 0.4953125
0 0.809375 0.428125 0.890625 0.428125 0.890625 0.4625 0.809375 0.4625
0 0.346875 0.515625 0.421875 0.515625 0.421875 0.55 0.346875 0.55
0 0.1453125 0.5859375 0.2484375 0.5859375 0.2484375 0.621875 0.1453125 0.621875
3 0.7140625 0.375 0.7921875 0.375 0.7921875 0.409375 0.7140625 0.409375
3 0.628125 0.4734375 0.7 0.4734375 0.7 0.5046875 0.628125 0.5046875
3 0.440625 0.55 0.5015625 0.55 0.5015625 0.5828125 0.440625 0.5828125
3 0.4390625 0.4234375 0.5109375 0.4234375 0.5109375 0.459375 0.4390625 0.459375
3 0.4390625 0.3765625 0.5109375 0.3765625 0.5109375 0.4078125 0.4390625 0.4078125
3 0.3515625 0.421875 0.4171875 0.421875 0.4171875 0.45625 0.3515625 0.45625
3 0.1625 0.378125 0.2375 0.378125 0.2375 0.4109375 0.1625 0.4109375
4 0.5 0.59375 0.596875 0.59375 0.596875 0.634375 0.5 0.634375
4 0.134375 0.4265625 0.253125 0.4265625 0.253125 0.45625 0.134375 0.45625
4 0.8171875 0.3703125 0.9015625 0.3703125 0.9015625 0.4125 0.8171875 0.4125
4 0.4015625 0.5875 0.4921875 0.5875 0.4921875 0.63125 0.4015625 0.63125
1 0.70625 0.546875 0.79375 0.546875 0.79375 0.596875 0.70625 0.596875
1 0.5171875 0.6375 0.596875 0.6375 0.596875 0.684375 0.5171875 0.684375