3 0.521875 0.278125 0.578125 0.278125 0.578125 0.3546875 0.521875 0.3546875
3 0.446875 0.6078125 0.496875 0.6078125 0.496875 0.6890625 0.446875 0.6890625
3 0.45 0.8125 0.503125 0.8125 0.503125 0.90625 0.45 0.90625
3 0.3625 0.8125 0.4140625 0.8125 0.4140625 0.9125 0.3625 0.9125
3 0.28125 0.725 0.3375 0.725 0.3375 0.8125 0.28125 0.8125
3 0.2765625 0.821875 0.3375 0.821875 0.3375 0.903125 0.2765625 0.903125
3 0.271875 0.609375 0.33125 0.609375 0.33125 0.684375 0.271875 0.684375
3 0.28125 0.509375 0.3375 0.509375 0.3375 0.571875 0.28125 0.571875
3 0.2828125 0.3921875 0.3453125 0.3921875 0.3453125 0.4734375 0.2828125 0.4734375
3 0.2734375 0.290625 0.3390625 0.290625 0.3390625 0.3625 0.2734375 0.3625
3 0.271875 0.1546875 0.3375 0.1546875 0.3375 0.2375 0.271875 0.2375
3 0.26875 0.0640625 0.33125 0.0640625 0.33125 0.15 0.26875 0.15
3 0.3625 0.396875 0.4171875 0.396875 0.4171875 0.46875 0.3625 0.46875
3 0.3625 0.2875 0.4171875 0.2875 0.4171875 0.3671875 0.3625 0.3671875
3 0.5140625 0.0703125 0.5765625 0.0703125 0.5765625 0.15625 0.5140625 0.15625
2 0.178125 0.384375 0.265625 0.384375 0.265625 0.4890625 0.178125 0.4890625
2 0.59375 0.6953125 0.653125 0.6953125 0.653125 0.8015625 0.59375 0.8015625
2 0.50625 0.4890625 0.5625 0.4890625 0.5625 0.584375 0.50625 0.584375
2 0.3578125 0.4921875 0.415625 0.4921875 0.415625 0.584375 0.3578125 0.584375
5 0.675 0.1546875 0.75625 0.1546875 0.75625 0.2640625 0.675 0.2640625
5 0.75625 0.5875 0.834375 0.5875 0.834375 0.690625 0.75625 0.690625
8 0.35 0.5921875 0.4234375 0.5921875 0.4234375 0.6875 0.35 0.6875
8 0.5859375 0.384375 0.6578125 0.384375 0.6578125 0.471875 0.5859375 0.471875
4 0.44375 0.3875 0.503125 0.3875 0.503125 0.475 0.44375 0.475