9 0.6859375 0.60625 0.7515625 0.60625 0.7515625 0.68125 0.6859375 0.68125
9 0.6875 0.70625 0.746875 0.70625 0.746875 0.7828125 0.6875 0.7828125
9 0.75625 0.41875 0.81875 0.41875 0.81875 0.496875 0.75625 0.496875
9 0.45625 0.709375 0.515625 0.709375 0.515625 0.79375 0.45625 0.79375
9 0.371875 0.6984375 0.44375 0.6984375 0.44375 0.778125 0.371875 0.778125
9 0.2984375 0.5953125 0.3828125 0.5953125 0.3828125 0.6765625 0.2984375 0.6765625
9 0.209375 0.70625 0.28125 0.70625 0.28125 0.7921875 0.209375 0.7921875
9 0.31875 0.30625 0.378125 0.30625 0.378125 0.3703125 0.31875 0.3703125
9 0.3828125 0.3953125 0.4484375 0.3953125 0.4484375 0.465625 0.3828125 0.465625
9 0.5953125 0.7046875 0.665625 0.7046875 0.665625 0.7859375 0.5953125 0.7859375
9 0.290625 0.7046875 0.35625 0.7046875 0.35625 0.7859375 0.290625 0.7859375
8 0.6734375 0.0953125 0.746875 0.0953125 0.746875 0.196875 0.6734375 0.196875
8 0.6 0.0796875 0.671875 0.0796875 0.671875 0.1921875 0.6 0.1921875
8 0.6015625 0.3015625 0.6671875 0.3015625 0.6671875 0.3859375 0.6015625 0.3859375
8 0.4484375 0.2765625 0.51875 0.2765625 0.51875 0.3828125 0.4484375 0.3828125
11 0.6765625 0.2 0.7609375 0.2 0.7609375 0.2984375 0.6765625 0.2984375
11 0.5234375 0.0953125 0.5890625 0.0953125 0.5890625 0.2015625 0.5234375 0.2015625
11 0.5265625 0.2078125 0.596875 0.2078125 0.596875 0.2984375 0.5265625 0.2984375
11 0.2265625 0.2828125 0.2875 0.2828125 0.2875 0.3703125 0.2265625 0.3703125
7 0.6703125 0.3734375 0.7609375 0.3734375 0.7609375 0.475 0.6703125 0.475
6 0.3828125 0.071875 0.45 0.071875 0.45 0.190625 0.3828125 0.190625
6 0.51875 0.39375 0.6 0.39375 0.6 0.484375 0.51875 0.484375
6 0.596875 0.5 0.66875 0.5 0.66875 0.571875 0.596875 0.571875
6 0.375 0.4953125 0.440625 0.4953125 0.440625 0.5765625 0.375 0.5765625
6 0.453125 0.6046875 0.5171875 0.6046875 0.5171875 0.6828125 0.453125 0.6828125
5 0.753125 0.0796875 0.815625 0.0796875 0.815625 0.196875 0.753125 0.196875
5 0.6140625 0.8078125 0.690625 0.8078125 0.690625 0.9 0.6140625 0.9
3 0.7703125 0.2 0.8296875 0.2 0.8296875 0.2734375 0.7703125 0.2734375
3 0.60625 0.2015625 0.66875 0.2015625 0.66875 0.2890625 0.60625 0.2890625
3 0.465625 0.10625 0.528125 0.10625 0.528125 0.221875 0.465625 0.221875
3 0.2984375 0.2078125 0.3671875 0.2078125 0.3671875 0.278125 0.2984375 0.278125
3 0.2265625 0.2078125 0.2890625 0.2078125 0.2890625 0.278125 0.2265625 0.278125
3 0.3828125 0.2125 0.4484375 0.2125 0.4484375 0.29375 0.3828125 0.29375
3 0.6140625 0.609375 0.66875 0.609375 0.66875 0.6828125 0.6140625 0.6828125
0 0.765625 0.5125 0.840625 0.5125 0.840625 0.6 0.765625 0.6
0 0.7703125 0.678125 0.853125 0.678125 0.853125 0.7515625 0.7703125 0.7515625
0 0.1890625 0.803125 0.2828125 0.803125 0.2828125 0.9203125 0.1890625 0.9203125
0 0.45625 0.5078125 0.51875 0.5078125 0.51875 0.5765625 0.45625 0.5765625
0 0.7609375 0.303125 0.8375 0.303125 0.8375 0.378125 0.7609375 0.378125
0 0.2921875 0.0703125 0.3640625 0.0703125 0.3640625 0.1921875 0.2921875 0.1921875
0 0.528125 0.6265625 0.5875 0.6265625 0.5875 0.6984375 0.528125 0.6984375
2 0.2109375 0.4953125 0.2859375 0.4953125 0.2859375 0.5890625 0.2109375 0.5890625
2 0.2921875 0.4 0.3640625 0.4 0.3640625 0.4875 0.2921875 0.4875
2 0.528125 0.8078125 0.5984375 0.8078125 0.5984375 0.9 0.528125 0.9