10 0.8171875 0.7765625 0.9328125 0.7765625 0.9328125 0.8953125 0.8171875 0.8953125
10 0.4375 0.784375 0.50625 0.784375 0.50625 0.9 0.4375 0.9
10 0.5546875 0.084375 0.6328125 0.084375 0.6328125 0.19375 0.5546875 0.19375
7 0.14375 0.76875 0.253125 0.76875 0.253125 0.8859375 0.14375 0.8859375
7 0.5359375 0.590625 0.6125 0.590625 0.6125 0.68125 0.5359375 0.68125
7 0.121875 0.06875 0.234375 0.06875 0.234375 0.184375 0.121875 0.184375
8 0.2453125 0.684375 0.3296875 0.684375 0.3296875 0.765625 0.2453125 0.765625
8 0.5171875 0.7828125 0.5875 0.7828125 0.5875 0.8609375 0.5171875 0.8609375
8 0.259375 0.40625 0.3328125 0.40625 0.3328125 0.4671875 0.259375 0.4671875
8 0.81875 0.684375 0.915625 0.684375 0.915625 0.759375 0.81875 0.759375
11 0.446875 0.4828125 0.50625 0.4828125 0.50625 0.54375 0.446875 0.54375
11 0.625 0.584375 0.696875 0.584375 0.696875 0.6515625 0.625 0.6515625
11 0.78125 0.08125 0.8671875 0.08125 0.8671875 0.165625 0.78125 0.165625
11 0.253125 0.09375 0.3296875 0.09375 0.3296875 0.1796875 0.253125 0.1796875
8 0.6203125 0.7703125 0.7 0.7703125 0.7 0.8546875 0.6203125 0.8546875
8 0.7125 0.79375 0.8 0.79375 0.8 0.8796875 0.7125 0.8796875
6 0.725 0.5953125 0.80625 0.5953125 0.80625 0.6625 0.725 0.6625
6 0.8203125 0.5125 0.90625 0.5125 0.90625 0.5734375 0.8203125 0.5734375
6 0.3515625 0.690625 0.4125 0.690625 0.4125 0.771875 0.3515625 0.771875
6 0.378125 0.5984375 0.434375 0.5984375 0.434375 0.665625 0.378125 0.665625
2 0.53125 0.3171875 0.5953125 0.3171875 0.5953125 0.384375 0.53125 0.384375
2 0.44375 0.3078125 0.5078125 0.3078125 0.5078125 0.371875 0.44375 0.371875
2 0.253125 0.496875 0.328125 0.496875 0.328125 0.559375 0.253125 0.559375
2 0.65625 0.1078125 0.721875 0.1078125 0.721875 0.203125 0.65625 0.203125
4 0.4484375 0.084375 0.5234375 0.084375 0.5234375 0.203125 0.4484375 0.203125
4 0.6234375 0.4921875 0.7125 0.4921875 0.7125 0.5671875 0.6234375 0.5671875
1 0.34375 0.3125 0.425 0.3125 0.425 0.3953125 0.34375 0.3953125
1 0.3546875 0.1765625 0.4328125 0.1765625 0.4328125 0.2765625 0.3546875 0.2765625
1 0.128125 0.1875 0.2421875 0.1875 0.2421875 0.290625 0.128125 0.290625
4 0.25 0.1890625 0.3390625 0.1890625 0.3390625 0.2828125 0.25 0.2828125
0 0.3375 0.7796875 0.4 0.7796875 0.4 0.8640625 0.3375 0.8640625
0 0.1484375 0.5703125 0.2265625 0.5703125 0.2265625 0.63125 0.1484375 0.63125
0 0.7546875 0.20625 0.834375 0.20625 0.834375 0.2765625 0.7546875 0.2765625
0 0.653125 0.209375 0.71875 0.209375 0.71875 0.278125 0.653125 0.278125
0 0.14375 0.296875 0.2296875 0.296875 0.2296875 0.3609375 0.14375 0.3609375
5 0.4546875 0.615625 0.5140625 0.615625 0.5140625 0.6859375 0.4546875 0.6859375
5 0.1484375 0.403125 0.2390625 0.403125 0.2390625 0.4640625 0.1484375 0.4640625
5 0.734375 0.33125 0.8171875 0.33125 0.8171875 0.396875 0.734375 0.396875
5 0.3546875 0.0875 0.4234375 0.0875 0.4234375 0.1765625 0.3546875 0.1765625
5 0.8375 0.2234375 0.9265625 0.2234375 0.9265625 0.3046875 0.8375 0.3046875
5 0.7265625 0.5015625 0.809375 0.5015625 0.809375 0.5671875 0.7265625 0.5671875
3 0.1734375 0.684375 0.2390625 0.684375 0.2390625 0.7484375 0.1734375 0.7484375
3 0.559375 0.509375 0.609375 0.509375 0.609375 0.5640625 0.559375 0.5640625
0 0.3578125 0.415625 0.421875 0.415625 0.421875 0.48125 0.3578125 0.48125
0 0.4515625 0.4140625 0.5109375 0.4140625 0.5109375 0.4734375 0.4515625 0.4734375
3 0.3546875 0.5125 0.4109375 0.5125 0.4109375 0.5734375 0.3546875 0.5734375