0 0.7171875 0.6921875 0.8078125 0.6921875 0.8078125 0.75625 0.7171875 0.75625
0 0.7265625 0.5359375 0.815625 0.5359375 0.815625 0.590625 0.7265625 0.590625
1 0.1796875 0.2015625 0.2953125 0.2015625 0.2953125 0.2984375 0.1796875 0.2984375
1 0.0625 0.55 0.20625 0.55 0.20625 0.621875 0.0625 0.621875
1 0.815625 0.2953125 0.953125 0.2953125 0.953125 0.3796875 0.815625 0.3796875
1 0.8140625 0.471875 0.9453125 0.471875 0.9453125 0.53125 0.8140625 0.53125
2 0.615625 0.4609375 0.70625 0.4609375 0.70625 0.5265625 0.615625 0.5265625
2 0.51875 0.6890625 0.603125 0.6890625 0.603125 0.7546875 0.51875 0.7546875
2 0.625 0.621875 0.7125 0.621875 0.7125 0.675 0.625 0.675
2 0.321875 0.3125 0.403125 0.3125 0.403125 0.3734375 0.321875 0.3734375
3 0.734375 0.3109375 0.809375 0.3109375 0.809375 0.3640625 0.734375 0.3640625
3 0.64375 0.3890625 0.71875 0.3890625 0.71875 0.4359375 0.64375 0.4359375
3 0.521875 0.3125 0.584375 0.3125 0.584375 0.365625 0.521875 0.365625
3 0.4375 0.540625 0.503125 0.540625 0.503125 0.590625 0.4375 0.590625
3 0.2234375 0.4671875 0.2984375 0.4671875 0.2984375 0.515625 0.2234375 0.515625
3 0.3390625 0.6921875 0.4046875 0.6921875 0.4046875 0.7453125 0.3390625 0.7453125
3 0.434375 0.753125 0.50625 0.753125 0.50625 0.8171875 0.434375 0.8171875
4 0.41875 0.603125 0.5140625 0.603125 0.5140625 0.68125 0.41875 0.68125
5 0.3203125 0.471875 0.396875 0.471875 0.396875 0.53125 0.3203125 0.53125
5 0.5265625 0.5375 0.6109375 0.5375 0.6109375 0.5984375 0.5265625 0.5984375