5 0.446875 0.05 0.503125 0.05 0.503125 0.1671875 0.446875 0.1671875
5 0.375 0.15625 0.428125 0.15625 0.428125 0.25 0.375 0.25
3 0.5921875 0.078125 0.6671875 0.078125 0.6671875 0.171875 0.5921875 0.171875
3 0.671875 0.1625 0.7296875 0.1625 0.7296875 0.246875 0.671875 0.246875
3 0.5875 0.2734375 0.64375 0.2734375 0.64375 0.3578125 0.5875 0.3578125
3 0.684375 0.3625 0.740625 0.3625 0.740625 0.440625 0.684375 0.440625
3 0.578125 0.4546875 0.65 0.4546875 0.65 0.5359375 0.578125 0.5359375
3 0.6609375 0.5421875 0.7375 0.5421875 0.7375 0.6171875 0.6609375 0.6171875
3 0.671875 0.66875 0.74375 0.66875 0.74375 0.7375 0.671875 0.7375
2 0.3640625 0.4546875 0.4421875 0.4546875 0.4421875 0.5421875 0.3640625 0.5421875
2 0.2203125 0.2625 0.30625 0.2625 0.30625 0.353125 0.2203125 0.353125
2 0.1484375 0.0640625 0.23125 0.0640625 0.23125 0.16875 0.1484375 0.16875
0 0.5890625 0.653125 0.6609375 0.653125 0.6609375 0.73125 0.5890625 0.73125
0 0.525 0.7515625 0.59375 0.7515625 0.59375 0.840625 0.525 0.840625
0 0.440625 0.65 0.5125 0.65 0.5125 0.7390625 0.440625 0.7390625
0 0.3765625 0.7640625 0.4328125 0.7640625 0.4328125 0.853125 0.3765625 0.853125
0 0.2875 0.6765625 0.3546875 0.6765625 0.3546875 0.7453125 0.2875 0.7453125
0 0.209375 0.771875 0.2890625 0.771875 0.2890625 0.86875 0.209375 0.86875
0 0.1265625 0.659375 0.2140625 0.659375 0.2140625 0.740625 0.1265625 0.740625