10 0.2640625 0.54375 0.35625 0.54375 0.35625 0.6328125 0.2640625 0.6328125
10 0.2640625 0.634375 0.359375 0.634375 0.359375 0.73125 0.2640625 0.73125
10 0.3578125 0.4375 0.4265625 0.4375 0.4265625 0.5296875 0.3578125 0.5296875
10 0.4359375 0.34375 0.4953125 0.34375 0.4953125 0.4265625 0.4359375 0.4265625
10 0.503125 0.2421875 0.5703125 0.2421875 0.5703125 0.340625 0.503125 0.340625
10 0.73125 0.534375 0.821875 0.534375 0.821875 0.628125 0.73125 0.628125
10 0.503125 0.3609375 0.56875 0.3609375 0.56875 0.4421875 0.503125 0.4421875
7 0.646875 0.4421875 0.7296875 0.4421875 0.7296875 0.5203125 0.646875 0.5203125
7 0.8078125 0.646875 0.8921875 0.646875 0.8921875 0.75 0.8078125 0.75
7 0.7265625 0.634375 0.809375 0.634375 0.809375 0.7390625 0.7265625 0.7390625
7 0.65 0.55 0.7234375 0.55 0.7234375 0.6359375 0.65 0.6359375
7 0.43125 0.440625 0.4921875 0.440625 0.4921875 0.51875 0.43125 0.51875
6 0.8125 0.7421875 0.89375 0.7421875 0.89375 0.828125 0.8125 0.828125
6 0.5734375 0.3359375 0.6328125 0.3359375 0.6328125 0.4171875 0.5734375 0.4171875
6 0.5875 0.4453125 0.6375 0.4453125 0.6375 0.5234375 0.5875 0.5234375
6 0.365625 0.5515625 0.4234375 0.5515625 0.4234375 0.61875 0.365625 0.61875
4 0.25625 0.1203125 0.346875 0.1203125 0.346875 0.2421875 0.25625 0.2421875
4 0.41875 0.1171875 0.4921875 0.1171875 0.4921875 0.2390625 0.41875 0.2390625
4 0.578125 0.096875 0.6484375 0.096875 0.6484375 0.2296875 0.578125 0.2296875
4 0.7953125 0.109375 0.903125 0.109375 0.903125 0.2265625 0.7953125 0.2265625
1 0.5078125 0.121875 0.5734375 0.121875 0.5734375 0.234375 0.5078125 0.234375