5 0.709375 0.75625 0.8390625 0.75625 0.8390625 0.85625 0.709375 0.85625
5 0.846875 0.6734375 0.971875 0.6734375 0.971875 0.74375 0.846875 0.74375
3 0.040625 0.640625 0.1484375 0.640625 0.1484375 0.7234375 0.040625 0.7234375
3 0.1640625 0.5609375 0.26875 0.5609375 0.26875 0.6421875 0.1640625 0.6421875
3 0.2625 0.5078125 0.371875 0.5078125 0.371875 0.578125 0.2625 0.578125
3 0.39375 0.4171875 0.475 0.4171875 0.475 0.4875 0.39375 0.4875
3 0.503125 0.3390625 0.596875 0.3390625 0.596875 0.4140625 0.503125 0.4140625
3 0.5984375 0.2546875 0.6984375 0.2546875 0.6984375 0.3359375 0.5984375 0.3359375
3 0.7109375 0.175 0.8078125 0.175 0.8078125 0.2578125 0.7109375 0.2578125
2 0.5953125 0.496875 0.7015625 0.496875 0.7015625 0.571875 0.5953125 0.571875
2 0.715625 0.4078125 0.81875 0.4078125 0.81875 0.4890625 0.715625 0.4890625
2 0.840625 0.246875 0.959375 0.246875 0.959375 0.3296875 0.840625 0.3296875
0 0.0953125 0.146875 0.2109375 0.146875 0.2109375 0.2703125 0.0953125 0.2703125
0 0.046875 0.321875 0.184375 0.321875 0.184375 0.40625 0.046875 0.40625
0 0.046875 0.48125 0.171875 0.48125 0.171875 0.56875 0.046875 0.56875
0 0.265625 0.325 0.3828125 0.325 0.3828125 0.4078125 0.265625 0.4078125
0 0.3 0.15625 0.396875 0.15625 0.396875 0.2625 0.3 0.2625
0 0.5015625 0.1546875 0.5953125 0.1546875 0.5953125 0.253125 0.5015625 0.253125
0 0.8328125 0.75 0.9609375 0.75 0.9609375 0.8625 0.8328125 0.8625