7 0.171875 0.7578125 0.271875 0.7578125 0.271875 0.8734375 0.171875 0.8734375
7 0.6359375 0.390625 0.7328125 0.390625 0.7328125 0.4578125 0.6359375 0.4578125
7 0.628125 0.6671875 0.721875 0.6671875 0.721875 0.7625 0.628125 0.7625
8 0.2578125 0.584375 0.325 0.584375 0.325 0.653125 0.2578125 0.653125
8 0.2640625 0.671875 0.3421875 0.671875 0.3421875 0.753125 0.2640625 0.753125
8 0.26875 0.4015625 0.3375 0.4015625 0.3375 0.46875 0.26875 0.46875
8 0.453125 0.6671875 0.5171875 0.6671875 0.5171875 0.7515625 0.453125 0.7515625
8 0.546875 0.646875 0.615625 0.646875 0.615625 0.7171875 0.546875 0.7171875
8 0.803125 0.6515625 0.8984375 0.6515625 0.8984375 0.7140625 0.803125 0.7140625
6 0.36875 0.6796875 0.4203125 0.6796875 0.4203125 0.7484375 0.36875 0.7484375
6 0.3859375 0.5875 0.4453125 0.5875 0.4453125 0.646875 0.3859375 0.646875
6 0.3609375 0.41875 0.4203125 0.41875 0.4203125 0.4734375 0.3609375 0.4734375
6 0.45625 0.4171875 0.515625 0.4171875 0.515625 0.4796875 0.45625 0.4796875
6 0.7125 0.5671875 0.790625 0.5671875 0.790625 0.63125 0.7125 0.63125
6 0.796875 0.4859375 0.884375 0.4859375 0.884375 0.5453125 0.796875 0.5453125
11 0.2515625 0.109375 0.3234375 0.109375 0.3234375 0.19375 0.2515625 0.19375
11 0.7953125 0.38125 0.884375 0.38125 0.884375 0.4421875 0.7953125 0.4421875
11 0.69375 0.2140625 0.778125 0.2140625 0.778125 0.2890625 0.69375 0.2890625
11 0.61875 0.559375 0.6890625 0.559375 0.6890625 0.621875 0.61875 0.621875
9 0.353125 0.5125 0.4109375 0.5125 0.4109375 0.5609375 0.353125 0.5609375
10 0.446875 0.7578125 0.515625 0.7578125 0.515625 0.865625 0.446875 0.865625
10 0.4328125 0.19375 0.509375 0.19375 0.509375 0.2875 0.4328125 0.2875
10 0.80625 0.7359375 0.9203125 0.7359375 0.9203125 0.834375 0.80625 0.834375
5 0.1671875 0.4046875 0.2453125 0.4046875 0.2453125 0.46875 0.1671875 0.46875
5 0.53125 0.1203125 0.5984375 0.1203125 0.5984375 0.20625 0.53125 0.20625
5 0.55 0.4125 0.6171875 0.4125 0.6171875 0.475 0.55 0.475
5 0.4625 0.596875 0.5203125 0.596875 0.5203125 0.6609375 0.4625 0.6609375
5 0.7109375 0.4796875 0.7921875 0.4796875 0.7921875 0.5390625 0.7109375 0.5390625
1 0.1359375 0.203125 0.234375 0.203125 0.234375 0.29375 0.1359375 0.29375
4 0.153125 0.58125 0.2453125 0.58125 0.2453125 0.6625 0.153125 0.6625
4 0.434375 0.096875 0.503125 0.096875 0.503125 0.203125 0.434375 0.203125
4 0.703125 0.2953125 0.80625 0.2953125 0.80625 0.36875 0.703125 0.36875
2 0.7953125 0.284375 0.8765625 0.284375 0.8765625 0.3578125 0.7953125 0.3578125
2 0.2640625 0.4875 0.3328125 0.4875 0.3328125 0.553125 0.2640625 0.553125
2 0.4421875 0.303125 0.50625 0.303125 0.50625 0.36875 0.4421875 0.36875
2 0.525 0.3140625 0.58125 0.3140625 0.58125 0.378125 0.525 0.378125
0 0.5328125 0.225 0.590625 0.225 0.590625 0.2921875 0.5328125 0.2921875
0 0.359375 0.759375 0.4109375 0.759375 0.4109375 0.840625 0.359375 0.840625
0 0.625 0.50625 0.69375 0.50625 0.69375 0.5625 0.625 0.5625
0 0.725 0.103125 0.796875 0.103125 0.796875 0.1828125 0.725 0.1828125
1 0.353125 0.184375 0.41875 0.184375 0.41875 0.278125 0.353125 0.278125
1 0.3484375 0.3171875 0.41875 0.3171875 0.41875 0.396875 0.3484375 0.396875
3 0.2 0.68125 0.25 0.68125 0.25 0.7375 0.2 0.7375
0 0.446875 0.490625 0.503125 0.490625 0.503125 0.546875 0.446875 0.546875
5 0.8125 0.1140625 0.896875 0.1140625 0.896875 0.1875 0.8125 0.1875
3 0.621875 0.30625 0.684375 0.30625 0.684375 0.3609375 0.621875 0.3609375