3 0.425 0.425 0.484375 0.425 0.484375 0.4765625 0.425 0.4765625
3 0.3125 0.35 0.384375 0.35 0.384375 0.39375 0.3125 0.39375
3 0.4140625 0.365625 0.4765625 0.365625 0.4765625 0.409375 0.4140625 0.409375
3 0.2171875 0.4390625 0.290625 0.4390625 0.290625 0.4875 0.2171875 0.4875
3 0.6296875 0.509375 0.70625 0.509375 0.70625 0.55625 0.6296875 0.55625
3 0.8421875 0.43125 0.928125 0.43125 0.928125 0.4765625 0.8421875 0.4765625
3 0.0921875 0.43125 0.18125 0.43125 0.18125 0.4796875 0.0921875 0.4796875
1 0.828125 0.578125 0.959375 0.578125 0.959375 0.653125 0.828125 0.653125
1 0.61875 0.425 0.703125 0.425 0.703125 0.4875 0.61875 0.4875
1 0.5046875 0.5015625 0.5921875 0.5015625 0.5921875 0.5625 0.5046875 0.5625
1 0.0546875 0.725 0.20625 0.725 0.20625 0.825 0.0546875 0.825
2 0.5140625 0.7296875 0.59375 0.7296875 0.59375 0.8078125 0.5140625 0.8078125
2 0.2953125 0.43125 0.3859375 0.43125 0.3859375 0.4890625 0.2953125 0.4890625
2 0.503125 0.2625 0.59375 0.2625 0.59375 0.33125 0.503125 0.33125
2 0.309375 0.5765625 0.4 0.5765625 0.4 0.6375 0.309375 0.6375
6 0.428125 0.578125 0.503125 0.578125 0.503125 0.6390625 0.428125 0.6390625
6 0.528125 0.6578125 0.603125 0.6578125 0.603125 0.7234375 0.528125 0.7234375
6 0.0796875 0.5078125 0.1875 0.5078125 0.1875 0.5578125 0.0796875 0.5578125
6 0.7125 0.3375 0.79375 0.3375 0.79375 0.4 0.7125 0.4
9 0.2109375 0.515625 0.2875 0.515625 0.2875 0.5671875 0.2109375 0.5671875
9 0.621875 0.6578125 0.6921875 0.6578125 0.6921875 0.7109375 0.621875 0.7109375
9 0.6234375 0.7359375 0.6984375 0.7359375 0.6984375 0.7953125 0.6234375 0.7953125
9 0.621875 0.271875 0.6859375 0.271875 0.6859375 0.3265625 0.621875 0.3265625
11 0.1984375 0.5859375 0.290625 0.5859375 0.290625 0.646875 0.1984375 0.646875
11 0.4125 0.2625 0.4875 0.2625 0.4875 0.3328125 0.4125 0.3328125
11 0.4140625 0.171875 0.4921875 0.171875 0.4921875 0.253125 0.4140625 0.253125
0 0.5140625 0.3484375 0.5890625 0.3484375 0.5890625 0.40625 0.5140625 0.40625
0 0.1875 0.259375 0.2765625 0.259375 0.2765625 0.33125 0.1875 0.33125
5 0.2875 0.178125 0.378125 0.178125 0.378125 0.2609375 0.2875 0.2609375
5 0.4125 0.653125 0.490625 0.653125 0.490625 0.7203125 0.4125 0.7203125
8 0.6171875 0.58125 0.7140625 0.58125 0.7140625 0.64375 0.6171875 0.64375
8 0.825 0.5015625 0.934375 0.5015625 0.934375 0.5625 0.825 0.5625
4 0.0515625 0.34375 0.19375 0.34375 0.19375 0.415625 0.0515625 0.415625
10 0.40625 0.4953125 0.49375 0.4953125 0.49375 0.5609375 0.40625 0.5609375