5 0.7265625 0.21875 0.859375 0.21875 0.859375 0.29375 0.7265625 0.29375
5 0.1765625 0.196875 0.2953125 0.196875 0.2953125 0.290625 0.1765625 0.290625
3 0.4375 0.4734375 0.534375 0.4734375 0.534375 0.5453125 0.4375 0.5453125
3 0.221875 0.3125 0.30625 0.3125 0.30625 0.371875 0.221875 0.371875
3 0.321875 0.309375 0.425 0.309375 0.425 0.38125 0.321875 0.38125
3 0.425 0.296875 0.49375 0.296875 0.49375 0.371875 0.425 0.371875
3 0.5515625 0.296875 0.61875 0.296875 0.61875 0.3765625 0.5515625 0.3765625
3 0.625 0.2921875 0.7125 0.2921875 0.7125 0.3984375 0.625 0.3984375
3 0.721875 0.315625 0.8234375 0.315625 0.8234375 0.3859375 0.721875 0.3859375
2 0.8046875 0.5328125 0.9421875 0.5328125 0.9421875 0.5984375 0.8046875 0.5984375
2 0.83125 0.309375 0.95625 0.309375 0.95625 0.3921875 0.83125 0.3921875
2 0.078125 0.3 0.2 0.3 0.2 0.36875 0.078125 0.36875
0 0.071875 0.76875 0.1921875 0.76875 0.1921875 0.875 0.071875 0.875
0 0.209375 0.7 0.290625 0.7 0.290625 0.7828125 0.209375 0.7828125
0 0.3171875 0.615625 0.39375 0.615625 0.39375 0.684375 0.3171875 0.684375
0 0.4125 0.6875 0.515625 0.6875 0.515625 0.7671875 0.4125 0.7671875
0 0.509375 0.775 0.61875 0.775 0.61875 0.853125 0.509375 0.853125
0 0.621875 0.6796875 0.73125 0.6796875 0.73125 0.7671875 0.621875 0.7671875
0 0.7125 0.59375 0.828125 0.59375 0.828125 0.678125 0.7125 0.678125