3 0.090625 0.675 0.1875 0.675 0.1875 0.7421875 0.090625 0.7421875
3 0.21875 0.7671875 0.3 0.7671875 0.3 0.8421875 0.21875 0.8421875
3 0.4453125 0.678125 0.5171875 0.678125 0.5171875 0.7359375 0.4453125 0.7359375
3 0.534375 0.765625 0.603125 0.765625 0.603125 0.846875 0.534375 0.846875
3 0.646875 0.51875 0.71875 0.51875 0.71875 0.578125 0.646875 0.578125
3 0.540625 0.515625 0.615625 0.515625 0.615625 0.5734375 0.540625 0.5734375
3 0.425 0.5203125 0.5 0.5203125 0.5 0.5734375 0.425 0.5734375
3 0.434375 0.440625 0.50625 0.440625 0.50625 0.49375 0.434375 0.49375
3 0.53125 0.434375 0.615625 0.434375 0.615625 0.49375 0.53125 0.49375
3 0.64375 0.2625 0.7140625 0.2625 0.7140625 0.3375 0.64375 0.3375
3 0.415625 0.2734375 0.490625 0.2734375 0.490625 0.3484375 0.415625 0.3484375
3 0.7265625 0.175 0.8234375 0.175 0.8234375 0.259375 0.7265625 0.259375
3 0.8625 0.525 0.965625 0.525 0.965625 0.578125 0.8625 0.578125
3 0.215625 0.271875 0.3 0.271875 0.3 0.340625 0.215625 0.340625
3 0.1953125 0.175 0.2796875 0.175 0.2796875 0.24375 0.1953125 0.24375
2 0.1796875 0.3515625 0.2953125 0.3515625 0.2953125 0.4171875 0.1796875 0.4171875
2 0.18125 0.4328125 0.2875 0.4328125 0.2875 0.4875 0.18125 0.4875
2 0.30625 0.5171875 0.4078125 0.5171875 0.4078125 0.584375 0.30625 0.584375
2 0.73125 0.5921875 0.8375 0.5921875 0.8375 0.6671875 0.73125 0.6671875
5 0.515625 0.25625 0.60625 0.25625 0.60625 0.34375 0.515625 0.34375
5 0.0703125 0.5078125 0.19375 0.5078125 0.19375 0.578125 0.0703125 0.578125
8 0.30625 0.6671875 0.4 0.6671875 0.4 0.74375 0.30625 0.74375
8 0.3203125 0.178125 0.4140625 0.178125 0.4140625 0.2625 0.3203125 0.2625
4 0.7375 0.421875 0.878125 0.421875 0.878125 0.496875 0.7375 0.496875