8 0.740625 0.10625 0.8625 0.10625 0.8625 0.19375 0.740625 0.19375
8 0.75 0.2109375 0.85625 0.2109375 0.85625 0.3046875 0.75 0.3046875
8 0.7390625 0.3265625 0.8390625 0.3265625 0.8390625 0.4078125 0.7390625 0.4078125
8 0.74375 0.41875 0.84375 0.41875 0.84375 0.5171875 0.74375 0.5171875
8 0.725 0.5203125 0.8203125 0.5203125 0.8203125 0.6109375 0.725 0.6109375
8 0.71875 0.61875 0.85 0.61875 0.85 0.7015625 0.71875 0.7015625
8 0.73125 0.715625 0.853125 0.715625 0.853125 0.8078125 0.73125 0.8078125
8 0.71875 0.8171875 0.83125 0.8171875 0.83125 0.94375 0.71875 0.94375
8 0.853125 0.1015625 0.984375 0.1015625 0.984375 0.2046875 0.853125 0.2046875
8 0.85625 0.20625 0.971875 0.20625 0.971875 0.3171875 0.85625 0.3171875
8 0.85 0.309375 0.96875 0.309375 0.96875 0.409375 0.85 0.409375
8 0.8421875 0.415625 0.971875 0.415625 0.971875 0.5125 0.8421875 0.5125
8 0.8359375 0.5125 0.9703125 0.5125 0.9703125 0.603125 0.8359375 0.603125
8 0.85 0.603125 0.9765625 0.603125 0.9765625 0.7 0.85 0.7
8 0.834375 0.721875 0.9453125 0.721875 0.9453125 0.828125 0.834375 0.828125
8 0.8359375 0.809375 0.95 0.809375 0.95 0.93125 0.8359375 0.93125
2 0.21875 0.0703125 0.3265625 0.0703125 0.3265625 0.1796875 0.21875 0.1796875
2 0.225 0.1796875 0.3390625 0.1796875 0.3390625 0.2890625 0.225 0.2890625
2 0.2125 0.309375 0.3265625 0.309375 0.3265625 0.3984375 0.2125 0.3984375
2 0.2359375 0.4234375 0.33125 0.4234375 0.33125 0.5046875 0.2359375 0.5046875
2 0.2140625 0.603125 0.309375 0.603125 0.309375 0.678125 0.2140625 0.678125
2 0.2203125 0.71875 0.309375 0.71875 0.309375 0.8171875 0.2203125 0.8171875
2 0.225 0.815625 0.325 0.815625 0.325 0.95 0.225 0.95
2 0.0828125 0.190625 0.2046875 0.190625 0.2046875 0.2890625 0.0828125 0.2890625
2 0.08125 0.3015625 0.209375 0.3015625 0.209375 0.4 0.08125 0.4
2 0.1109375 0.5109375 0.2140625 0.5109375 0.2140625 0.603125 0.1109375 0.603125
2 0.11875 0.6109375 0.2234375 0.6109375 0.2234375 0.6984375 0.11875 0.6984375
2 0.121875 0.7125 0.209375 0.7125 0.209375 0.8125 0.121875 0.8125
2 0.09375 0.809375 0.215625 0.809375 0.215625 0.925 0.09375 0.925