11 0.06875 0.4546875 0.1671875 0.4546875 0.1671875 0.5078125 0.06875 0.5078125
11 0.165625 0.44375 0.259375 0.44375 0.259375 0.50625 0.165625 0.50625
11 0.159375 0.5140625 0.2625 0.5140625 0.2625 0.5765625 0.159375 0.5765625
11 0.453125 0.509375 0.5375 0.509375 0.5375 0.565625 0.453125 0.565625
9 0.075 0.7296875 0.175 0.7296875 0.175 0.7859375 0.075 0.7859375
9 0.271875 0.7359375 0.3578125 0.7359375 0.3578125 0.7921875 0.271875 0.7921875
9 0.46875 0.721875 0.5625 0.721875 0.5625 0.784375 0.46875 0.784375
9 0.5703125 0.6546875 0.6421875 0.6546875 0.6421875 0.715625 0.5703125 0.715625
9 0.65625 0.65625 0.728125 0.65625 0.728125 0.715625 0.65625 0.715625
9 0.659375 0.5125 0.734375 0.5125 0.734375 0.56875 0.659375 0.56875
9 0.3625 0.225 0.4375 0.225 0.4375 0.284375 0.3625 0.284375
9 0.253125 0.225 0.3328125 0.225 0.3328125 0.284375 0.253125 0.284375
9 0.26875 0.6609375 0.353125 0.6609375 0.353125 0.71875 0.26875 0.71875
9 0.4578125 0.371875 0.528125 0.371875 0.528125 0.4171875 0.4578125 0.4171875
9 0.546875 0.290625 0.621875 0.290625 0.621875 0.346875 0.546875 0.346875
8 0.071875 0.6625 0.175 0.6625 0.175 0.7234375 0.071875 0.7234375
8 0.065625 0.590625 0.165625 0.590625 0.165625 0.653125 0.065625 0.653125
8 0.15 0.2015625 0.2390625 0.2015625 0.2390625 0.271875 0.15 0.271875
8 0.0625 0.51875 0.159375 0.51875 0.159375 0.571875 0.0625 0.571875
7 0.028125 0.3046875 0.140625 0.3046875 0.140625 0.3640625 0.028125 0.3640625
6 0.2625 0.5875 0.359375 0.5875 0.359375 0.6484375 0.2625 0.6484375
6 0.3546875 0.440625 0.44375 0.440625 0.44375 0.496875 0.3546875 0.496875
6 0.259375 0.3703125 0.353125 0.3703125 0.353125 0.4296875 0.259375 0.4296875
6 0.35 0.30625 0.440625 0.30625 0.440625 0.359375 0.35 0.359375
6 0.0515625 0.38125 0.1703125 0.38125 0.1703125 0.4265625 0.0515625 0.4265625
5 0.35 0.375 0.446875 0.375 0.446875 0.4328125 0.35 0.4328125
5 0.040625 0.2171875 0.146875 0.2171875 0.146875 0.2890625 0.040625 0.2890625
3 0.184375 0.721875 0.265625 0.721875 0.265625 0.7875 0.184375 0.7875
3 0.18125 0.6625 0.2515625 0.6625 0.2515625 0.715625 0.18125 0.715625
3 0.16875 0.378125 0.246875 0.378125 0.246875 0.425 0.16875 0.425
3 0.26875 0.446875 0.34375 0.446875 0.34375 0.4984375 0.26875 0.4984375
3 0.359375 0.51875 0.44375 0.51875 0.44375 0.5671875 0.359375 0.5671875
3 0.765625 0.659375 0.8453125 0.659375 0.8453125 0.7125 0.765625 0.7125
3 0.553125 0.3625 0.6375 0.3625 0.6375 0.41875 0.553125 0.41875
2 0.3625 0.721875 0.446875 0.721875 0.446875 0.8015625 0.3625 0.8015625
2 0.365625 0.6421875 0.446875 0.6421875 0.446875 0.7171875 0.365625 0.7171875
0 0.4421875 0.2140625 0.540625 0.2140625 0.540625 0.2734375 0.4421875 0.2734375
0 0.165625 0.58125 0.2578125 0.58125 0.2578125 0.6515625 0.165625 0.6515625
0 0.4625 0.646875 0.546875 0.646875 0.546875 0.71875 0.4625 0.71875
0 0.2625 0.521875 0.3578125 0.521875 0.3578125 0.5796875 0.2625 0.5796875
0 0.1625 0.309375 0.246875 0.309375 0.246875 0.359375 0.1625 0.359375
9 0.65625 0.5015625 0.7375 0.5015625 0.7375 0.56875 0.65625 0.56875
0 0.453125 0.44375 0.5515625 0.44375 0.5515625 0.496875 0.453125 0.496875
0 0.746875 0.578125 0.84375 0.578125 0.84375 0.64375 0.746875 0.64375