10 0.1484375 0.3578125 0.2546875 0.3578125 0.2546875 0.4203125 0.1484375 0.4203125
10 0.34375 0.421875 0.415625 0.421875 0.415625 0.4765625 0.34375 0.4765625
10 0.50625 0.4234375 0.5734375 0.4234375 0.5734375 0.475 0.50625 0.475
10 0.6703125 0.421875 0.7625 0.421875 0.7625 0.475 0.6703125 0.475
10 0.6734375 0.4875 0.7625 0.4875 0.7625 0.540625 0.6734375 0.540625
10 0.675 0.5578125 0.76875 0.5578125 0.76875 0.6125 0.675 0.6125
10 0.153125 0.4875 0.2515625 0.4875 0.2515625 0.540625 0.153125 0.540625
9 0.35 0.3046875 0.4125 0.3046875 0.4125 0.3453125 0.35 0.3453125
9 0.4359375 0.2421875 0.4984375 0.2421875 0.4984375 0.29375 0.4359375 0.29375
9 0.515625 0.3125 0.578125 0.3125 0.578125 0.3609375 0.515625 0.3609375
9 0.5984375 0.3703125 0.6515625 0.3703125 0.6515625 0.415625 0.5984375 0.415625
9 0.26875 0.2421875 0.3390625 0.2421875 0.3390625 0.2875 0.26875 0.2875
9 0.1875 0.2421875 0.253125 0.2421875 0.253125 0.2953125 0.1875 0.2953125
9 0.278125 0.171875 0.3390625 0.171875 0.3390625 0.225 0.278125 0.225
9 0.190625 0.61875 0.2515625 0.61875 0.2515625 0.6640625 0.190625 0.6640625
9 0.596875 0.5609375 0.6546875 0.5609375 0.6546875 0.6 0.596875 0.6
9 0.6828125 0.61875 0.7421875 0.61875 0.7421875 0.6640625 0.6828125 0.6640625
9 0.3578125 0.4921875 0.4140625 0.4921875 0.4140625 0.5359375 0.3578125 0.5359375
7 0.4125 0.6125 0.48125 0.6125 0.48125 0.675 0.4125 0.675
7 0.50625 0.6125 0.5828125 0.6125 0.5828125 0.6765625 0.50625 0.6765625
7 0.675 0.29375 0.759375 0.29375 0.759375 0.3578125 0.675 0.3578125
7 0.5921875 0.2140625 0.671875 0.2140625 0.671875 0.29375 0.5921875 0.29375
7 0.5078125 0.4921875 0.5734375 0.4921875 0.5734375 0.54375 0.5078125 0.54375
6 0.596875 0.29375 0.6546875 0.29375 0.6546875 0.346875 0.596875 0.346875
6 0.590625 0.6125 0.653125 0.6125 0.653125 0.6640625 0.590625 0.6640625
6 0.0765625 0.4328125 0.16875 0.4328125 0.16875 0.4765625 0.0765625 0.4765625
6 0.2703125 0.615625 0.3375 0.615625 0.3375 0.6640625 0.2703125 0.6640625
4 0.68125 0.146875 0.7609375 0.146875 0.7609375 0.23125 0.68125 0.23125
4 0.4265625 0.35625 0.49375 0.35625 0.49375 0.4140625 0.4265625 0.4140625
4 0.5921875 0.428125 0.659375 0.428125 0.659375 0.4765625 0.5921875 0.4765625
4 0.584375 0.490625 0.6578125 0.490625 0.6578125 0.54375 0.584375 0.54375
1 0.3515625 0.1421875 0.4234375 0.1421875 0.4234375 0.2296875 0.3515625 0.2296875