3 0.875 0.2484375 0.95 0.2484375 0.95 0.278125 0.875 0.278125
3 0.878125 0.34375 0.953125 0.34375 0.953125 0.3703125 0.878125 0.3703125
3 0.7765625 0.3390625 0.8484375 0.3390625 0.8484375 0.365625 0.7765625 0.365625
3 0.7703125 0.2953125 0.8390625 0.2953125 0.8390625 0.325 0.7703125 0.325
3 0.7953125 0.2546875 0.8703125 0.2546875 0.8703125 0.2859375 0.7953125 0.2859375
3 0.7734375 0.203125 0.8484375 0.203125 0.8484375 0.2375 0.7734375 0.2375
3 0.68125 0.2109375 0.753125 0.2109375 0.753125 0.2453125 0.68125 0.2453125
3 0.6875 0.30625 0.7578125 0.30625 0.7578125 0.3375 0.6875 0.3375
3 0.7703125 0.38125 0.8453125 0.38125 0.8453125 0.409375 0.7703125 0.409375
3 0.88125 0.4203125 0.95625 0.4203125 0.95625 0.446875 0.88125 0.446875
3 0.6 0.2 0.66875 0.2 0.66875 0.234375 0.6 0.234375
3 0.4890625 0.25625 0.5515625 0.25625 0.5515625 0.284375 0.4890625 0.284375
3 0.603125 0.3015625 0.66875 0.3015625 0.66875 0.33125 0.603125 0.33125
3 0.4890625 0.35 0.546875 0.35 0.546875 0.378125 0.4890625 0.378125
3 0.590625 0.3953125 0.65625 0.3953125 0.65625 0.421875 0.590625 0.421875
3 0.496875 0.440625 0.553125 0.440625 0.553125 0.465625 0.496875 0.465625
3 0.596875 0.48125 0.665625 0.48125 0.665625 0.50625 0.596875 0.50625
3 0.690625 0.478125 0.7609375 0.478125 0.7609375 0.5078125 0.690625 0.5078125
3 0.690625 0.3953125 0.7625 0.3953125 0.7625 0.425 0.690625 0.425
3 0.76875 0.43125 0.846875 0.43125 0.846875 0.45625 0.76875 0.45625
3 0.7703125 0.4734375 0.8421875 0.4734375 0.8421875 0.5 0.7703125 0.5
3 0.8640625 0.4671875 0.940625 0.4671875 0.940625 0.496875 0.8640625 0.496875
3 0.765625 0.5109375 0.840625 0.5109375 0.840625 0.5390625 0.765625 0.5390625
3 0.5 0.53125 0.5671875 0.53125 0.5671875 0.55625 0.5 0.55625
9 0.6875 0.259375 0.7578125 0.259375 0.7578125 0.290625 0.6875 0.290625
9 0.6875 0.34375 0.759375 0.34375 0.759375 0.371875 0.6875 0.371875
9 0.69375 0.434375 0.7609375 0.434375 0.7609375 0.4625 0.69375 0.4625
9 0.684375 0.515625 0.753125 0.515625 0.753125 0.54375 0.684375 0.54375
9 0.5140625 0.4796875 0.5796875 0.4796875 0.5796875 0.50625 0.5140625 0.50625
9 0.4125 0.525 0.478125 0.525 0.478125 0.55 0.4125 0.55
9 0.390625 0.48125 0.45 0.48125 0.45 0.50625 0.390625 0.50625
9 0.4109375 0.425 0.4734375 0.425 0.4734375 0.453125 0.4109375 0.453125
9 0.403125 0.39375 0.4640625 0.39375 0.4640625 0.421875 0.403125 0.421875
9 0.3875 0.3484375 0.44375 0.3484375 0.44375 0.375 0.3875 0.375
9 0.3015625 0.521875 0.3640625 0.521875 0.3640625 0.55 0.3015625 0.55
9 0.3 0.4359375 0.359375 0.4359375 0.359375 0.4625 0.3 0.4625
9 0.1890625 0.484375 0.25625 0.484375 0.25625 0.5125 0.1890625 0.5125
9 0.1796875 0.390625 0.240625 0.390625 0.240625 0.41875 0.1796875 0.41875
9 0.2 0.3 0.265625 0.3 0.265625 0.325 0.2 0.325
9 0.290625 0.2484375 0.35625 0.2484375 0.35625 0.2796875 0.290625 0.2796875
9 0.175 0.2375 0.240625 0.2375 0.240625 0.2671875 0.175 0.2671875
9 0.1625 0.1953125 0.23125 0.1953125 0.23125 0.2296875 0.1625 0.2296875
9 0.3875 0.196875 0.453125 0.196875 0.453125 0.23125 0.3875 0.23125
9 0.484375 0.1953125 0.5515625 0.1953125 0.5515625 0.228125 0.484375 0.228125
9 0.49375 0.3 0.559375 0.3 0.559375 0.3296875 0.49375 0.3296875
9 0.496875 0.3875 0.5625 0.3875 0.5625 0.415625 0.496875 0.415625
9 0.371875 0.3046875 0.4375 0.3046875 0.4375 0.334375 0.371875 0.334375
9 0.3078125 0.3453125 0.3671875 0.3453125 0.3671875 0.3765625 0.3078125 0.3765625