5 0.1265625 0.784375 0.2234375 0.784375 0.2234375 0.8953125 0.1265625 0.8953125
5 0.2296875 0.646875 0.309375 0.646875 0.309375 0.7625 0.2296875 0.7625
3 0.3953125 0.7859375 0.475 0.7859375 0.475 0.8625 0.3953125 0.8625
3 0.31875 0.6578125 0.3953125 0.6578125 0.3953125 0.7453125 0.31875 0.7453125
3 0.23125 0.78125 0.315625 0.78125 0.315625 0.8734375 0.23125 0.8734375
3 0.478125 0.0625 0.5390625 0.0625 0.5390625 0.1609375 0.478125 0.1609375
3 0.55625 0.153125 0.6109375 0.153125 0.6109375 0.240625 0.55625 0.240625
3 0.6421875 0.0515625 0.6984375 0.0515625 0.6984375 0.1453125 0.6421875 0.1453125
3 0.709375 0.1546875 0.771875 0.1546875 0.771875 0.2421875 0.709375 0.2421875
2 0.61875 0.25 0.690625 0.25 0.690625 0.3484375 0.61875 0.3484375
2 0.71875 0.340625 0.79375 0.340625 0.79375 0.4328125 0.71875 0.4328125
2 0.646875 0.4515625 0.7171875 0.4515625 0.7171875 0.5390625 0.646875 0.5390625
0 0.2421875 0.140625 0.325 0.140625 0.325 0.246875 0.2421875 0.246875
0 0.2359375 0.3671875 0.31875 0.3671875 0.31875 0.4609375 0.2359375 0.4609375
0 0.403125 0.3515625 0.4640625 0.3515625 0.4640625 0.4453125 0.403125 0.4453125
0 0.546875 0.55 0.621875 0.55 0.621875 0.64375 0.546875 0.64375
0 0.5609375 0.775 0.6359375 0.775 0.6359375 0.8859375 0.5609375 0.8859375
0 0.734375 0.7765625 0.8203125 0.7765625 0.8203125 0.884375 0.734375 0.884375
0 0.565625 0.3390625 0.61875 0.3390625 0.61875 0.4421875 0.565625 0.4421875