0 0.615625 0.55625 0.71875 0.55625 0.71875 0.5859375 0.615625 0.5859375
0 0.534375 0.5140625 0.625 0.5140625 0.625 0.546875 0.534375 0.546875
0 0.3390625 0.38125 0.4296875 0.38125 0.4296875 0.4125 0.3390625 0.4125
0 0.3109375 0.290625 0.403125 0.290625 0.403125 0.328125 0.3109375 0.328125
0 0.221875 0.3890625 0.3125 0.3890625 0.3125 0.4234375 0.221875 0.4234375
1 0.6046875 0.46875 0.725 0.46875 0.725 0.50625 0.6046875 0.50625
1 0.75625 0.340625 0.896875 0.340625 0.896875 0.3765625 0.75625 0.3765625
1 0.703125 0.596875 0.8375 0.596875 0.8375 0.63125 0.703125 0.63125
2 0.4375 0.425 0.534375 0.425 0.534375 0.4625 0.4375 0.4625
2 0.2296875 0.2875 0.3140625 0.2875 0.3140625 0.3296875 0.2296875 0.3296875
2 0.1453125 0.528125 0.234375 0.528125 0.234375 0.565625 0.1453125 0.565625
2 0.4296875 0.2875 0.5109375 0.2875 0.5109375 0.3328125 0.4296875 0.3328125
4 0.5 0.28125 0.6109375 0.28125 0.6109375 0.328125 0.5 0.328125
4 0.6046875 0.4234375 0.728125 0.4234375 0.728125 0.4609375 0.6046875 0.4609375
4 0.1125 0.428125 0.209375 0.428125 0.209375 0.46875 0.1125 0.46875
5 0.1203125 0.284375 0.2109375 0.284375 0.2109375 0.325 0.1203125 0.325
5 0.340625 0.4328125 0.4328125 0.4328125 0.4328125 0.465625 0.340625 0.465625
5 0.778125 0.290625 0.8734375 0.290625 0.8734375 0.328125 0.778125 0.328125
5 0.7890625 0.4703125 0.890625 0.4703125 0.890625 0.4984375 0.7890625 0.4984375
5 0.6265625 0.5171875 0.7140625 0.5171875 0.7140625 0.5453125 0.6265625 0.5453125
0 0.4296875 0.51875 0.5125 0.51875 0.5125 0.54375 0.4296875 0.54375
11 0.128125 0.484375 0.2109375 0.484375 0.2109375 0.521875 0.128125 0.521875
11 0.5203125 0.3328125 0.6078125 0.3328125 0.6078125 0.3671875 0.5203125 0.3671875
11 0.2625 0.484375 0.340625 0.484375 0.340625 0.5171875 0.2625 0.5171875
11 0.24375 0.528125 0.3265625 0.528125 0.3265625 0.5625 0.24375 0.5625
11 0.778125 0.39375 0.8734375 0.39375 0.8734375 0.425 0.778125 0.425
11 0.6921875 0.3390625 0.79375 0.3390625 0.79375 0.3734375 0.6921875 0.3734375
10 0.33125 0.3359375 0.43125 0.3359375 0.43125 0.378125 0.33125 0.378125
10 0.346875 0.525 0.45625 0.525 0.45625 0.559375 0.346875 0.559375
10 0.70625 0.471875 0.83125 0.471875 0.83125 0.50625 0.70625 0.50625
9 0.3671875 0.6078125 0.4359375 0.6078125 0.4359375 0.640625 0.3671875 0.640625
9 0.428125 0.4765625 0.496875 0.4765625 0.496875 0.50625 0.428125 0.50625
9 0.44375 0.39375 0.5109375 0.39375 0.5109375 0.421875 0.44375 0.421875
9 0.4359375 0.340625 0.5015625 0.340625 0.5015625 0.371875 0.4359375 0.371875
9 0.5296875 0.3875 0.60625 0.3875 0.60625 0.415625 0.5296875 0.415625
9 0.5171875 0.471875 0.59375 0.471875 0.59375 0.5046875 0.5171875 0.5046875
9 0.7703125 0.425 0.84375 0.425 0.84375 0.4546875 0.7703125 0.4546875
8 0.2375 0.428125 0.315625 0.428125 0.315625 0.46875 0.2375 0.46875
8 0.3421875 0.5609375 0.4265625 0.5609375 0.4265625 0.596875 0.3421875 0.596875
8 0.4546875 0.55625 0.5359375 0.55625 0.5359375 0.5890625 0.4546875 0.5890625
8 0.534375 0.6 0.621875 0.6 0.621875 0.6359375 0.534375 0.6359375
8 0.6796875 0.3 0.7765625 0.3 0.7765625 0.334375 0.6796875 0.334375
8 0.6921875 0.5546875 0.790625 0.5546875 0.790625 0.5890625 0.6921875 0.5890625
7 0.2296875 0.334375 0.3390625 0.334375 0.3390625 0.3796875 0.2296875 0.3796875
7 0.6078125 0.38125 0.7375 0.38125 0.7375 0.4203125 0.6078125 0.4203125
7 0.528125 0.5546875 0.646875 0.5546875 0.646875 0.5921875 0.528125 0.5921875
6 0.25 0.56875 0.334375 0.56875 0.334375 0.6046875 0.25 0.6046875
6 0.453125 0.59375 0.546875 0.59375 0.546875 0.625 0.453125 0.625
6 0.5359375 0.4265625 0.6203125 0.4265625 0.6203125 0.4625 0.5359375 0.4625
6 0.7171875 0.41875 0.8109375 0.41875 0.8109375 0.45 0.7171875 0.45
6 0.6875 0.378125 0.7875 0.378125 0.7875 0.415625 0.6875 0.415625
6 0.696875 0.5109375 0.790625 0.5109375 0.790625 0.5390625 0.696875 0.5390625