0 0.7734375 0.4125 0.8640625 0.4125 0.8640625 0.5 0.7734375 0.5
0 0.796875 0.80625 0.9 0.80625 0.9 0.9015625 0.796875 0.9015625
0 0.503125 0.51875 0.578125 0.51875 0.578125 0.596875 0.503125 0.596875
0 0.6875 0.4265625 0.778125 0.4265625 0.778125 0.50625 0.6875 0.50625
0 0.3125 0.53125 0.390625 0.53125 0.390625 0.6046875 0.3125 0.6046875
1 0.2125 0.609375 0.3265625 0.609375 0.3265625 0.7046875 0.2125 0.7046875
1 0.403125 0.515625 0.4890625 0.515625 0.4890625 0.603125 0.403125 0.603125
1 0.5890625 0.3203125 0.6765625 0.3203125 0.6765625 0.41875 0.5890625 0.41875
2 0.1125 0.6078125 0.225 0.6078125 0.225 0.7046875 0.1125 0.7046875
2 0.11875 0.5203125 0.234375 0.5203125 0.234375 0.6078125 0.11875 0.6078125
2 0.6875 0.6109375 0.7859375 0.6109375 0.7859375 0.70625 0.6875 0.70625
2 0.503125 0.125 0.5796875 0.125 0.5796875 0.2234375 0.503125 0.2234375
3 0.5140625 0.7921875 0.5890625 0.7921875 0.5890625 0.86875 0.5140625 0.86875
3 0.709375 0.803125 0.79375 0.803125 0.79375 0.8984375 0.709375 0.8984375
3 0.2421875 0.70625 0.3265625 0.70625 0.3265625 0.784375 0.2421875 0.784375
3 0.434375 0.709375 0.5015625 0.709375 0.5015625 0.784375 0.434375 0.784375
3 0.61875 0.70625 0.684375 0.70625 0.684375 0.775 0.61875 0.775
3 0.240625 0.4328125 0.3109375 0.4328125 0.3109375 0.5015625 0.240625 0.5015625
3 0.1265625 0.3578125 0.2140625 0.3578125 0.2140625 0.434375 0.1265625 0.434375
3 0.778125 0.253125 0.8640625 0.253125 0.8640625 0.3265625 0.778125 0.3265625
3 0.5125 0.2203125 0.590625 0.2203125 0.590625 0.303125 0.5125 0.303125
3 0.225 0.1515625 0.303125 0.1515625 0.303125 0.2328125 0.225 0.2328125
4 0.3140625 0.715625 0.421875 0.715625 0.421875 0.825 0.3140625 0.825
4 0.6703125 0.50625 0.7828125 0.50625 0.7828125 0.59375 0.6703125 0.59375
4 0.6828125 0.2953125 0.7859375 0.2953125 0.7859375 0.4078125 0.6828125 0.4078125
5 0.121875 0.7015625 0.225 0.7015625 0.225 0.8109375 0.121875 0.8109375
5 0.2140625 0.225 0.3046875 0.225 0.3046875 0.328125 0.2140625 0.328125
5 0.41875 0.228125 0.5046875 0.228125 0.5046875 0.321875 0.41875 0.321875
5 0.4265625 0.121875 0.5015625 0.121875 0.5015625 0.2265625 0.4265625 0.2265625
5 0.5 0.6171875 0.5796875 0.6171875 0.5796875 0.6890625 0.5 0.6890625
5 0.31875 0.4265625 0.40625 0.4265625 0.40625 0.5015625 0.31875 0.5015625
6 0.325 0.815625 0.4203125 0.815625 0.4203125 0.9203125 0.325 0.9203125
6 0.2359375 0.5171875 0.3234375 0.5171875 0.3234375 0.6 0.2359375 0.6
6 0.321875 0.346875 0.4109375 0.346875 0.4109375 0.4375 0.321875 0.4375
6 0.571875 0.246875 0.6484375 0.246875 0.6484375 0.3421875 0.571875 0.3421875
6 0.5859375 0.528125 0.6671875 0.528125 0.6671875 0.603125 0.5859375 0.603125
7 0.584375 0.61875 0.68125 0.61875 0.68125 0.7078125 0.584375 0.7078125
7 0.4921875 0.4171875 0.58125 0.4171875 0.58125 0.5046875 0.4921875 0.5046875
7 0.4015625 0.4140625 0.4921875 0.4140625 0.4921875 0.5046875 0.4015625 0.5046875
8 0.4203125 0.80625 0.503125 0.80625 0.503125 0.9109375 0.4203125 0.9109375
8 0.6765625 0.7015625 0.7578125 0.7015625 0.7578125 0.79375 0.6765625 0.79375
8 0.5203125 0.7078125 0.59375 0.7078125 0.59375 0.7921875 0.5203125 0.7921875
8 0.31875 0.125 0.40625 0.125 0.40625 0.234375 0.31875 0.234375
8 0.303125 0.2328125 0.3984375 0.2328125 0.3984375 0.3171875 0.303125 0.3171875
8 0.765625 0.3203125 0.88125 0.3203125 0.88125 0.415625 0.765625 0.415625
9 0.621875 0.803125 0.7078125 0.803125 0.7078125 0.884375 0.621875 0.884375
9 0.125 0.81875 0.2171875 0.81875 0.2171875 0.909375 0.125 0.909375
9 0.2390625 0.825 0.31875 0.825 0.31875 0.915625 0.2390625 0.915625
9 0.1515625 0.434375 0.2296875 0.434375 0.2296875 0.5 0.1515625 0.5
9 0.1359375 0.2515625 0.2203125 0.2515625 0.2203125 0.3265625 0.1359375 0.3265625
9 0.234375 0.365625 0.3203125 0.365625 0.3203125 0.434375 0.234375 0.434375
9 0.4234375 0.328125 0.4921875 0.328125 0.4921875 0.4078125 0.4234375 0.4078125
9 0.7796875 0.125 0.8703125 0.125 0.8703125 0.2234375 0.7796875 0.2234375
9 0.771875 0.5984375 0.8375 0.5984375 0.8375 0.6765625 0.771875 0.6765625
9 0.590625 0.43125 0.665625 0.43125 0.665625 0.5 0.590625 0.5
9 0.8 0.709375 0.88125 0.709375 0.88125 0.7890625 0.8 0.7890625
10 0.490625 0.3296875 0.5765625 0.3296875 0.5765625 0.4265625 0.490625 0.4265625
10 0.3109375 0.609375 0.4109375 0.609375 0.4109375 0.696875 0.3109375 0.696875
10 0.703125 0.1171875 0.8125 0.1171875 0.8125 0.2390625 0.703125 0.2390625
11 0.7796875 0.5296875 0.8765625 0.5296875 0.8765625 0.6015625 0.7796875 0.6015625
11 0.1046875 0.13125 0.20625 0.13125 0.20625 0.2265625 0.1046875 0.2265625
11 0.6 0.1140625 0.675 0.1140625 0.675 0.215625 0.6 0.215625
11 0.6984375 0.2203125 0.7921875 0.2203125 0.7921875 0.3171875 0.6984375 0.3171875
6 0.43125 0.615625 0.5078125 0.615625 0.5078125 0.703125 0.43125 0.703125