0 0.6515625 0.8078125 0.7234375 0.8078125 0.7234375 0.9046875 0.6515625 0.9046875
0 0.509375 0.40625 0.578125 0.40625 0.578125 0.496875 0.509375 0.496875
1 0.2 0.7984375 0.278125 0.7984375 0.278125 0.9 0.2 0.9
1 0.728125 0.809375 0.80625 0.809375 0.80625 0.9046875 0.728125 0.9046875
1 0.2171875 0.1015625 0.2890625 0.1015625 0.2890625 0.2 0.2171875 0.2
1 0.5828125 0.3078125 0.6484375 0.3078125 0.6484375 0.403125 0.5828125 0.403125
2 0.2171875 0.3 0.2859375 0.3 0.2859375 0.39375 0.2171875 0.39375
2 0.2828125 0.596875 0.35625 0.596875 0.35625 0.6921875 0.2828125 0.6921875
2 0.2140625 0.3984375 0.2859375 0.3984375 0.2859375 0.4921875 0.2140625 0.4921875
2 0.3609375 0.4015625 0.434375 0.4015625 0.434375 0.4921875 0.3609375 0.4921875
3 0.3609375 0.3046875 0.4359375 0.3046875 0.4359375 0.396875 0.3609375 0.396875
3 0.43125 0.6 0.50625 0.6 0.50625 0.69375 0.43125 0.69375
3 0.58125 0.4078125 0.653125 0.4078125 0.653125 0.5046875 0.58125 0.5046875
3 0.2828125 0.7953125 0.353125 0.7953125 0.353125 0.8953125 0.2828125 0.8953125
3 0.5125 0.2140625 0.58125 0.2140625 0.58125 0.3046875 0.5125 0.3046875
3 0.5875 0.2125 0.653125 0.2125 0.653125 0.2984375 0.5875 0.2984375
3 0.65625 0.1234375 0.7265625 0.1234375 0.7265625 0.2140625 0.65625 0.2140625
4 0.734375 0.121875 0.8 0.121875 0.8 0.2125 0.734375 0.2125
5 0.275 0.7015625 0.35 0.7015625 0.35 0.7875 0.275 0.7875
5 0.728125 0.70625 0.80625 0.70625 0.80625 0.796875 0.728125 0.796875
6 0.428125 0.7015625 0.5 0.7015625 0.5 0.796875 0.428125 0.796875
6 0.43125 0.8078125 0.496875 0.8078125 0.496875 0.903125 0.43125 0.903125
6 0.65625 0.5046875 0.725 0.5046875 0.725 0.603125 0.65625 0.603125
6 0.284375 0.4984375 0.359375 0.4984375 0.359375 0.5890625 0.284375 0.5890625
8 0.35625 0.7 0.421875 0.7 0.421875 0.79375 0.35625 0.79375
8 0.7296875 0.315625 0.8015625 0.315625 0.8015625 0.40625 0.7296875 0.40625
9 0.4390625 0.30625 0.5046875 0.30625 0.5046875 0.4 0.4390625 0.4
9 0.4390625 0.4078125 0.5046875 0.4078125 0.5046875 0.496875 0.4390625 0.496875
9 0.2015625 0.696875 0.2671875 0.696875 0.2671875 0.790625 0.2015625 0.790625
9 0.4390625 0.1171875 0.5109375 0.1171875 0.5109375 0.1984375 0.4390625 0.1984375
10 0.5046875 0.803125 0.5765625 0.803125 0.5765625 0.9046875 0.5046875 0.9046875
11 0.4390625 0.203125 0.5109375 0.203125 0.5109375 0.296875 0.4390625 0.296875
11 0.2921875 0.3046875 0.3578125 0.3046875 0.3578125 0.3953125 0.2921875 0.3953125
11 0.584375 0.1140625 0.65 0.1140625 0.65 0.2046875 0.584375 0.2046875