1 0.484375 0.5046875 0.5453125 0.5046875 0.5453125 0.59375 0.484375 0.59375
4 0.478125 0.4015625 0.55 0.4015625 0.55 0.4953125 0.478125 0.4953125
4 0.40625 0.50625 0.4765625 0.50625 0.4765625 0.6 0.40625 0.6
4 0.55625 0.5 0.6328125 0.5 0.6328125 0.590625 0.55625 0.590625
4 0.48125 0.603125 0.553125 0.603125 0.553125 0.6953125 0.48125 0.6953125
7 0.5609375 0.06875 0.6359375 0.06875 0.6359375 0.190625 0.5609375 0.190625
7 0.55 0.1875 0.628125 0.1875 0.628125 0.296875 0.55 0.296875
7 0.484375 0.303125 0.5484375 0.303125 0.5484375 0.403125 0.484375 0.403125
7 0.4015625 0.303125 0.4734375 0.303125 0.4734375 0.403125 0.4015625 0.403125
7 0.56875 0.609375 0.64375 0.609375 0.64375 0.709375 0.56875 0.709375
10 0.4765625 0.16875 0.540625 0.16875 0.540625 0.29375 0.4765625 0.29375
10 0.2421875 0.50625 0.328125 0.50625 0.328125 0.6125 0.2421875 0.6125
10 0.321875 0.609375 0.4015625 0.609375 0.4015625 0.7125 0.321875 0.7125
10 0.4109375 0.7015625 0.475 0.7015625 0.475 0.821875 0.4109375 0.821875
10 0.4921875 0.8046875 0.559375 0.8046875 0.559375 0.946875 0.4921875 0.946875
10 0.5609375 0.80625 0.6359375 0.80625 0.6359375 0.9375 0.5609375 0.9375
10 0.6359375 0.5 0.7234375 0.5 0.7234375 0.5921875 0.6359375 0.5921875
6 0.321875 0.4046875 0.3890625 0.4046875 0.3890625 0.503125 0.321875 0.503125
6 0.5625 0.403125 0.6265625 0.403125 0.6265625 0.4921875 0.5625 0.4921875
6 0.6375 0.06875 0.7 0.06875 0.7 0.175 0.6375 0.175
6 0.490625 0.7078125 0.55625 0.7078125 0.55625 0.8 0.490625 0.8