5 0.403125 0.546875 0.4875 0.546875 0.4875 0.60625 0.403125 0.60625
5 0.5078125 0.384375 0.5828125 0.384375 0.5828125 0.4375 0.5078125 0.4375
4 0.590625 0.4609375 0.690625 0.4609375 0.690625 0.521875 0.590625 0.521875
3 0.178125 0.390625 0.2625 0.390625 0.2625 0.4484375 0.178125 0.4484375
3 0.4 0.61875 0.4625 0.61875 0.4625 0.675 0.4 0.675
3 0.509375 0.4625 0.575 0.4625 0.575 0.515625 0.509375 0.515625
3 0.7078125 0.5375 0.7875 0.5375 0.7875 0.5953125 0.7078125 0.5953125
3 0.79375 0.465625 0.890625 0.465625 0.890625 0.515625 0.79375 0.515625
3 0.2921875 0.29375 0.36875 0.29375 0.36875 0.353125 0.2921875 0.353125
3 0.1796875 0.215625 0.2640625 0.215625 0.2640625 0.275 0.1796875 0.275
2 0.1875 0.5296875 0.271875 0.5296875 0.271875 0.6 0.1875 0.6
2 0.3984375 0.296875 0.4859375 0.296875 0.4859375 0.36875 0.3984375 0.36875
2 0.615625 0.2953125 0.70625 0.2953125 0.70625 0.3703125 0.615625 0.3703125
2 0.7109375 0.384375 0.8078125 0.384375 0.8078125 0.45625 0.7109375 0.45625
1 0.015625 0.615625 0.171875 0.615625 0.171875 0.709375 0.015625 0.709375
1 0.1578125 0.103125 0.2828125 0.103125 0.2828125 0.209375 0.1578125 0.209375
1 0.5078125 0.7 0.5984375 0.7 0.5984375 0.80625 0.5078125 0.80625
1 0.4109375 0.1046875 0.5015625 0.1046875 0.5015625 0.2109375 0.4109375 0.2109375
0 0.5015625 0.2125 0.584375 0.2125 0.584375 0.284375 0.5015625 0.284375
0 0.725 0.2125 0.815625 0.2125 0.815625 0.2953125 0.725 0.2953125