11 0.1 0.615625 0.2 0.615625 0.2 0.6921875 0.1 0.6921875
11 0.08125 0.103125 0.18125 0.103125 0.18125 0.1921875 0.08125 0.1921875
11 0.0875 0.2140625 0.1921875 0.2140625 0.1921875 0.3046875 0.0875 0.3046875
11 0.6015625 0.8125 0.6734375 0.8125 0.6734375 0.9171875 0.6015625 0.9171875
10 0.1828125 0.6109375 0.296875 0.6109375 0.296875 0.7078125 0.1828125 0.7078125
10 0.603125 0.309375 0.70625 0.309375 0.70625 0.4 0.603125 0.4
10 0.8125 0.5265625 0.94375 0.5265625 0.94375 0.6234375 0.8125 0.6234375
9 0.2109375 0.3375 0.290625 0.3375 0.290625 0.4015625 0.2109375 0.4015625
8 0.2984375 0.425 0.39375 0.425 0.39375 0.50625 0.2984375 0.50625
8 0.4078125 0.7171875 0.478125 0.7171875 0.478125 0.8171875 0.4078125 0.8171875
8 0.709375 0.103125 0.79375 0.103125 0.79375 0.2125 0.709375 0.2125
8 0.8140625 0.2 0.9140625 0.2 0.9140625 0.303125 0.8140625 0.303125
8 0.5140625 0.8046875 0.5921875 0.8046875 0.5921875 0.90625 0.5140625 0.90625
8 0.3125 0.340625 0.3984375 0.340625 0.3984375 0.4125 0.3125 0.4125
7 0.615625 0.5078125 0.709375 0.5078125 0.709375 0.5890625 0.615625 0.5890625
7 0.1671875 0.1875 0.2875 0.1875 0.2875 0.2984375 0.1671875 0.2984375
7 0.8203125 0.421875 0.9609375 0.421875 0.9609375 0.5015625 0.8203125 0.5015625
6 0.1140625 0.5203125 0.2046875 0.5203125 0.2046875 0.584375 0.1140625 0.584375
6 0.4125 0.809375 0.4875 0.809375 0.4875 0.903125 0.4125 0.903125
6 0.61875 0.11875 0.69375 0.11875 0.69375 0.2125 0.61875 0.2125
6 0.725 0.3125 0.80625 0.3125 0.80625 0.38125 0.725 0.38125
6 0.71875 0.5296875 0.80625 0.5296875 0.80625 0.603125 0.71875 0.603125
6 0.8046875 0.08125 0.9078125 0.08125 0.9078125 0.18125 0.8046875 0.18125
5 0.390625 0.5265625 0.4703125 0.5265625 0.4703125 0.6015625 0.390625 0.6015625
5 0.19375 0.4234375 0.2828125 0.4234375 0.2828125 0.49375 0.19375 0.49375
5 0.0921875 0.4234375 0.190625 0.4234375 0.190625 0.4921875 0.0921875 0.4921875
5 0.1984375 0.515625 0.29375 0.515625 0.29375 0.58125 0.1984375 0.58125
5 0.1953125 0.6921875 0.290625 0.6921875 0.290625 0.775 0.1953125 0.775
5 0.18125 0.08125 0.2890625 0.08125 0.2890625 0.1875 0.18125 0.1875
4 0.703125 0.8234375 0.815625 0.8234375 0.815625 0.965625 0.703125 0.965625
4 0.7 0.625 0.809375 0.625 0.809375 0.7421875 0.7 0.7421875
4 0.828125 0.3109375 0.9640625 0.3109375 0.9640625 0.3953125 0.828125 0.3953125
3 0.609375 0.23125 0.684375 0.23125 0.684375 0.296875 0.609375 0.296875
3 0.09375 0.8078125 0.184375 0.8078125 0.184375 0.8921875 0.09375 0.8921875
2 0.084375 0.715625 0.196875 0.715625 0.196875 0.7890625 0.084375 0.7890625
2 0.096875 0.31875 0.203125 0.31875 0.203125 0.4046875 0.096875 0.4046875
2 0.4046875 0.328125 0.4828125 0.328125 0.4828125 0.40625 0.4046875 0.40625
2 0.515625 0.7125 0.590625 0.7125 0.590625 0.8015625 0.515625 0.8015625
1 0.50625 0.615625 0.5859375 0.615625 0.5859375 0.709375 0.50625 0.709375
1 0.5234375 0.215625 0.6078125 0.215625 0.6078125 0.31875 0.5234375 0.31875
1 0.603125 0.4171875 0.690625 0.4171875 0.690625 0.49375 0.603125 0.49375
0 0.4296875 0.625 0.4953125 0.625 0.4953125 0.696875 0.4296875 0.696875
0 0.325 0.70625 0.3953125 0.70625 0.3953125 0.7921875 0.325 0.7921875
0 0.425 0.209375 0.49375 0.209375 0.49375 0.2921875 0.425 0.2921875
0 0.615625 0.721875 0.690625 0.721875 0.690625 0.815625 0.615625 0.815625
0 0.3078125 0.5265625 0.3890625 0.5265625 0.3890625 0.590625 0.3078125 0.590625