11 0.4265625 0.7265625 0.484375 0.7265625 0.484375 0.8109375 0.4265625 0.8109375
11 0.4890625 0.73125 0.5515625 0.73125 0.5515625 0.821875 0.4890625 0.821875
11 0.496875 0.45625 0.546875 0.45625 0.546875 0.540625 0.496875 0.540625
11 0.4296875 0.8203125 0.484375 0.8203125 0.484375 0.90625 0.4296875 0.90625
9 0.6953125 0.825 0.75 0.825 0.75 0.915625 0.6953125 0.915625
9 0.6984375 0.6515625 0.7671875 0.6515625 0.7671875 0.7265625 0.6984375 0.7265625
9 0.634375 0.6421875 0.690625 0.6421875 0.690625 0.7109375 0.634375 0.7109375
9 0.6375 0.4625 0.6921875 0.4625 0.6921875 0.5375 0.6375 0.5375
9 0.640625 0.3703125 0.7 0.3703125 0.7 0.4390625 0.640625 0.4390625
9 0.709375 0.3703125 0.778125 0.3703125 0.778125 0.4515625 0.709375 0.4515625
9 0.7125 0.46875 0.7734375 0.46875 0.7734375 0.5359375 0.7125 0.5359375
9 0.2171875 0.546875 0.2828125 0.546875 0.2828125 0.6375 0.2171875 0.6375
9 0.2921875 0.45 0.3453125 0.45 0.3453125 0.5375 0.2921875 0.5375
9 0.3546875 0.4578125 0.4171875 0.4578125 0.4171875 0.5421875 0.3546875 0.5421875
9 0.2125 0.64375 0.278125 0.64375 0.278125 0.728125 0.2125 0.728125
8 0.2234375 0.721875 0.284375 0.721875 0.284375 0.8375 0.2234375 0.8375
8 0.496875 0.821875 0.553125 0.821875 0.553125 0.9234375 0.496875 0.9234375
8 0.559375 0.8296875 0.6203125 0.8296875 0.6203125 0.9328125 0.559375 0.9328125
8 0.628125 0.8125 0.6859375 0.8125 0.6859375 0.925 0.628125 0.925
7 0.2734375 0.8265625 0.359375 0.8265625 0.359375 0.946875 0.2734375 0.946875
6 0.5671875 0.646875 0.6234375 0.646875 0.6234375 0.728125 0.5671875 0.728125
6 0.4265625 0.553125 0.4921875 0.553125 0.4921875 0.6421875 0.4265625 0.6421875
6 0.3546875 0.646875 0.4140625 0.646875 0.4140625 0.728125 0.3546875 0.728125
6 0.365625 0.8109375 0.4125 0.8109375 0.4125 0.921875 0.365625 0.921875
6 0.2984375 0.55625 0.353125 0.55625 0.353125 0.640625 0.2984375 0.640625
5 0.3625 0.55 0.421875 0.55 0.421875 0.640625 0.3625 0.640625
5 0.221875 0.8375 0.2703125 0.8375 0.2703125 0.925 0.221875 0.925
3 0.7015625 0.73125 0.7578125 0.73125 0.7578125 0.8 0.7015625 0.8
3 0.6375 0.7421875 0.6890625 0.7421875 0.6890625 0.80625 0.6375 0.80625
3 0.5015625 0.5578125 0.5546875 0.5578125 0.5546875 0.621875 0.5015625 0.621875
3 0.43125 0.6484375 0.475 0.6484375 0.475 0.71875 0.43125 0.71875
3 0.4984375 0.371875 0.55 0.371875 0.55 0.4453125 0.4984375 0.4453125
3 0.2203125 0.4515625 0.275 0.4515625 0.275 0.534375 0.2203125 0.534375
3 0.35625 0.73125 0.4171875 0.73125 0.4171875 0.8046875 0.35625 0.8046875
2 0.56875 0.559375 0.61875 0.559375 0.61875 0.64375 0.56875 0.64375
2 0.63125 0.55625 0.690625 0.55625 0.690625 0.640625 0.63125 0.640625
2 0.7 0.546875 0.7734375 0.546875 0.7734375 0.6359375 0.7 0.6359375
0 0.565625 0.734375 0.625 0.734375 0.625 0.81875 0.565625 0.81875
0 0.496875 0.6359375 0.5515625 0.6359375 0.5515625 0.7171875 0.496875 0.7171875
0 0.428125 0.45625 0.4875 0.45625 0.4875 0.540625 0.428125 0.540625
0 0.5671875 0.3625 0.628125 0.3625 0.628125 0.453125 0.5671875 0.453125
0 0.565625 0.4609375 0.625 0.4609375 0.625 0.553125 0.565625 0.553125
0 0.2921875 0.7296875 0.3515625 0.7296875 0.3515625 0.8203125 0.2921875 0.8203125
0 0.2859375 0.646875 0.346875 0.646875 0.346875 0.728125 0.2859375 0.728125