0 0.75 0.575 0.846875 0.575 0.846875 0.640625 0.75 0.640625
0 0.453125 0.4375 0.5421875 0.4375 0.5421875 0.503125 0.453125 0.503125
0 0.28125 0.5140625 0.35625 0.5140625 0.35625 0.5734375 0.28125 0.5734375
0 0.175 0.5796875 0.28125 0.5796875 0.28125 0.6453125 0.175 0.6453125
0 0.465625 0.6375 0.546875 0.6375 0.546875 0.7125 0.465625 0.7125
0 0.16875 0.30625 0.253125 0.30625 0.253125 0.375 0.16875 0.375
0 0.2671875 0.29375 0.35 0.29375 0.35 0.3640625 0.2671875 0.3640625
2 0.36875 0.6390625 0.453125 0.6390625 0.453125 0.7109375 0.36875 0.7109375
2 0.36875 0.71875 0.4484375 0.71875 0.4484375 0.7984375 0.36875 0.7984375
2 0.4609375 0.2 0.55 0.2 0.55 0.275 0.4609375 0.275
3 0.1984375 0.7234375 0.2796875 0.7234375 0.2796875 0.784375 0.1984375 0.784375
3 0.1859375 0.653125 0.275 0.653125 0.275 0.715625 0.1859375 0.715625
3 0.7671875 0.653125 0.8578125 0.653125 0.8578125 0.7109375 0.7671875 0.7109375
3 0.3640625 0.5109375 0.44375 0.5109375 0.44375 0.5703125 0.3640625 0.5703125
3 0.26875 0.440625 0.35 0.440625 0.35 0.4984375 0.26875 0.4984375
3 0.18125 0.38125 0.2625 0.38125 0.2625 0.4328125 0.18125 0.4328125
3 0.5625 0.3640625 0.64375 0.3640625 0.64375 0.40625 0.5625 0.40625
5 0.0515625 0.2359375 0.159375 0.2359375 0.159375 0.2890625 0.0515625 0.2890625
5 0.3609375 0.3765625 0.446875 0.3765625 0.446875 0.4296875 0.3609375 0.4296875
6 0.0671875 0.378125 0.1703125 0.378125 0.1703125 0.440625 0.0671875 0.440625
6 0.2625 0.36875 0.35625 0.36875 0.35625 0.4328125 0.2625 0.4328125
6 0.3609375 0.4390625 0.44375 0.4390625 0.44375 0.5046875 0.3609375 0.5046875
6 0.28125 0.5828125 0.3578125 0.5828125 0.3578125 0.6375 0.28125 0.6375
6 0.365625 0.2953125 0.4453125 0.2953125 0.4453125 0.365625 0.365625 0.365625
7 0.040625 0.296875 0.1515625 0.296875 0.1515625 0.36875 0.040625 0.36875
8 0.090625 0.5078125 0.1703125 0.5078125 0.1703125 0.5703125 0.090625 0.5703125
8 0.0859375 0.5796875 0.1578125 0.5796875 0.1578125 0.6515625 0.0859375 0.6515625
8 0.078125 0.65625 0.184375 0.65625 0.184375 0.721875 0.078125 0.721875
8 0.1546875 0.1984375 0.2421875 0.1984375 0.2421875 0.2765625 0.1546875 0.2765625
9 0.2890625 0.6515625 0.3515625 0.6515625 0.3515625 0.7109375 0.2890625 0.7109375
9 0.2890625 0.721875 0.3546875 0.721875 0.3546875 0.7859375 0.2890625 0.7859375
9 0.46875 0.721875 0.546875 0.721875 0.546875 0.775 0.46875 0.775
9 0.575 0.646875 0.653125 0.646875 0.653125 0.7109375 0.575 0.7109375
9 0.6640625 0.6546875 0.74375 0.6546875 0.74375 0.7140625 0.6640625 0.7140625
9 0.6515625 0.5015625 0.74375 0.5015625 0.74375 0.5671875 0.6515625 0.5671875
9 0.453125 0.3609375 0.53125 0.3609375 0.53125 0.4265625 0.453125 0.4265625
9 0.3765625 0.2265625 0.4453125 0.2265625 0.4453125 0.2859375 0.3765625 0.2859375
9 0.2625 0.2234375 0.33125 0.2234375 0.33125 0.284375 0.2625 0.284375
9 0.540625 0.290625 0.63125 0.290625 0.63125 0.35 0.540625 0.35
9 0.0765625 0.7234375 0.1875 0.7234375 0.1875 0.7875 0.0765625 0.7875
11 0.08125 0.446875 0.1703125 0.446875 0.1703125 0.496875 0.08125 0.496875
11 0.1703125 0.446875 0.253125 0.446875 0.253125 0.5046875 0.1703125 0.5046875
11 0.1671875 0.5109375 0.275 0.5109375 0.275 0.5671875 0.1671875 0.5671875
11 0.4484375 0.5046875 0.5390625 0.5046875 0.5390625 0.56875 0.4484375 0.56875