11 0.715625 0.0125 0.8015625 0.0125 0.8015625 0.13125 0.715625 0.13125
11 0.7171875 0.1390625 0.8 0.1390625 0.8 0.24375 0.7171875 0.24375
11 0.7078125 0.2609375 0.7921875 0.2609375 0.7921875 0.359375 0.7078125 0.359375
11 0.63125 0.021875 0.7046875 0.021875 0.7046875 0.14375 0.63125 0.14375
11 0.628125 0.1453125 0.703125 0.1453125 0.703125 0.2484375 0.628125 0.2484375
11 0.625 0.26875 0.7 0.26875 0.7 0.3703125 0.625 0.3703125
11 0.534375 0.1234375 0.609375 0.1234375 0.609375 0.24375 0.534375 0.24375
11 0.5296875 0.2609375 0.603125 0.2609375 0.603125 0.3671875 0.5296875 0.3671875
11 0.4578125 0.375 0.51875 0.375 0.51875 0.471875 0.4578125 0.471875
11 0.45625 0.5890625 0.525 0.5890625 0.525 0.6890625 0.45625 0.6890625
11 0.353125 0.484375 0.425 0.484375 0.425 0.5734375 0.353125 0.5734375