9 0.340625 0.0625 0.3765625 0.0625 0.3765625 0.15625 0.340625 0.15625
9 0.3375 0.1515625 0.3703125 0.1515625 0.3703125 0.240625 0.3375 0.240625
9 0.3265625 0.2609375 0.3625 0.2609375 0.3625 0.3453125 0.3265625 0.3453125
9 0.3265625 0.35625 0.365625 0.35625 0.365625 0.4484375 0.3265625 0.4484375
9 0.325 0.4640625 0.3640625 0.4640625 0.3640625 0.55 0.325 0.55
9 0.315625 0.5796875 0.3546875 0.5796875 0.3546875 0.6671875 0.315625 0.6671875
9 0.3140625 0.70625 0.353125 0.70625 0.353125 0.7890625 0.3140625 0.7890625
9 0.3203125 0.815625 0.35625 0.815625 0.35625 0.9046875 0.3203125 0.9046875
5 0.6234375 0.0515625 0.6625 0.0515625 0.6625 0.1703125 0.6234375 0.1703125
5 0.6390625 0.8109375 0.6875 0.8109375 0.6875 0.9171875 0.6390625 0.9171875
11 0.240625 0.803125 0.2921875 0.803125 0.2921875 0.90625 0.240625 0.90625
11 0.2890625 0.0390625 0.325 0.0390625 0.325 0.153125 0.2890625 0.153125
8 0.2359375 0.6984375 0.2921875 0.6984375 0.2921875 0.7921875 0.2359375 0.7921875
8 0.2734375 0.1453125 0.325 0.1453125 0.325 0.2390625 0.2734375 0.2390625
4 0.6296875 0.325 0.6828125 0.325 0.6828125 0.45 0.6296875 0.45
1 0.6328125 0.4359375 0.684375 0.4359375 0.684375 0.578125 0.6328125 0.578125
3 0.5734375 0.2578125 0.6015625 0.2578125 0.6015625 0.3453125 0.5734375 0.3453125
3 0.5796875 0.0921875 0.6046875 0.0921875 0.6046875 0.1796875 0.5796875 0.1796875
3 0.5796875 0.1734375 0.609375 0.1734375 0.609375 0.25625 0.5796875 0.25625
3 0.5890625 0.35625 0.6171875 0.35625 0.6171875 0.440625 0.5890625 0.440625
3 0.575 0.5046875 0.603125 0.5046875 0.603125 0.584375 0.575 0.584375
3 0.59375 0.5953125 0.621875 0.5953125 0.621875 0.6703125 0.59375 0.6703125
3 0.5828125 0.6890625 0.6171875 0.6890625 0.6171875 0.771875 0.5828125 0.771875
3 0.5875 0.8328125 0.61875 0.8328125 0.61875 0.9125 0.5875 0.9125
0 0.6375 0.5828125 0.6765625 0.5828125 0.6765625 0.6765625 0.6375 0.6765625
2 0.6390625 0.7 0.684375 0.7 0.684375 0.7890625 0.6390625 0.7890625
2 0.625 0.159375 0.66875 0.159375 0.66875 0.2578125 0.625 0.2578125
0 0.628125 0.2453125 0.6671875 0.2453125 0.6671875 0.346875 0.628125 0.346875
6 0.253125 0.5453125 0.296875 0.5453125 0.296875 0.646875 0.253125 0.646875
6 0.28125 0.228125 0.3203125 0.228125 0.3203125 0.334375 0.28125 0.334375
7 0.25625 0.43125 0.309375 0.43125 0.309375 0.5640625 0.25625 0.5640625
10 0.2578125 0.303125 0.3109375 0.303125 0.3109375 0.440625 0.2578125 0.440625