5 0.628125 0.84375 0.69375 0.84375 0.69375 0.9734375 0.628125 0.9734375
5 0.728125 0.8546875 0.8078125 0.8546875 0.8078125 0.9796875 0.728125 0.9796875
3 0.1671875 0.4203125 0.24375 0.4203125 0.24375 0.5 0.1671875 0.5
3 0.16875 0.328125 0.240625 0.328125 0.240625 0.403125 0.16875 0.403125
3 0.1578125 0.2109375 0.240625 0.2109375 0.240625 0.278125 0.1578125 0.278125
3 0.1578125 0.103125 0.2515625 0.103125 0.2515625 0.1859375 0.1578125 0.1859375
3 0.721875 0.7578125 0.79375 0.7578125 0.79375 0.846875 0.721875 0.846875
3 0.7265625 0.6328125 0.79375 0.6328125 0.79375 0.7234375 0.7265625 0.7234375
3 0.734375 0.5296875 0.8046875 0.5296875 0.8046875 0.63125 0.734375 0.63125
2 0.303125 0.05 0.3859375 0.05 0.3859375 0.16875 0.303125 0.16875
2 0.3828125 0.059375 0.4671875 0.059375 0.4671875 0.1796875 0.3828125 0.1796875
2 0.4703125 0.059375 0.553125 0.059375 0.553125 0.178125 0.4703125 0.178125
0 0.2375 0.7265625 0.3171875 0.7265625 0.3171875 0.8328125 0.2375 0.8328125
0 0.3109375 0.6140625 0.3859375 0.6140625 0.3859375 0.70625 0.3109375 0.70625
0 0.378125 0.5046875 0.4625 0.5046875 0.4625 0.584375 0.378125 0.584375
0 0.478125 0.41875 0.5390625 0.41875 0.5390625 0.5109375 0.478125 0.5109375
0 0.5625 0.3125 0.625 0.3125 0.625 0.4015625 0.5625 0.4015625
0 0.646875 0.19375 0.7171875 0.19375 0.7171875 0.309375 0.646875 0.309375
0 0.728125 0.028125 0.8125 0.028125 0.8125 0.1578125 0.728125 0.1578125