9 0.2796875 0.175 0.4109375 0.175 0.4109375 0.325 0.2796875 0.325
3 0.7171875 0.0359375 0.859375 0.0359375 0.859375 0.203125 0.7171875 0.203125
3 0.703125 0.209375 0.84375 0.209375 0.84375 0.34375 0.703125 0.34375
3 0.3078125 0.6125 0.4359375 0.6125 0.4359375 0.734375 0.3078125 0.734375
3 0.684375 0.4421875 0.81875 0.4421875 0.81875 0.55625 0.684375 0.55625
3 0.69375 0.609375 0.84375 0.609375 0.84375 0.7375 0.69375 0.7375
3 0.478125 0.821875 0.603125 0.821875 0.603125 0.978125 0.478125 0.978125
9 0.0046875 0.2171875 0.1671875 0.2171875 0.1671875 0.3578125 0.0046875 0.3578125
9 0.459375 0.1625 0.58125 0.1625 0.58125 0.3171875 0.459375 0.3171875
9 0.009375 0.39375 0.18125 0.39375 0.18125 0.540625 0.009375 0.540625
9 0.06875 0.596875 0.234375 0.596875 0.234375 0.734375 0.06875 0.734375
9 0.7078125 0.840625 0.8640625 0.840625 0.8640625 0.9984375 0.7078125 0.9984375