3 0.4015625 0.203125 0.4546875 0.203125 0.4546875 0.26875 0.4015625 0.26875
3 0.4109375 0.3234375 0.4625 0.3234375 0.4625 0.3984375 0.4109375 0.3984375
3 0.4109375 0.4375 0.4625 0.4375 0.4625 0.4953125 0.4109375 0.4953125
3 0.3375 0.434375 0.3890625 0.434375 0.3890625 0.49375 0.3375 0.49375
3 0.2671875 0.5265625 0.3265625 0.5265625 0.3265625 0.590625 0.2671875 0.590625
3 0.3421875 0.6265625 0.396875 0.6265625 0.396875 0.6921875 0.3421875 0.6921875
3 0.43125 0.6265625 0.48125 0.6265625 0.48125 0.6890625 0.43125 0.6890625
3 0.4296875 0.71875 0.4828125 0.71875 0.4828125 0.7890625 0.4296875 0.7890625
3 0.4359375 0.8203125 0.4890625 0.8203125 0.4890625 0.8984375 0.4359375 0.8984375
3 0.4234375 0.5234375 0.4765625 0.5234375 0.4765625 0.58125 0.4234375 0.58125
3 0.5 0.503125 0.553125 0.503125 0.553125 0.5640625 0.5 0.5640625
3 0.4890625 0.4078125 0.540625 0.4078125 0.540625 0.46875 0.4890625 0.46875
3 0.58125 0.503125 0.63125 0.503125 0.63125 0.56875 0.58125 0.56875
3 0.6515625 0.409375 0.7109375 0.409375 0.7109375 0.46875 0.6515625 0.46875
3 0.6640625 0.5953125 0.7234375 0.5953125 0.7234375 0.6671875 0.6640625 0.6671875
2 0.8078125 0.4859375 0.9078125 0.4859375 0.9078125 0.559375 0.8078125 0.559375
2 0.7984375 0.28125 0.890625 0.28125 0.890625 0.3546875 0.7984375 0.3546875
2 0.815625 0.703125 0.915625 0.703125 0.915625 0.7859375 0.815625 0.7859375
2 0.825 0.8109375 0.9203125 0.8109375 0.9203125 0.915625 0.825 0.915625
5 0.7359375 0.6078125 0.8125 0.6078125 0.8125 0.6875 0.7359375 0.6875
5 0.7265625 0.3890625 0.803125 0.3890625 0.803125 0.46875 0.7265625 0.46875
8 0.8140625 0.5953125 0.9078125 0.5953125 0.9078125 0.6765625 0.8140625 0.6765625
8 0.803125 0.3828125 0.8984375 0.3828125 0.8984375 0.4625 0.803125 0.4625
4 0.6484375 0.5 0.7265625 0.5 0.7265625 0.58125 0.6484375 0.58125