4 0.3875 0.8265625 0.4828125 0.8265625 0.4828125 0.9765625 0.3875 0.9765625
0 0.5546875 0.821875 0.6390625 0.821875 0.6390625 0.940625 0.5546875 0.940625
0 0.546875 0.096875 0.6171875 0.096875 0.6171875 0.2015625 0.546875 0.2015625
1 0.3953125 0.090625 0.4703125 0.090625 0.4703125 0.21875 0.3953125 0.21875
1 0.390625 0.53125 0.4765625 0.53125 0.4765625 0.6328125 0.390625 0.6328125
1 0.4890625 0.6171875 0.5609375 0.6171875 0.5609375 0.7390625 0.4890625 0.7390625
1 0.4765625 0.3234375 0.55 0.3234375 0.55 0.4390625 0.4765625 0.4390625
2 0.15625 0.221875 0.246875 0.221875 0.246875 0.3125 0.15625 0.3125
2 0.16875 0.4203125 0.2609375 0.4203125 0.2609375 0.5171875 0.16875 0.5171875
2 0.1640625 0.6234375 0.2609375 0.6234375 0.2609375 0.7171875 0.1640625 0.7171875
2 0.159375 0.8078125 0.2703125 0.8078125 0.2703125 0.928125 0.159375 0.928125
3 0.615625 0.2265625 0.684375 0.2265625 0.684375 0.3140625 0.615625 0.3140625
3 0.628125 0.43125 0.6984375 0.43125 0.6984375 0.5203125 0.628125 0.5203125
3 0.63125 0.6328125 0.6984375 0.6328125 0.6984375 0.71875 0.63125 0.71875
3 0.2578125 0.6265625 0.328125 0.6265625 0.328125 0.7171875 0.2578125 0.7171875
3 0.265625 0.41875 0.3359375 0.41875 0.3359375 0.5109375 0.265625 0.5109375
3 0.2609375 0.228125 0.3296875 0.228125 0.3296875 0.3296875 0.2609375 0.3296875
5 0.7078125 0.0828125 0.784375 0.0828125 0.784375 0.1984375 0.7078125 0.1984375
5 0.7171875 0.83125 0.7921875 0.83125 0.7921875 0.953125 0.7171875 0.953125
3 0.16875 0.134375 0.2421875 0.134375 0.2421875 0.2125 0.16875 0.2125