10 0.29375 0.4765625 0.3796875 0.4765625 0.3796875 0.5671875 0.29375 0.5671875
10 0.3828125 0.4015625 0.46875 0.4015625 0.46875 0.478125 0.3828125 0.478125
10 0.2953125 0.2984375 0.3953125 0.2984375 0.3953125 0.3953125 0.2953125 0.3953125
10 0.096875 0.390625 0.20625 0.390625 0.20625 0.475 0.096875 0.475
10 0.740625 0.4859375 0.853125 0.4859375 0.853125 0.56875 0.740625 0.56875
10 0.5734375 0.390625 0.653125 0.390625 0.653125 0.475 0.5734375 0.475
10 0.6515625 0.671875 0.759375 0.671875 0.759375 0.75625 0.6515625 0.75625
10 0.190625 0.7515625 0.3015625 0.7515625 0.3015625 0.865625 0.190625 0.865625
10 0.2 0.3875 0.2984375 0.3875 0.2984375 0.478125 0.2 0.478125
7 0.39375 0.575 0.475 0.575 0.475 0.65625 0.39375 0.65625
7 0.3046875 0.6625 0.39375 0.6625 0.39375 0.75 0.3046875 0.75
7 0.096875 0.6578125 0.21875 0.6578125 0.21875 0.7625 0.096875 0.7625
7 0.19375 0.3046875 0.296875 0.3046875 0.296875 0.3953125 0.19375 0.3953125
7 0.478125 0.2984375 0.565625 0.2984375 0.565625 0.39375 0.478125 0.39375
7 0.475 0.4796875 0.565625 0.4796875 0.565625 0.5640625 0.475 0.5640625
7 0.3828125 0.09375 0.4765625 0.09375 0.4765625 0.228125 0.3828125 0.228125
7 0.740625 0.1953125 0.846875 0.1953125 0.846875 0.2953125 0.740625 0.2953125
4 0.73125 0.5796875 0.8609375 0.5796875 0.8609375 0.6546875 0.73125 0.6546875
4 0.5609375 0.09375 0.6515625 0.09375 0.6515625 0.221875 0.5609375 0.221875
4 0.65625 0.29375 0.746875 0.29375 0.746875 0.390625 0.65625 0.390625
4 0.7359375 0.3890625 0.846875 0.3890625 0.846875 0.478125 0.7359375 0.478125
4 0.2046875 0.58125 0.303125 0.58125 0.303125 0.6640625 0.2046875 0.6640625
4 0.1046875 0.20625 0.2140625 0.20625 0.2140625 0.3078125 0.1046875 0.3078125
1 0.7453125 0.75625 0.85625 0.75625 0.85625 0.871875 0.7453125 0.871875
1 0.575 0.7515625 0.678125 0.7515625 0.678125 0.8671875 0.575 0.8671875
1 0.48125 0.6640625 0.559375 0.6640625 0.559375 0.7515625 0.48125 0.7515625
1 0.3890625 0.7515625 0.4859375 0.7515625 0.4859375 0.8625 0.3890625 0.8625
1 0.565625 0.4796875 0.65625 0.4796875 0.65625 0.565625 0.565625 0.565625
1 0.73125 0.09375 0.846875 0.09375 0.846875 0.221875 0.73125 0.221875
1 0.1 0.484375 0.2140625 0.484375 0.2140625 0.5703125 0.1 0.5703125
1 0.0890625 0.5796875 0.2140625 0.5796875 0.2140625 0.6765625 0.0890625 0.6765625