9 0.3453125 0.0625 0.3734375 0.0625 0.3734375 0.15625 0.3453125 0.15625
9 0.4375 0.1703125 0.465625 0.1703125 0.465625 0.259375 0.4375 0.259375
9 0.43125 0.253125 0.459375 0.253125 0.459375 0.34375 0.43125 0.34375
9 0.4234375 0.35625 0.45 0.35625 0.45 0.44375 0.4234375 0.44375
9 0.3265625 0.465625 0.3578125 0.465625 0.3578125 0.553125 0.3265625 0.553125
9 0.31875 0.5671875 0.35 0.5671875 0.35 0.6578125 0.31875 0.6578125
9 0.315625 0.7 0.3484375 0.7 0.3484375 0.78125 0.315625 0.78125
9 0.31875 0.8109375 0.353125 0.8109375 0.353125 0.89375 0.31875 0.89375
11 0.4734375 0.5578125 0.5078125 0.5578125 0.5078125 0.665625 0.4734375 0.665625
11 0.24375 0.8015625 0.2875 0.8015625 0.2875 0.8984375 0.24375 0.8984375
10 0.425 0.5375 0.46875 0.5375 0.46875 0.6734375 0.425 0.6734375
8 0.278125 0.146875 0.321875 0.146875 0.321875 0.2625 0.278125 0.2625
8 0.2390625 0.6921875 0.2890625 0.6921875 0.2890625 0.790625 0.2390625 0.790625
6 0.28125 0.2234375 0.31875 0.2234375 0.31875 0.3390625 0.28125 0.3390625
6 0.253125 0.54375 0.2953125 0.54375 0.2953125 0.646875 0.253125 0.646875
9 0.321875 0.4625 0.3625 0.4625 0.3625 0.55625 0.321875 0.55625
7 0.25625 0.428125 0.309375 0.428125 0.309375 0.56875 0.25625 0.56875
9 0.315625 0.5703125 0.353125 0.5703125 0.353125 0.6578125 0.315625 0.6578125
3 0.4859375 0.071875 0.5171875 0.071875 0.5171875 0.1671875 0.4859375 0.1671875
9 0.3125 0.696875 0.35625 0.696875 0.35625 0.784375 0.3125 0.784375
3 0.4890625 0.3765625 0.51875 0.3765625 0.51875 0.46875 0.4890625 0.46875
9 0.3140625 0.8140625 0.3578125 0.8140625 0.3578125 0.89375 0.3140625 0.89375
3 0.575 0.0953125 0.6046875 0.0953125 0.6046875 0.184375 0.575 0.184375
9 0.428125 0.2484375 0.4640625 0.2484375 0.4640625 0.3421875 0.428125 0.3421875
3 0.5765625 0.1734375 0.603125 0.1734375 0.603125 0.259375 0.5765625 0.259375
9 0.41875 0.35625 0.4546875 0.35625 0.4546875 0.45 0.41875 0.45
3 0.5375 0.596875 0.56875 0.596875 0.56875 0.68125 0.5375 0.68125
9 0.4359375 0.1671875 0.4671875 0.1671875 0.4671875 0.2609375 0.4359375 0.2609375
3 0.4734375 0.690625 0.50625 0.690625 0.50625 0.76875 0.4734375 0.76875
3 0.4296875 0.48125 0.459375 0.48125 0.459375 0.5625 0.4296875 0.5625
3 0.484375 0.0703125 0.515625 0.0703125 0.515625 0.171875 0.484375 0.171875
0 0.621875 0.24375 0.659375 0.24375 0.659375 0.3578125 0.621875 0.3578125
3 0.3875 0.25625 0.4203125 0.25625 0.4203125 0.35625 0.3875 0.35625
0 0.5234375 0.3609375 0.5546875 0.3609375 0.5546875 0.46875 0.5234375 0.46875
3 0.4875 0.378125 0.521875 0.378125 0.521875 0.471875 0.4875 0.471875
4 0.628125 0.325 0.675 0.325 0.675 0.46875 0.628125 0.46875
3 0.4265625 0.4828125 0.4640625 0.4828125 0.4640625 0.540625 0.4265625 0.540625
2 0.56875 0.4734375 0.609375 0.4734375 0.609375 0.5734375 0.56875 0.5734375
3 0.4703125 0.684375 0.5109375 0.684375 0.5109375 0.778125 0.4703125 0.778125
2 0.621875 0.159375 0.6625 0.159375 0.6625 0.265625 0.621875 0.265625
3 0.5390625 0.5921875 0.5671875 0.5921875 0.5671875 0.6828125 0.5390625 0.6828125
5 0.621875 0.0578125 0.65625 0.0578125 0.65625 0.1765625 0.621875 0.1765625
3 0.578125 0.16875 0.6078125 0.16875 0.6078125 0.26875 0.578125 0.26875
5 0.6375 0.8015625 0.68125 0.8015625 0.68125 0.909375 0.6375 0.909375
3 0.5734375 0.0875 0.6078125 0.0875 0.6078125 0.1765625 0.5734375 0.1765625
1 0.51875 0.784375 0.5640625 0.784375 0.5640625 0.9125 0.51875 0.9125
11 0.2390625 0.796875 0.29375 0.796875 0.29375 0.9 0.2390625 0.9
3 0.3890625 0.259375 0.4171875 0.259375 0.4171875 0.353125 0.3890625 0.353125
11 0.4734375 0.5546875 0.5140625 0.5546875 0.5140625 0.671875 0.4734375 0.671875
11 0.240625 0.7953125 0.2875 0.7953125 0.2875 0.9046875 0.240625 0.9046875
11 0.471875 0.559375 0.5109375 0.559375 0.5109375 0.6671875 0.471875 0.6671875
8 0.2375 0.690625 0.2890625 0.690625 0.2890625 0.78125 0.2375 0.78125
6 0.253125 0.5421875 0.296875 0.5421875 0.296875 0.6484375 0.253125 0.6484375
7 0.25625 0.4265625 0.309375 0.4265625 0.309375 0.5625 0.25625 0.5625
10 0.425 0.5390625 0.46875 0.5390625 0.46875 0.6734375 0.425 0.6734375
9 0.3171875 0.8125 0.3578125 0.8125 0.3578125 0.890625 0.3171875 0.890625
9 0.3125 0.69375 0.3484375 0.69375 0.3484375 0.78125 0.3125 0.78125
9 0.3171875 0.571875 0.3546875 0.571875 0.3546875 0.659375 0.3171875 0.659375
9 0.3234375 0.4703125 0.359375 0.4703125 0.359375 0.55625 0.3234375 0.55625
9 0.4375 0.16875 0.4671875 0.16875 0.4671875 0.2609375 0.4375 0.2609375
9 0.428125 0.253125 0.4609375 0.253125 0.4609375 0.34375 0.428125 0.34375
9 0.421875 0.3578125 0.453125 0.3578125 0.453125 0.446875 0.421875 0.446875
6 0.2796875 0.225 0.321875 0.225 0.321875 0.340625 0.2796875 0.340625
8 0.275 0.14375 0.321875 0.14375 0.321875 0.265625 0.275 0.265625
3 0.4859375 0.071875 0.51875 0.071875 0.51875 0.175 0.4859375 0.175
3 0.484375 0.3765625 0.521875 0.3765625 0.521875 0.471875 0.484375 0.471875
3 0.384375 0.259375 0.4203125 0.259375 0.4203125 0.359375 0.384375 0.359375
3 0.5390625 0.596875 0.571875 0.596875 0.571875 0.6875 0.5390625 0.6875
3 0.4703125 0.690625 0.5109375 0.690625 0.5109375 0.7796875 0.4703125 0.7796875
1 0.5171875 0.7875 0.5640625 0.7875 0.5640625 0.915625 0.5171875 0.915625
5 0.6359375 0.80625 0.6796875 0.80625 0.6796875 0.909375 0.6359375 0.909375
2 0.56875 0.4734375 0.6078125 0.4734375 0.6078125 0.5765625 0.56875 0.5765625
4 0.625 0.3265625 0.675 0.3265625 0.675 0.4703125 0.625 0.4703125
5 0.621875 0.0578125 0.65625 0.0578125 0.65625 0.1765625 0.621875 0.1765625
2 0.621875 0.159375 0.6625 0.159375 0.6625 0.2640625 0.621875 0.2640625
0 0.621875 0.2484375 0.659375 0.2484375 0.659375 0.35625 0.621875 0.35625
0 0.521875 0.359375 0.5546875 0.359375 0.5546875 0.4703125 0.521875 0.4703125