10 0.503125 0.3125 0.5578125 0.3125 0.5578125 0.4171875 0.503125 0.4171875
10 0.5625 0.2078125 0.63125 0.2078125 0.63125 0.321875 0.5625 0.321875
10 0.4859375 0.603125 0.55625 0.603125 0.55625 0.7078125 0.4859375 0.7078125
10 0.2625 0.425 0.3484375 0.425 0.3484375 0.5015625 0.2625 0.5015625
10 0.3453125 0.6953125 0.421875 0.6953125 0.421875 0.809375 0.3453125 0.809375
10 0.7015625 0.6125 0.8 0.6125 0.8 0.7015625 0.7015625 0.7015625
7 0.1796875 0.4140625 0.265625 0.4140625 0.265625 0.503125 0.1796875 0.503125
7 0.6390625 0.2125 0.7140625 0.2125 0.7140625 0.3109375 0.6390625 0.3109375
7 0.64375 0.3125 0.71875 0.3125 0.71875 0.409375 0.64375 0.409375
7 0.5609375 0.596875 0.628125 0.596875 0.628125 0.7015625 0.5609375 0.7015625
7 0.4109375 0.50625 0.4875 0.50625 0.4875 0.6015625 0.4109375 0.6015625
10 0.34375 0.50625 0.4234375 0.50625 0.4234375 0.596875 0.34375 0.596875
6 0.278125 0.209375 0.3484375 0.209375 0.3484375 0.3015625 0.278125 0.3015625
6 0.41875 0.3125 0.478125 0.3125 0.478125 0.415625 0.41875 0.415625
6 0.428125 0.7 0.490625 0.7 0.490625 0.7953125 0.428125 0.7953125
6 0.5578125 0.796875 0.628125 0.796875 0.628125 0.9 0.5578125 0.9
4 0.171875 0.6046875 0.278125 0.6046875 0.278125 0.7 0.171875 0.7
4 0.70625 0.7984375 0.79375 0.7984375 0.79375 0.9265625 0.70625 0.9265625
4 0.2609375 0.5171875 0.3453125 0.5171875 0.3453125 0.603125 0.2609375 0.603125
4 0.353125 0.0859375 0.425 0.0859375 0.425 0.2109375 0.353125 0.2109375
1 0.709375 0.3203125 0.8 0.3203125 0.8 0.4203125 0.709375 0.4203125