4 0.1046875 0.2375 0.228125 0.2375 0.228125 0.3171875 0.1046875 0.3171875
4 0.809375 0.2359375 0.9375 0.2359375 0.9375 0.3203125 0.809375 0.3203125
4 0.1328125 0.734375 0.246875 0.734375 0.246875 0.8359375 0.1328125 0.8359375
4 0.8046875 0.7390625 0.925 0.7390625 0.925 0.8328125 0.8046875 0.8328125
1 0.5265625 0.3203125 0.615625 0.3203125 0.615625 0.3875 0.5265625 0.3875
6 0.3375 0.2515625 0.421875 0.2515625 0.421875 0.315625 0.3375 0.315625
6 0.43125 0.3265625 0.5140625 0.3265625 0.5140625 0.3921875 0.43125 0.3921875
6 0.53125 0.4 0.615625 0.4 0.615625 0.4578125 0.53125 0.4578125
6 0.3515625 0.665625 0.4265625 0.665625 0.4265625 0.7453125 0.3515625 0.7453125
10 0.1078125 0.3921875 0.228125 0.3921875 0.228125 0.4578125 0.1078125 0.4578125
10 0.3375 0.390625 0.4265625 0.390625 0.4265625 0.4609375 0.3375 0.4609375
10 0.8 0.465625 0.9296875 0.465625 0.9296875 0.53125 0.8 0.53125
10 0.615625 0.4609375 0.721875 0.4609375 0.721875 0.528125 0.615625 0.528125
10 0.5234375 0.53125 0.6125 0.53125 0.6125 0.60625 0.5234375 0.60625
10 0.621875 0.5359375 0.71875 0.5359375 0.71875 0.6078125 0.621875 0.6078125
9 0.3453125 0.328125 0.415625 0.328125 0.415625 0.384375 0.3453125 0.384375
9 0.4359375 0.4015625 0.50625 0.4015625 0.50625 0.4578125 0.4359375 0.4578125
9 0.265625 0.6015625 0.3375 0.6015625 0.3375 0.6609375 0.265625 0.6609375
9 0.3484375 0.5390625 0.4203125 0.5390625 0.4203125 0.5921875 0.3484375 0.5921875
9 0.44375 0.60625 0.50625 0.60625 0.50625 0.6625 0.44375 0.6625
9 0.5296875 0.6703125 0.6 0.6703125 0.6 0.728125 0.5296875 0.728125
9 0.44375 0.7453125 0.515625 0.7453125 0.515625 0.815625 0.44375 0.815625
9 0.64375 0.7453125 0.71875 0.7453125 0.71875 0.8203125 0.64375 0.8203125
9 0.796875 0.6609375 0.88125 0.6609375 0.88125 0.7234375 0.796875 0.7234375
9 0.5359375 0.6046875 0.603125 0.6046875 0.603125 0.659375 0.5359375 0.659375
7 0.13125 0.5375 0.246875 0.5375 0.246875 0.6078125 0.13125 0.6078125
7 0.8015625 0.59375 0.93125 0.59375 0.93125 0.6765625 0.8015625 0.6765625
7 0.8015625 0.390625 0.934375 0.390625 0.934375 0.4609375 0.8015625 0.4609375
7 0.615625 0.60625 0.7265625 0.60625 0.7265625 0.678125 0.615625 0.678125
9 0.63125 0.6671875 0.7015625 0.6671875 0.7015625 0.7265625 0.63125 0.7265625
10 0.2265625 0.471875 0.325 0.471875 0.325 0.5421875 0.2265625 0.5421875
7 0.43125 0.53125 0.525 0.53125 0.525 0.6078125 0.43125 0.6078125