0 0.7890625 0.6015625 0.884375 0.6015625 0.884375 0.6640625 0.7890625 0.6640625
0 0.7890625 0.4375 0.8796875 0.4375 0.8796875 0.4953125 0.7890625 0.4953125
0 0.45625 0.28125 0.575 0.28125 0.575 0.353125 0.45625 0.353125
0 0.271875 0.296875 0.3671875 0.296875 0.3671875 0.38125 0.271875 0.38125
0 0.4703125 0.671875 0.5546875 0.671875 0.5546875 0.75625 0.4703125 0.75625
0 0.278125 0.521875 0.3734375 0.521875 0.3734375 0.590625 0.278125 0.590625
0 0.4625 0.4375 0.5546875 0.4375 0.5546875 0.5171875 0.4625 0.5171875
2 0.4578125 0.209375 0.5546875 0.209375 0.5546875 0.2734375 0.4578125 0.2734375
2 0.665625 0.75 0.7640625 0.75 0.7640625 0.85625 0.665625 0.85625
2 0.3578125 0.6625 0.4625 0.6625 0.4625 0.7359375 0.3578125 0.7359375
3 0.1875 0.371875 0.271875 0.371875 0.271875 0.4296875 0.1875 0.4296875
3 0.196875 0.659375 0.2890625 0.659375 0.2890625 0.728125 0.196875 0.728125
3 0.1921875 0.7375 0.284375 0.7375 0.284375 0.7953125 0.1921875 0.7953125
3 0.28125 0.440625 0.3671875 0.440625 0.3671875 0.50625 0.28125 0.50625
3 0.778125 0.68125 0.88125 0.68125 0.88125 0.7515625 0.778125 0.7515625
3 0.375 0.5234375 0.4609375 0.5234375 0.4609375 0.5890625 0.375 0.5890625
5 0.06875 0.23125 0.1765625 0.23125 0.1765625 0.296875 0.06875 0.296875
5 0.365625 0.365625 0.45 0.365625 0.45 0.4453125 0.365625 0.4453125
6 0.465625 0.590625 0.553125 0.590625 0.553125 0.6671875 0.465625 0.6671875
6 0.565625 0.521875 0.65625 0.521875 0.65625 0.5859375 0.565625 0.5859375
6 0.6796875 0.3578125 0.7625 0.3578125 0.7625 0.428125 0.6796875 0.428125
6 0.065625 0.3734375 0.18125 0.3734375 0.18125 0.4421875 0.065625 0.4421875
6 0.365625 0.4390625 0.45625 0.4390625 0.45625 0.5109375 0.365625 0.5109375
7 0.028125 0.2984375 0.1875 0.2984375 0.1875 0.3625 0.028125 0.3625
8 0.0640625 0.58125 0.18125 0.58125 0.18125 0.6515625 0.0640625 0.6515625
8 0.0625 0.5171875 0.1640625 0.5171875 0.1640625 0.5734375 0.0625 0.5734375
8 0.5703125 0.440625 0.6671875 0.440625 0.6671875 0.509375 0.5703125 0.509375
9 0.2671875 0.2171875 0.3671875 0.2171875 0.3671875 0.296875 0.2671875 0.296875
9 0.3890625 0.21875 0.4421875 0.21875 0.4421875 0.290625 0.3890625 0.290625
9 0.571875 0.2859375 0.6421875 0.2859375 0.6421875 0.34375 0.571875 0.34375
9 0.66875 0.2734375 0.759375 0.2734375 0.759375 0.35 0.66875 0.35
9 0.675 0.5078125 0.771875 0.5078125 0.771875 0.590625 0.675 0.590625
9 0.665625 0.5953125 0.7578125 0.5953125 0.7578125 0.6671875 0.665625 0.6671875
9 0.578125 0.665625 0.6546875 0.665625 0.6546875 0.740625 0.578125 0.740625
9 0.5859375 0.7453125 0.653125 0.7453125 0.653125 0.8140625 0.5859375 0.8140625
9 0.665625 0.665625 0.76875 0.665625 0.76875 0.740625 0.665625 0.740625
11 0.7828125 0.515625 0.8984375 0.515625 0.8984375 0.5921875 0.7828125 0.5921875
11 0.165625 0.51875 0.2796875 0.51875 0.2796875 0.571875 0.165625 0.571875
11 0.18125 0.446875 0.2828125 0.446875 0.2828125 0.503125 0.18125 0.503125
11 0.084375 0.4453125 0.1703125 0.4453125 0.1703125 0.51875 0.084375 0.51875
9 0.3609375 0.5921875 0.459375 0.5921875 0.459375 0.6546875 0.3609375 0.6546875
9 0.08125 0.7328125 0.1765625 0.7328125 0.1765625 0.8 0.08125 0.8
3 0.5765625 0.3625 0.675 0.3625 0.675 0.4234375 0.5765625 0.4234375