3 0.546875 0.4203125 0.63125 0.4203125 0.63125 0.4859375 0.546875 0.4859375
3 0.5515625 0.575 0.6296875 0.575 0.6296875 0.6453125 0.5515625 0.6453125
3 0.453125 0.515625 0.534375 0.515625 0.534375 0.575 0.453125 0.575
3 0.3375 0.584375 0.41875 0.584375 0.41875 0.6515625 0.3375 0.6515625
3 0.3296875 0.4328125 0.4078125 0.4328125 0.4078125 0.4921875 0.3296875 0.4921875
3 0.3171875 0.265625 0.396875 0.265625 0.396875 0.3375 0.3171875 0.3375
3 0.5375 0.2609375 0.615625 0.2609375 0.615625 0.3265625 0.5375 0.3265625
0 0.640625 0.3234375 0.7375 0.3234375 0.7375 0.4046875 0.640625 0.4046875
0 0.184375 0.3546875 0.2875 0.3546875 0.2875 0.421875 0.184375 0.421875
2 0.75625 0.409375 0.8625 0.409375 0.8625 0.484375 0.75625 0.484375
2 0.775 0.4953125 0.8625 0.4953125 0.8625 0.56875 0.775 0.56875
2 0.115625 0.5171875 0.23125 0.5171875 0.23125 0.5921875 0.115625 0.5921875
2 0.1015625 0.4375 0.20625 0.4375 0.20625 0.509375 0.1015625 0.509375
4 0.4234375 0.1328125 0.5140625 0.1328125 0.5140625 0.2453125 0.4234375 0.2453125
1 0.6515625 0.6421875 0.771875 0.6421875 0.771875 0.7453125 0.6515625 0.7453125
1 0.565625 0.734375 0.6515625 0.734375 0.6515625 0.85 0.565625 0.85
1 0.4203125 0.75 0.5328125 0.75 0.5328125 0.865625 0.4203125 0.865625
1 0.3140625 0.665625 0.4296875 0.665625 0.4296875 0.778125 0.3140625 0.778125
5 0.7609375 0.5796875 0.8703125 0.5796875 0.8703125 0.6546875 0.7609375 0.6546875
5 0.2109375 0.59375 0.3203125 0.59375 0.3203125 0.68125 0.2109375 0.68125