5 0.2125 0.0875 0.2953125 0.0875 0.2953125 0.1984375 0.2125 0.1984375
5 0.2328125 0.2171875 0.30625 0.2171875 0.30625 0.3046875 0.2328125 0.3046875
5 0.321875 0.2 0.3890625 0.2 0.3890625 0.29375 0.321875 0.29375
5 0.221875 0.3234375 0.3015625 0.3234375 0.3015625 0.4078125 0.221875 0.4078125
5 0.321875 0.3171875 0.39375 0.3171875 0.39375 0.4015625 0.321875 0.4015625
5 0.2328125 0.440625 0.309375 0.440625 0.309375 0.5125 0.2328125 0.5125
5 0.31875 0.4328125 0.3875 0.4328125 0.3875 0.5015625 0.31875 0.5015625
5 0.2375 0.53125 0.3140625 0.53125 0.3140625 0.60625 0.2375 0.60625
5 0.2328125 0.640625 0.309375 0.640625 0.309375 0.734375 0.2328125 0.734375
5 0.325 0.6328125 0.3921875 0.6328125 0.3921875 0.7234375 0.325 0.7234375
5 0.31875 0.7328125 0.3859375 0.7328125 0.3859375 0.8390625 0.31875 0.8390625