10 0.1421875 0.1484375 0.2484375 0.1484375 0.2484375 0.2484375 0.1421875 0.2484375
0 0.2640625 0.1640625 0.3390625 0.1640625 0.3390625 0.2453125 0.2640625 0.2453125
7 0.3609375 0.1578125 0.4375 0.1578125 0.4375 0.26875 0.3609375 0.26875
7 0.45 0.175 0.5234375 0.175 0.5234375 0.2734375 0.45 0.2734375
8 0.5421875 0.184375 0.60625 0.184375 0.60625 0.2671875 0.5421875 0.2671875
11 0.6140625 0.190625 0.684375 0.190625 0.684375 0.271875 0.6140625 0.271875
5 0.7015625 0.1796875 0.78125 0.1796875 0.78125 0.2703125 0.7015625 0.2703125
0 0.178125 0.2765625 0.25 0.2765625 0.25 0.346875 0.178125 0.346875
0 0.2703125 0.290625 0.3421875 0.290625 0.3421875 0.359375 0.2703125 0.359375
8 0.4421875 0.271875 0.5109375 0.271875 0.5109375 0.353125 0.4421875 0.353125
2 0.51875 0.2765625 0.5828125 0.2765625 0.5828125 0.3484375 0.51875 0.3484375
5 0.1625 0.3640625 0.246875 0.3640625 0.246875 0.434375 0.1625 0.434375
6 0.353125 0.371875 0.415625 0.371875 0.415625 0.434375 0.353125 0.434375
4 0.4359375 0.3515625 0.5 0.3515625 0.5 0.43125 0.4359375 0.43125
8 0.5296875 0.359375 0.59375 0.359375 0.59375 0.425 0.5296875 0.425
11 0.625 0.3703125 0.69375 0.3703125 0.69375 0.4359375 0.625 0.4359375
9 0.69375 0.38125 0.7453125 0.38125 0.7453125 0.4453125 0.69375 0.4453125
6 0.7796875 0.3765625 0.859375 0.3765625 0.859375 0.446875 0.7796875 0.446875
8 0.15625 0.44375 0.2359375 0.44375 0.2359375 0.5078125 0.15625 0.5078125
3 0.2640625 0.4484375 0.325 0.4484375 0.325 0.5046875 0.2640625 0.5046875
11 0.36875 0.459375 0.434375 0.459375 0.434375 0.51875 0.36875 0.51875
8 0.434375 0.440625 0.5046875 0.440625 0.5046875 0.50625 0.434375 0.50625
8 0.51875 0.4640625 0.5828125 0.4640625 0.5828125 0.5296875 0.51875 0.5296875
1 0.60625 0.465625 0.6859375 0.465625 0.6859375 0.534375 0.60625 0.534375
2 0.6984375 0.4625 0.76875 0.4625 0.76875 0.5296875 0.6984375 0.5296875
5 0.1578125 0.5421875 0.253125 0.5421875 0.253125 0.6109375 0.1578125 0.6109375
9 0.275 0.5390625 0.3359375 0.5390625 0.3359375 0.5953125 0.275 0.5953125
11 0.35 0.5390625 0.41875 0.5390625 0.41875 0.6 0.35 0.6
6 0.4515625 0.5578125 0.5078125 0.5578125 0.5078125 0.6203125 0.4515625 0.6203125
3 0.6203125 0.5515625 0.6765625 0.5515625 0.6765625 0.60625 0.6203125 0.60625
9 0.68125 0.5453125 0.7375 0.5453125 0.7375 0.60625 0.68125 0.60625
0 0.2359375 0.6328125 0.30625 0.6328125 0.30625 0.703125 0.2359375 0.703125
7 0.3421875 0.6375 0.4203125 0.6375 0.4203125 0.7234375 0.3421875 0.7234375
6 0.43125 0.6359375 0.4921875 0.6359375 0.4921875 0.696875 0.43125 0.696875
0 0.675 0.6421875 0.746875 0.6421875 0.746875 0.7109375 0.675 0.7109375
10 0.775 0.628125 0.8875 0.628125 0.8875 0.7171875 0.775 0.7171875
4 0.1078125 0.71875 0.2296875 0.71875 0.2296875 0.8140625 0.1078125 0.8140625
3 0.275 0.7171875 0.334375 0.7171875 0.334375 0.775 0.275 0.775
5 0.36875 0.7203125 0.4296875 0.7203125 0.4296875 0.79375 0.36875 0.79375
2 0.51875 0.7375 0.590625 0.7375 0.590625 0.83125 0.51875 0.83125
1 0.596875 0.7234375 0.68125 0.7234375 0.68125 0.8234375 0.596875 0.8234375
2 0.790625 0.7359375 0.8875 0.7359375 0.8875 0.8125 0.790625 0.8125
10 0.1421875 0.80625 0.24375 0.80625 0.24375 0.903125 0.1421875 0.903125
6 0.2453125 0.8125 0.3109375 0.8125 0.3109375 0.890625 0.2453125 0.890625
4 0.3359375 0.8171875 0.4109375 0.8171875 0.4109375 0.934375 0.3359375 0.934375
1 0.4359375 0.803125 0.50625 0.803125 0.50625 0.9140625 0.4359375 0.9140625
6 0.5296875 0.828125 0.5953125 0.828125 0.5953125 0.9140625 0.5296875 0.9140625
5 0.6109375 0.8203125 0.6765625 0.8203125 0.6765625 0.9015625 0.6109375 0.9015625
5 0.690625 0.8203125 0.771875 0.8203125 0.771875 0.9078125 0.690625 0.9078125