1 0.375 0.384375 0.4515625 0.384375 0.4515625 0.4734375 0.375 0.4734375
4 0.678125 0.7875 0.76875 0.7875 0.76875 0.9125 0.678125 0.9125
4 0.678125 0.684375 0.76875 0.684375 0.76875 0.79375 0.678125 0.79375
4 0.675 0.584375 0.771875 0.584375 0.771875 0.6875 0.675 0.6875
4 0.671875 0.4890625 0.76875 0.4890625 0.76875 0.5765625 0.671875 0.5765625
6 0.23125 0.784375 0.30625 0.784375 0.30625 0.8875 0.23125 0.8875
6 0.221875 0.5890625 0.296875 0.5890625 0.296875 0.66875 0.221875 0.66875
6 0.2234375 0.4828125 0.2953125 0.4828125 0.2953125 0.5703125 0.2234375 0.5703125
6 0.1390625 0.2953125 0.2234375 0.2953125 0.2234375 0.3796875 0.1390625 0.3796875
7 0.13125 0.7953125 0.228125 0.7953125 0.228125 0.9328125 0.13125 0.9328125
7 0.11875 0.6859375 0.225 0.6859375 0.225 0.8046875 0.11875 0.8046875
7 0.125 0.5890625 0.228125 0.5890625 0.228125 0.6921875 0.125 0.6921875
7 0.1234375 0.4796875 0.2296875 0.4796875 0.2296875 0.5765625 0.1234375 0.5765625
7 0.1234375 0.384375 0.2296875 0.384375 0.2296875 0.475 0.1234375 0.475
10 0.11875 0.1828125 0.2328125 0.1828125 0.2328125 0.2890625 0.11875 0.2890625
10 0.125 0.0640625 0.23125 0.0640625 0.23125 0.1796875 0.125 0.1796875
10 0.2125 0.0578125 0.3046875 0.0578125 0.3046875 0.1921875 0.2125 0.1921875
10 0.29375 0.053125 0.38125 0.053125 0.38125 0.1875 0.29375 0.1875
10 0.3765625 0.059375 0.4515625 0.059375 0.4515625 0.190625 0.3765625 0.190625
10 0.2125 0.384375 0.309375 0.384375 0.309375 0.475 0.2125 0.475
10 0.2109375 0.28125 0.3078125 0.28125 0.3078125 0.384375 0.2109375 0.384375