10 0.6265625 0.434375 0.71875 0.434375 0.71875 0.503125 0.6265625 0.503125
10 0.6265625 0.28125 0.7265625 0.28125 0.7265625 0.35 0.6265625 0.35
10 0.8203125 0.4359375 0.940625 0.4359375 0.940625 0.503125 0.8203125 0.503125
10 0.33125 0.4359375 0.425 0.4359375 0.425 0.5 0.33125 0.5
10 0.4390625 0.284375 0.5296875 0.284375 0.5296875 0.3625 0.4390625 0.3625
10 0.2140625 0.290625 0.334375 0.290625 0.334375 0.3578125 0.2140625 0.3578125
10 0.2234375 0.653125 0.33125 0.653125 0.33125 0.7453125 0.2234375 0.7453125
7 0.525 0.575 0.621875 0.575 0.621875 0.646875 0.525 0.646875
7 0.328125 0.5 0.43125 0.5 0.43125 0.571875 0.328125 0.571875
7 0.11875 0.4375 0.240625 0.4375 0.240625 0.50625 0.11875 0.50625
7 0.5328125 0.1203125 0.625 0.1203125 0.625 0.21875 0.5328125 0.21875
7 0.5234375 0.35625 0.621875 0.35625 0.621875 0.4390625 0.5234375 0.4390625
6 0.634375 0.659375 0.721875 0.659375 0.721875 0.7375 0.634375 0.7375
6 0.809375 0.203125 0.921875 0.203125 0.921875 0.2859375 0.809375 0.2859375
6 0.6328125 0.3609375 0.7125 0.3609375 0.7125 0.4265625 0.6328125 0.4265625
6 0.2328125 0.375 0.3296875 0.375 0.3296875 0.4390625 0.2328125 0.4390625
4 0.3265625 0.5703125 0.4296875 0.5703125 0.4296875 0.646875 0.3265625 0.646875
4 0.228125 0.5078125 0.334375 0.5078125 0.334375 0.5828125 0.228125 0.5828125
4 0.21875 0.1984375 0.3171875 0.1984375 0.3171875 0.2875 0.21875 0.2875
4 0.43125 0.2 0.5109375 0.2 0.5109375 0.29375 0.43125 0.29375
1 0.7140625 0.5625 0.8296875 0.5625 0.8296875 0.6515625 0.7140625 0.6515625