11 0.515625 0.4015625 0.575 0.4015625 0.575 0.4734375 0.515625 0.4734375
11 0.4390625 0.3 0.5015625 0.3 0.5015625 0.3796875 0.4390625 0.3796875
11 0.2078125 0.30625 0.275 0.30625 0.275 0.378125 0.2078125 0.378125
11 0.584375 0.7609375 0.6484375 0.7609375 0.6484375 0.8515625 0.584375 0.8515625
9 0.3828125 0.5875 0.4375 0.5875 0.4375 0.6484375 0.3828125 0.6484375
9 0.2421875 0.675 0.2859375 0.675 0.2859375 0.759375 0.2421875 0.759375
9 0.384375 0.7625 0.4359375 0.7625 0.4359375 0.8421875 0.384375 0.8421875
9 0.515625 0.5796875 0.5703125 0.5796875 0.5703125 0.6484375 0.515625 0.6484375
9 0.221875 0.3953125 0.28125 0.3953125 0.28125 0.471875 0.221875 0.471875
9 0.2875 0.103125 0.3453125 0.103125 0.3453125 0.190625 0.2875 0.190625
9 0.6421875 0.2171875 0.6953125 0.2171875 0.6953125 0.296875 0.6421875 0.296875
9 0.7 0.2171875 0.7578125 0.2171875 0.7578125 0.278125 0.7 0.278125
9 0.7015625 0.3078125 0.759375 0.3078125 0.759375 0.365625 0.7015625 0.365625
9 0.703125 0.575 0.7703125 0.575 0.7703125 0.6421875 0.703125 0.6421875
8 0.228125 0.771875 0.2953125 0.771875 0.2953125 0.8703125 0.228125 0.8703125
8 0.303125 0.771875 0.3609375 0.771875 0.3609375 0.8671875 0.303125 0.8671875
8 0.5796875 0.571875 0.6390625 0.571875 0.6390625 0.6546875 0.5796875 0.6546875
8 0.6375 0.659375 0.703125 0.659375 0.703125 0.759375 0.6375 0.759375
7 0.19375 0.065625 0.2875 0.065625 0.2875 0.203125 0.19375 0.203125
6 0.20625 0.2015625 0.2828125 0.2015625 0.2828125 0.29375 0.20625 0.29375
6 0.575 0.1078125 0.6484375 0.1078125 0.6484375 0.2015625 0.575 0.2015625
6 0.575 0.3015625 0.6296875 0.3015625 0.6296875 0.3859375 0.575 0.3859375
6 0.5109375 0.4984375 0.5703125 0.4984375 0.5703125 0.575 0.5109375 0.575
6 0.4421875 0.4921875 0.503125 0.4921875 0.503125 0.5671875 0.4421875 0.5671875
5 0.290625 0.1953125 0.3484375 0.1953125 0.3484375 0.28125 0.290625 0.28125
5 0.503125 0.1 0.5671875 0.1 0.5671875 0.1984375 0.503125 0.1984375
3 0.375 0.2953125 0.41875 0.2953125 0.41875 0.384375 0.375 0.384375
3 0.4375 0.3921875 0.4921875 0.3921875 0.4921875 0.4640625 0.4375 0.4640625
3 0.703125 0.5015625 0.7703125 0.5015625 0.7703125 0.5578125 0.703125 0.5578125
3 0.70625 0.6546875 0.7765625 0.6546875 0.7765625 0.728125 0.70625 0.728125
3 0.29375 0.6828125 0.3546875 0.6828125 0.3546875 0.7625 0.29375 0.7625
3 0.45 0.58125 0.50625 0.58125 0.50625 0.6546875 0.45 0.6546875
3 0.7 0.1234375 0.771875 0.1234375 0.771875 0.1984375 0.7 0.1984375
2 0.2296875 0.490625 0.29375 0.490625 0.29375 0.575 0.2296875 0.575
2 0.2203125 0.59375 0.2828125 0.59375 0.2828125 0.684375 0.2203125 0.684375
2 0.6953125 0.7421875 0.778125 0.7421875 0.778125 0.828125 0.6953125 0.828125
0 0.3640625 0.0796875 0.4359375 0.0796875 0.4359375 0.2046875 0.3640625 0.2046875
0 0.440625 0.09375 0.5015625 0.09375 0.5015625 0.215625 0.440625 0.215625
0 0.64375 0.0921875 0.715625 0.0921875 0.715625 0.20625 0.64375 0.20625
0 0.7046875 0.4046875 0.778125 0.4046875 0.778125 0.475 0.7046875 0.475
0 0.5140625 0.2984375 0.5671875 0.2984375 0.5671875 0.3796875 0.5140625 0.3796875
0 0.4421875 0.75 0.5 0.75 0.5 0.846875 0.4421875 0.846875
0 0.51875 0.75 0.571875 0.75 0.571875 0.8515625 0.51875 0.8515625