7 0.775 0.1140625 0.8765625 0.1140625 0.8765625 0.2296875 0.775 0.2296875
3 0.8046875 0.246875 0.8734375 0.246875 0.8734375 0.31875 0.8046875 0.31875
10 0.8140625 0.3296875 0.925 0.3296875 0.925 0.4171875 0.8140625 0.4171875
0 0.809375 0.4578125 0.8953125 0.4578125 0.8953125 0.528125 0.809375 0.528125
9 0.80625 0.5609375 0.8765625 0.5609375 0.8765625 0.6234375 0.80625 0.6234375
11 0.821875 0.6328125 0.90625 0.6328125 0.90625 0.715625 0.821875 0.715625
9 0.8203125 0.7375 0.8859375 0.7375 0.8859375 0.8015625 0.8203125 0.8015625
5 0.828125 0.81875 0.9171875 0.81875 0.9171875 0.915625 0.828125 0.915625
11 0.6828125 0.1359375 0.753125 0.1359375 0.753125 0.2265625 0.6828125 0.2265625
6 0.7046875 0.2640625 0.7765625 0.2640625 0.7765625 0.3390625 0.7046875 0.3390625
5 0.6890625 0.3671875 0.7640625 0.3671875 0.7640625 0.4390625 0.6890625 0.4390625
3 0.7125 0.45625 0.7796875 0.45625 0.7796875 0.5125 0.7125 0.5125
8 0.7109375 0.5265625 0.790625 0.5265625 0.790625 0.5921875 0.7109375 0.5921875
11 0.7125 0.6390625 0.7875 0.6390625 0.7875 0.7234375 0.7125 0.7234375
10 0.71875 0.73125 0.8078125 0.73125 0.8078125 0.840625 0.71875 0.840625
9 0.728125 0.8390625 0.796875 0.8390625 0.796875 0.9 0.728125 0.9
3 0.6015625 0.1703125 0.6609375 0.1703125 0.6609375 0.246875 0.6015625 0.246875
6 0.6125 0.284375 0.675 0.284375 0.675 0.3484375 0.6125 0.3484375
6 0.596875 0.3546875 0.65625 0.3546875 0.65625 0.4140625 0.596875 0.4140625
9 0.6015625 0.44375 0.6515625 0.44375 0.6515625 0.5 0.6015625 0.5
8 0.615625 0.5421875 0.6875 0.5421875 0.6875 0.6234375 0.615625 0.6234375
6 0.628125 0.6359375 0.690625 0.6359375 0.690625 0.7078125 0.628125 0.7078125
3 0.6328125 0.7328125 0.6890625 0.7328125 0.6890625 0.8015625 0.6328125 0.8015625
3 0.6359375 0.825 0.690625 0.825 0.690625 0.903125 0.6359375 0.903125
5 0.51875 0.1921875 0.578125 0.1921875 0.578125 0.2734375 0.51875 0.2734375
6 0.496875 0.275 0.55625 0.275 0.55625 0.340625 0.496875 0.340625
1 0.4984375 0.36875 0.575 0.36875 0.575 0.4453125 0.4984375 0.4453125
7 0.5109375 0.465625 0.5859375 0.465625 0.5859375 0.5421875 0.5109375 0.5421875
5 0.521875 0.5640625 0.590625 0.5640625 0.590625 0.6390625 0.521875 0.6390625
2 0.521875 0.6453125 0.5921875 0.6453125 0.5921875 0.73125 0.521875 0.73125
9 0.5359375 0.7390625 0.596875 0.7390625 0.596875 0.8046875 0.5359375 0.8046875
9 0.553125 0.84375 0.6125 0.84375 0.6125 0.91875 0.553125 0.91875
4 0.4109375 0.1375 0.4921875 0.1375 0.4921875 0.2515625 0.4109375 0.2515625
8 0.41875 0.278125 0.4859375 0.278125 0.4859375 0.35625 0.41875 0.35625
0 0.409375 0.3734375 0.478125 0.3734375 0.478125 0.4375 0.409375 0.4375
0 0.41875 0.4671875 0.4875 0.4671875 0.4875 0.5328125 0.41875 0.5328125
2 0.403125 0.5640625 0.4828125 0.5640625 0.4828125 0.634375 0.403125 0.634375
3 0.434375 0.66875 0.49375 0.66875 0.49375 0.7375 0.434375 0.7375
10 0.428125 0.734375 0.5203125 0.734375 0.5203125 0.8421875 0.428125 0.8421875
1 0.4328125 0.840625 0.528125 0.840625 0.528125 0.9515625 0.4328125 0.9515625
2 0.3296875 0.1640625 0.3953125 0.1640625 0.3953125 0.2640625 0.3296875 0.2640625
8 0.3171875 0.2921875 0.390625 0.2921875 0.390625 0.3671875 0.3171875 0.3671875
6 0.321875 0.384375 0.39375 0.384375 0.39375 0.446875 0.321875 0.446875
11 0.3078125 0.4609375 0.3921875 0.4609375 0.3921875 0.53125 0.3078125 0.53125
5 0.315625 0.553125 0.390625 0.553125 0.390625 0.628125 0.315625 0.628125
3 0.3421875 0.646875 0.409375 0.646875 0.409375 0.715625 0.3421875 0.715625
3 0.36875 0.7390625 0.4234375 0.7390625 0.4234375 0.8125 0.36875 0.8125
0 0.35 0.840625 0.4234375 0.840625 0.4234375 0.940625 0.35 0.940625
0 0.21875 0.203125 0.3 0.203125 0.3 0.278125 0.21875 0.278125
5 0.209375 0.296875 0.3015625 0.296875 0.3015625 0.365625 0.209375 0.365625
4 0.2015625 0.38125 0.3078125 0.38125 0.3078125 0.45625 0.2015625 0.45625
3 0.240625 0.4875 0.3046875 0.4875 0.3046875 0.5421875 0.240625 0.5421875
7 0.2078125 0.5640625 0.3171875 0.5640625 0.3171875 0.6546875 0.2078125 0.6546875
8 0.234375 0.6578125 0.3265625 0.6578125 0.3265625 0.7359375 0.234375 0.7359375
9 0.2453125 0.7515625 0.3171875 0.7515625 0.3171875 0.83125 0.2453125 0.83125
3 0.2546875 0.8375 0.3265625 0.8375 0.3265625 0.9125 0.2546875 0.9125
1 0.0625 0.165625 0.19375 0.165625 0.19375 0.2765625 0.0625 0.2765625
8 0.09375 0.2890625 0.19375 0.2890625 0.19375 0.3640625 0.09375 0.3640625
2 0.1109375 0.3859375 0.2015625 0.3859375 0.2015625 0.465625 0.1109375 0.465625
9 0.1359375 0.4828125 0.21875 0.4828125 0.21875 0.5484375 0.1359375 0.5484375
4 0.1140625 0.58125 0.2171875 0.58125 0.2171875 0.675 0.1140625 0.675
3 0.1640625 0.675 0.234375 0.675 0.234375 0.734375 0.1640625 0.734375
3 0.159375 0.753125 0.228125 0.753125 0.228125 0.8203125 0.159375 0.8203125
3 0.184375 0.853125 0.25 0.853125 0.25 0.934375 0.184375 0.934375