0 0.6140625 0.6 0.6921875 0.6 0.6921875 0.70625 0.6140625 0.70625
0 0.5515625 0.615625 0.609375 0.615625 0.609375 0.7109375 0.5515625 0.7109375
0 0.4625 0.53125 0.5265625 0.53125 0.5265625 0.6046875 0.4625 0.6046875
0 0.4625 0.4328125 0.5390625 0.4328125 0.5390625 0.4984375 0.4625 0.4984375
0 0.55 0.425 0.6078125 0.425 0.6078125 0.5046875 0.55 0.5046875
0 0.6328125 0.4171875 0.6984375 0.4171875 0.6984375 0.50625 0.6328125 0.50625
0 0.46875 0.6171875 0.53125 0.6171875 0.53125 0.703125 0.46875 0.703125
2 0.390625 0.7203125 0.453125 0.7203125 0.453125 0.8265625 0.390625 0.8265625
2 0.465625 0.7234375 0.5390625 0.7234375 0.5390625 0.834375 0.465625 0.834375
2 0.55625 0.6984375 0.6203125 0.6984375 0.6203125 0.8140625 0.55625 0.8140625
3 0.403125 0.6109375 0.465625 0.6109375 0.465625 0.696875 0.403125 0.696875
3 0.40625 0.5203125 0.4640625 0.5203125 0.4640625 0.5984375 0.40625 0.5984375
3 0.4078125 0.4171875 0.4640625 0.4171875 0.4640625 0.4984375 0.4078125 0.4984375
3 0.3984375 0.29375 0.4515625 0.29375 0.4515625 0.3734375 0.3984375 0.3734375
3 0.478125 0.3078125 0.55 0.3078125 0.55 0.396875 0.478125 0.396875
3 0.540625 0.3109375 0.6046875 0.3109375 0.6046875 0.4 0.540625 0.4
3 0.625 0.3140625 0.6828125 0.3140625 0.6828125 0.3984375 0.625 0.3984375
5 0.540625 0.51875 0.603125 0.51875 0.603125 0.6046875 0.540625 0.6046875
5 0.63125 0.525 0.7 0.525 0.7 0.60625 0.63125 0.60625