0 0.684375 0.684375 0.75 0.684375 0.75 0.78125 0.684375 0.78125
0 0.7546875 0.8 0.83125 0.8 0.83125 0.9109375 0.7546875 0.9109375
1 0.4171875 0.13125 0.4921875 0.13125 0.4921875 0.259375 0.4171875 0.259375
1 0.5078125 0.003125 0.5828125 0.003125 0.5828125 0.15 0.5078125 0.15
1 0.7609375 0.134375 0.8578125 0.134375 0.8578125 0.2578125 0.7609375 0.2578125
2 0.6703125 0.0125 0.7453125 0.0125 0.7453125 0.1328125 0.6703125 0.1328125
2 0.671875 0.475 0.7515625 0.475 0.7515625 0.5625 0.671875 0.5625
2 0.746875 0.5734375 0.84375 0.5734375 0.84375 0.6625 0.746875 0.6625
2 0.5921875 0.5875 0.66875 0.5875 0.66875 0.68125 0.5921875 0.68125
2 0.7625 0.371875 0.85 0.371875 0.85 0.4546875 0.7625 0.4546875
3 0.4359375 0.284375 0.503125 0.284375 0.503125 0.359375 0.4359375 0.359375
3 0.525 0.3796875 0.578125 0.3796875 0.578125 0.45 0.525 0.45
3 0.51875 0.5 0.575 0.5 0.575 0.571875 0.51875 0.571875
3 0.44375 0.5984375 0.5015625 0.5984375 0.5015625 0.6734375 0.44375 0.6734375
3 0.6015625 0.709375 0.6609375 0.709375 0.6609375 0.7921875 0.6015625 0.7921875
3 0.60625 0.2734375 0.6625 0.2734375 0.6625 0.35625 0.60625 0.35625
3 0.603125 0.1703125 0.6609375 0.1703125 0.6609375 0.253125 0.603125 0.253125
4 0.6796875 0.25625 0.7671875 0.25625 0.7671875 0.353125 0.6796875 0.353125
5 0.5125 0.265625 0.578125 0.265625 0.578125 0.3578125 0.5125 0.3578125
5 0.6 0.38125 0.665625 0.38125 0.665625 0.465625 0.6 0.465625