3 0.5046875 0.2328125 0.5578125 0.2328125 0.5578125 0.3171875 0.5046875 0.3171875
3 0.334375 0.2328125 0.3984375 0.2328125 0.3984375 0.321875 0.334375 0.321875
3 0.5765625 0.4140625 0.6421875 0.4140625 0.6421875 0.5 0.5765625 0.5
3 0.50625 0.5390625 0.565625 0.5390625 0.565625 0.6203125 0.50625 0.6203125
3 0.35 0.5484375 0.409375 0.5484375 0.409375 0.634375 0.35 0.634375
3 0.5140625 0.734375 0.571875 0.734375 0.571875 0.825 0.5140625 0.825
3 0.35 0.740625 0.41875 0.740625 0.41875 0.83125 0.35 0.83125
1 0.75 0.85 0.853125 0.85 0.853125 0.9890625 0.75 0.9890625
1 0.725 0.040625 0.81875 0.040625 0.81875 0.190625 0.725 0.190625
1 0.128125 0.0921875 0.246875 0.0921875 0.246875 0.2265625 0.128125 0.2265625
0 0.565625 0.209375 0.6359375 0.209375 0.6359375 0.321875 0.565625 0.321875
0 0.578125 0.734375 0.6484375 0.734375 0.6484375 0.8625 0.578125 0.8625
1 0.165625 0.8453125 0.26875 0.8453125 0.26875 0.9921875 0.165625 0.9921875
5 0.4140625 0.2078125 0.4828125 0.2078125 0.4828125 0.3203125 0.4140625 0.3203125
5 0.4375 0.746875 0.509375 0.746875 0.509375 0.8703125 0.4375 0.8703125
4 0.4171875 0.4296875 0.49375 0.4296875 0.49375 0.5328125 0.4171875 0.5328125
2 0.653125 0.190625 0.7140625 0.190625 0.7140625 0.3125 0.653125 0.3125
2 0.6671875 0.734375 0.73125 0.734375 0.73125 0.859375 0.6671875 0.859375
2 0.246875 0.2140625 0.325 0.2140625 0.325 0.334375 0.246875 0.334375
2 0.26875 0.7265625 0.3375 0.7265625 0.3375 0.8609375 0.26875 0.8609375