9 0.1 0.815625 0.175 0.815625 0.175 0.8875 0.1 0.8875
9 0.19375 0.8125 0.2625 0.8125 0.2625 0.8828125 0.19375 0.8828125
9 0.1984375 0.6140625 0.2671875 0.6140625 0.2671875 0.675 0.1984375 0.675
9 0.303125 0.709375 0.3625 0.709375 0.3625 0.771875 0.303125 0.771875
9 0.090625 0.2359375 0.165625 0.2359375 0.165625 0.3046875 0.090625 0.3046875
9 0.09375 0.1328125 0.16875 0.1328125 0.16875 0.2046875 0.09375 0.2046875
9 0.4140625 0.1375 0.4734375 0.1375 0.4734375 0.2140625 0.4140625 0.2140625
9 0.50625 0.1546875 0.5609375 0.1546875 0.5609375 0.2296875 0.50625 0.2296875
9 0.571875 0.3390625 0.63125 0.3390625 0.63125 0.4015625 0.571875 0.4015625
9 0.6828125 0.14375 0.7484375 0.14375 0.7484375 0.21875 0.6828125 0.21875
9 0.76875 0.1296875 0.8390625 0.1296875 0.8390625 0.203125 0.76875 0.203125
9 0.7953125 0.509375 0.8734375 0.509375 0.8734375 0.56875 0.7953125 0.56875
9 0.796875 0.8109375 0.875 0.8109375 0.875 0.8828125 0.796875 0.8828125
9 0.58125 0.8125 0.646875 0.8125 0.646875 0.8875 0.58125 0.8875
9 0.6109375 0.7203125 0.6734375 0.7203125 0.6734375 0.7859375 0.6109375 0.7859375
3 0.0953125 0.709375 0.1734375 0.709375 0.1734375 0.7734375 0.0953125 0.7734375
3 0.109375 0.628125 0.184375 0.628125 0.184375 0.6875 0.109375 0.6875
3 0.09375 0.53125 0.16875 0.53125 0.16875 0.5875 0.09375 0.5875
3 0.1046875 0.4359375 0.178125 0.4359375 0.178125 0.4921875 0.1046875 0.4921875
3 0.2078125 0.540625 0.275 0.540625 0.275 0.6015625 0.2078125 0.6015625
3 0.2140625 0.253125 0.278125 0.253125 0.278125 0.3171875 0.2140625 0.3171875
3 0.5078125 0.696875 0.565625 0.696875 0.565625 0.75625 0.5078125 0.75625
3 0.50625 0.240625 0.5609375 0.240625 0.5609375 0.3078125 0.50625 0.3078125
3 0.5734375 0.1375 0.628125 0.1375 0.628125 0.215625 0.5734375 0.215625
3 0.6921875 0.4390625 0.75625 0.4390625 0.75625 0.4953125 0.6921875 0.4953125
3 0.7734375 0.3359375 0.846875 0.3359375 0.846875 0.396875 0.7734375 0.396875
3 0.6859375 0.25 0.75 0.25 0.75 0.315625 0.6859375 0.315625
3 0.784375 0.721875 0.8625 0.721875 0.8625 0.7875 0.784375 0.7875
3 0.7921875 0.6171875 0.8640625 0.6171875 0.8640625 0.6734375 0.7921875 0.6734375
6 0.075 0.3328125 0.1671875 0.3328125 0.1671875 0.4078125 0.075 0.4078125
6 0.2953125 0.8109375 0.3703125 0.8109375 0.3703125 0.9015625 0.2953125 0.9015625
6 0.3921875 0.2328125 0.4578125 0.2328125 0.4578125 0.3171875 0.3921875 0.3171875
6 0.590625 0.6109375 0.659375 0.6109375 0.659375 0.6765625 0.590625 0.6765625
6 0.6890625 0.5125 0.7671875 0.5125 0.7671875 0.575 0.6890625 0.575
6 0.596875 0.2328125 0.665625 0.2328125 0.665625 0.31875 0.596875 0.31875
4 0.1828125 0.4296875 0.2890625 0.4296875 0.2890625 0.509375 0.1828125 0.509375
4 0.3875 0.40625 0.4640625 0.40625 0.4640625 0.490625 0.3875 0.490625
4 0.771875 0.203125 0.890625 0.203125 0.890625 0.315625 0.771875 0.315625
1 0.159375 0.3046875 0.271875 0.3046875 0.271875 0.403125 0.159375 0.403125
1 0.4953125 0.8015625 0.575 0.8015625 0.575 0.9203125 0.4953125 0.9203125
1 0.50625 0.4234375 0.58125 0.4234375 0.58125 0.5046875 0.50625 0.5046875
5 0.1890625 0.121875 0.275 0.121875 0.275 0.21875 0.1890625 0.21875
5 0.2921875 0.11875 0.3671875 0.11875 0.3671875 0.2171875 0.2921875 0.2171875
5 0.2921875 0.609375 0.36875 0.609375 0.36875 0.6796875 0.2921875 0.6796875
5 0.659375 0.325 0.7375 0.325 0.7375 0.4015625 0.659375 0.4015625
5 0.7828125 0.4 0.8765625 0.4 0.8765625 0.471875 0.7828125 0.471875
5 0.7 0.6109375 0.7859375 0.6109375 0.7859375 0.6796875 0.7 0.6796875
0 0.3015625 0.534375 0.3734375 0.534375 0.3734375 0.596875 0.3015625 0.596875
0 0.2953125 0.4171875 0.3671875 0.4171875 0.3671875 0.48125 0.2953125 0.48125
0 0.4 0.503125 0.459375 0.503125 0.459375 0.565625 0.4 0.565625
0 0.7109375 0.73125 0.7921875 0.73125 0.7921875 0.80625 0.7109375 0.80625
0 0.603125 0.5203125 0.671875 0.5203125 0.671875 0.58125 0.603125 0.58125
11 0.40625 0.703125 0.475 0.703125 0.475 0.784375 0.40625 0.784375
11 0.4921875 0.6 0.5578125 0.6 0.5578125 0.66875 0.4921875 0.66875
7 0.4078125 0.615625 0.484375 0.615625 0.484375 0.703125 0.4078125 0.703125
7 0.48125 0.5015625 0.5578125 0.5015625 0.5578125 0.5796875 0.48125 0.5796875
7 0.271875 0.3234375 0.3671875 0.3234375 0.3671875 0.41875 0.271875 0.41875
10 0.4703125 0.30625 0.5484375 0.30625 0.5484375 0.4078125 0.4703125 0.4078125
10 0.584375 0.421875 0.6734375 0.421875 0.6734375 0.503125 0.584375 0.503125
10 0.6796875 0.803125 0.7875 0.803125 0.7875 0.915625 0.6796875 0.915625