9 0.809375 0.559375 0.884375 0.559375 0.884375 0.59375 0.809375 0.59375
9 0.7390625 0.428125 0.7984375 0.428125 0.7984375 0.45625 0.7390625 0.45625
9 0.6359375 0.4203125 0.7015625 0.4203125 0.7015625 0.4515625 0.6359375 0.4515625
9 0.7140625 0.609375 0.78125 0.609375 0.78125 0.64375 0.7140625 0.64375
9 0.6125 0.559375 0.678125 0.559375 0.678125 0.5875 0.6125 0.5875
9 0.5109375 0.5546875 0.5765625 0.5546875 0.5765625 0.5890625 0.5109375 0.5890625
9 0.5265625 0.4328125 0.5859375 0.4328125 0.5859375 0.4609375 0.5265625 0.4609375
9 0.4359375 0.378125 0.50625 0.378125 0.50625 0.4125 0.4359375 0.4125
6 0.803125 0.6890625 0.88125 0.6890625 0.88125 0.7328125 0.803125 0.7328125
6 0.7984375 0.3703125 0.88125 0.3703125 0.88125 0.40625 0.7984375 0.40625
6 0.6171875 0.378125 0.7 0.378125 0.7 0.415625 0.6171875 0.415625
6 0.690625 0.646875 0.7734375 0.646875 0.7734375 0.6875 0.690625 0.6875
6 0.7 0.55 0.78125 0.55 0.78125 0.5875 0.7 0.5875
6 0.253125 0.5 0.3359375 0.5 0.3359375 0.534375 0.253125 0.534375
8 0.8046875 0.509375 0.8921875 0.509375 0.8921875 0.55 0.8046875 0.55
8 0.60625 0.503125 0.684375 0.503125 0.684375 0.5421875 0.60625 0.5421875
8 0.5265625 0.471875 0.60625 0.471875 0.60625 0.50625 0.5265625 0.50625
8 0.3171875 0.459375 0.40625 0.459375 0.40625 0.49375 0.3171875 0.49375
8 0.15 0.496875 0.24375 0.496875 0.24375 0.534375 0.15 0.534375
8 0.15625 0.4625 0.2453125 0.4625 0.2453125 0.496875 0.15625 0.496875
11 0.146875 0.36875 0.2375 0.36875 0.2375 0.4078125 0.146875 0.4078125
11 0.415625 0.55625 0.5 0.55625 0.5 0.5953125 0.415625 0.5953125
11 0.415625 0.5046875 0.5 0.5046875 0.5 0.5390625 0.415625 0.5390625
11 0.696875 0.5109375 0.775 0.5109375 0.775 0.5453125 0.696875 0.5453125
11 0.8171875 0.415625 0.8921875 0.415625 0.8921875 0.446875 0.8171875 0.446875
11 0.153125 0.55 0.246875 0.55 0.246875 0.584375 0.153125 0.584375
10 0.6 0.5890625 0.6890625 0.5890625 0.6890625 0.6328125 0.6 0.6328125
10 0.503125 0.5875 0.590625 0.5875 0.590625 0.63125 0.503125 0.63125
10 0.7 0.4625 0.7875 0.4625 0.7875 0.5015625 0.7 0.5015625
7 0.5921875 0.6375 0.6859375 0.6375 0.6859375 0.684375 0.5921875 0.684375
7 0.4921875 0.675 0.59375 0.675 0.59375 0.7234375 0.4921875 0.7234375
7 0.3078125 0.6203125 0.415625 0.6203125 0.415625 0.6640625 0.3078125 0.6640625
3 0.43125 0.6765625 0.496875 0.6765625 0.496875 0.7078125 0.43125 0.7078125
3 0.540625 0.3734375 0.603125 0.3734375 0.603125 0.4078125 0.540625 0.4078125
3 0.434375 0.43125 0.503125 0.43125 0.503125 0.459375 0.434375 0.459375
3 0.35625 0.375 0.421875 0.375 0.421875 0.403125 0.35625 0.403125
3 0.3484375 0.4296875 0.4109375 0.4296875 0.4109375 0.4578125 0.3484375 0.4578125
3 0.16875 0.4125 0.246875 0.4125 0.246875 0.44375 0.16875 0.44375
3 0.3265625 0.5125 0.3875 0.5125 0.3875 0.540625 0.3265625 0.540625
0 0.8234375 0.4640625 0.8953125 0.4640625 0.8953125 0.4984375 0.8234375 0.4984375
0 0.6171875 0.465625 0.6921875 0.465625 0.6921875 0.5 0.6171875 0.5
0 0.26875 0.546875 0.34375 0.546875 0.34375 0.58125 0.26875 0.58125
0 0.428125 0.4703125 0.50625 0.4703125 0.50625 0.5015625 0.428125 0.5015625
0 0.2421875 0.384375 0.3296875 0.384375 0.3296875 0.415625 0.2421875 0.415625
0 0.240625 0.590625 0.325 0.590625 0.325 0.628125 0.240625 0.628125
2 0.1546875 0.5875 0.2484375 0.5875 0.2484375 0.628125 0.1546875 0.628125
2 0.2328125 0.625 0.325 0.625 0.325 0.6640625 0.2328125 0.6640625
2 0.5140625 0.634375 0.5890625 0.634375 0.5890625 0.6734375 0.5140625 0.6734375
2 0.321875 0.671875 0.40625 0.671875 0.40625 0.7125 0.321875 0.7125
5 0.153125 0.625 0.2375 0.625 0.2375 0.665625 0.153125 0.665625
5 0.7015625 0.6875 0.784375 0.6875 0.784375 0.73125 0.7015625 0.73125
5 0.8140625 0.64375 0.8890625 0.64375 0.8890625 0.6828125 0.8140625 0.6828125
5 0.715625 0.375 0.796875 0.375 0.796875 0.4140625 0.715625 0.4140625
5 0.53125 0.50625 0.60625 0.50625 0.60625 0.54375 0.53125 0.54375
5 0.3265625 0.546875 0.4015625 0.546875 0.4015625 0.5875 0.3265625 0.5875
5 0.2375 0.4234375 0.325 0.4234375 0.325 0.4578125 0.2375 0.4578125
5 0.2421875 0.465625 0.3265625 0.465625 0.3265625 0.496875 0.2421875 0.496875
4 0.815625 0.5984375 0.8953125 0.5984375 0.8953125 0.64375 0.815625 0.64375
4 0.590625 0.684375 0.6765625 0.684375 0.6765625 0.73125 0.590625 0.73125
1 0.1234375 0.6734375 0.2390625 0.6734375 0.2390625 0.71875 0.1234375 0.71875
1 0.221875 0.665625 0.328125 0.665625 0.328125 0.709375 0.221875 0.709375
1 0.4 0.6390625 0.503125 0.6390625 0.503125 0.6828125 0.4 0.6828125
4 0.303125 0.59375 0.409375 0.59375 0.409375 0.6296875 0.303125 0.6296875