6 0.7421875 0.6875 0.825 0.6875 0.825 0.9625 0.7421875 0.9625
3 0.621875 0.6984375 0.684375 0.6984375 0.684375 0.8890625 0.621875 0.8890625
3 0.534375 0.715625 0.5921875 0.715625 0.5921875 0.9 0.534375 0.9
3 0.434375 0.6921875 0.4921875 0.6921875 0.4921875 0.8796875 0.434375 0.8796875
3 0.74375 0.484375 0.821875 0.484375 0.821875 0.66875 0.74375 0.66875
3 0.509375 0.30625 0.5703125 0.30625 0.5703125 0.484375 0.509375 0.484375
0 0.5203125 0.50625 0.5875 0.50625 0.5875 0.771875 0.5203125 0.771875
9 0.6328125 0.2484375 0.703125 0.2484375 0.703125 0.44375 0.6328125 0.44375
9 0.315625 0.671875 0.39375 0.671875 0.39375 0.8671875 0.315625 0.8671875
5 0.521875 0.009375 0.6015625 0.009375 0.6015625 0.2234375 0.521875 0.2234375
11 0.6234375 0.4890625 0.70625 0.4890625 0.70625 0.7296875 0.6234375 0.7296875
3 0.509375 0.30625 0.5703125 0.30625 0.5703125 0.484375 0.509375 0.484375
9 0.63125 0.2453125 0.703125 0.2453125 0.703125 0.4453125 0.63125 0.4453125
9 0.33125 0.6703125 0.390625 0.6703125 0.390625 0.8578125 0.33125 0.8578125
6 0.74375 0.6890625 0.828125 0.6890625 0.828125 0.9640625 0.74375 0.9640625
5 0.521875 0.0109375 0.6046875 0.0109375 0.6046875 0.2328125 0.521875 0.2328125
11 0.6234375 0.4859375 0.70625 0.4859375 0.70625 0.7296875 0.6234375 0.7296875
0 0.51875 0.50625 0.5875 0.50625 0.5875 0.771875 0.51875 0.771875
1 0.40625 0.471875 0.5 0.471875 0.5 0.796875 0.40625 0.796875