3 0.3078125 0.0828125 0.3625 0.0828125 0.3625 0.1765625 0.3078125 0.1765625
3 0.39375 0.2109375 0.4390625 0.2109375 0.4390625 0.2859375 0.39375 0.2859375
3 0.6859375 0.21875 0.74375 0.21875 0.74375 0.29375 0.6859375 0.29375
3 0.7625 0.23125 0.8328125 0.23125 0.8328125 0.3109375 0.7625 0.3109375
3 0.7609375 0.44375 0.8265625 0.44375 0.8265625 0.50625 0.7609375 0.50625
3 0.7640625 0.5421875 0.8390625 0.5421875 0.8390625 0.609375 0.7640625 0.609375
3 0.765625 0.625 0.840625 0.625 0.840625 0.696875 0.765625 0.696875
3 0.7515625 0.7390625 0.8171875 0.7390625 0.8171875 0.821875 0.7515625 0.821875
3 0.6859375 0.8421875 0.753125 0.8421875 0.753125 0.9390625 0.6859375 0.9390625
3 0.6140625 0.8234375 0.6734375 0.8234375 0.6734375 0.925 0.6140625 0.925
3 0.365625 0.8328125 0.43125 0.8328125 0.43125 0.921875 0.365625 0.921875
3 0.215625 0.8359375 0.2765625 0.8359375 0.2765625 0.915625 0.215625 0.915625
3 0.2171875 0.71875 0.278125 0.71875 0.278125 0.7890625 0.2171875 0.7890625
3 0.221875 0.421875 0.2796875 0.421875 0.2796875 0.4890625 0.221875 0.4890625
3 0.2265625 0.303125 0.2875 0.303125 0.2875 0.375 0.2265625 0.375
4 0.2796875 0.809375 0.3640625 0.809375 0.3640625 0.9484375 0.2796875 0.9484375
8 0.4609375 0.0921875 0.528125 0.0921875 0.528125 0.1984375 0.4609375 0.1984375
8 0.3671875 0.71875 0.4375 0.71875 0.4375 0.8109375 0.3671875 0.8109375
5 0.6125 0.2171875 0.6828125 0.2171875 0.6828125 0.3109375 0.6125 0.3109375
5 0.2046875 0.5046875 0.3 0.5046875 0.3 0.5921875 0.2046875 0.5921875
2 0.1921875 0.60625 0.2828125 0.60625 0.2828125 0.703125 0.1921875 0.703125
2 0.7625 0.83125 0.853125 0.83125 0.853125 0.9375 0.7625 0.9375
2 0.7625 0.3140625 0.85625 0.3140625 0.85625 0.396875 0.7625 0.396875
2 0.2921875 0.30625 0.36875 0.30625 0.36875 0.4 0.2921875 0.4