10 0.69375 0.28125 0.7890625 0.28125 0.7890625 0.353125 0.69375 0.353125
10 0.6078125 0.6890625 0.6921875 0.6890625 0.6921875 0.775 0.6078125 0.775
10 0.4328125 0.684375 0.5125 0.684375 0.5125 0.775 0.4328125 0.775
10 0.509375 0.5546875 0.584375 0.5546875 0.584375 0.6203125 0.509375 0.6203125
10 0.4265625 0.5671875 0.496875 0.5671875 0.496875 0.6296875 0.4265625 0.6296875
10 0.1265625 0.4265625 0.225 0.4265625 0.225 0.4828125 0.1265625 0.4828125
10 0.509375 0.275 0.584375 0.275 0.584375 0.3421875 0.509375 0.3421875
9 0.60625 0.421875 0.6671875 0.421875 0.6671875 0.465625 0.60625 0.465625
9 0.521875 0.490625 0.58125 0.490625 0.58125 0.5328125 0.521875 0.5328125
9 0.5140625 0.428125 0.575 0.428125 0.575 0.4703125 0.5140625 0.4703125
9 0.4375 0.4421875 0.496875 0.4421875 0.496875 0.4828125 0.4375 0.4828125
9 0.434375 0.365625 0.4890625 0.365625 0.4890625 0.4125 0.434375 0.4125
9 0.35625 0.43125 0.4109375 0.43125 0.4109375 0.4796875 0.35625 0.4796875
9 0.353125 0.496875 0.409375 0.496875 0.409375 0.546875 0.353125 0.546875
9 0.259375 0.5046875 0.3203125 0.5046875 0.3203125 0.5484375 0.259375 0.5484375
9 0.7890625 0.68125 0.853125 0.68125 0.853125 0.7328125 0.7890625 0.7328125
9 0.2546875 0.43125 0.321875 0.43125 0.321875 0.4796875 0.2546875 0.4796875
9 0.2484375 0.3734375 0.3140625 0.3734375 0.3140625 0.4140625 0.2484375 0.4140625
7 0.7734375 0.5546875 0.8796875 0.5546875 0.8796875 0.6203125 0.7734375 0.6203125
7 0.775 0.74375 0.884375 0.74375 0.884375 0.8328125 0.775 0.8328125
7 0.603125 0.490625 0.690625 0.490625 0.690625 0.5453125 0.603125 0.5453125
7 0.121875 0.5625 0.23125 0.5625 0.23125 0.628125 0.121875 0.628125
7 0.3328125 0.28125 0.4078125 0.28125 0.4078125 0.3515625 0.3328125 0.3515625
6 0.7921875 0.4390625 0.8765625 0.4390625 0.8765625 0.484375 0.7921875 0.484375
6 0.78125 0.621875 0.8625 0.621875 0.8625 0.6671875 0.78125 0.6671875
6 0.5296875 0.75625 0.590625 0.75625 0.590625 0.825 0.5296875 0.825
6 0.3296875 0.365625 0.3890625 0.365625 0.3890625 0.4125 0.3296875 0.4125
4 0.43125 0.4921875 0.496875 0.4921875 0.496875 0.546875 0.43125 0.546875
4 0.33125 0.6828125 0.4140625 0.6828125 0.4140625 0.76875 0.33125 0.76875
4 0.5140625 0.3625 0.5828125 0.3625 0.5828125 0.41875 0.5140625 0.41875
4 0.7796875 0.3640625 0.89375 0.3640625 0.89375 0.421875 0.7796875 0.421875
1 0.1140625 0.2796875 0.2171875 0.2796875 0.2171875 0.3453125 0.1140625 0.3453125