8 0.0828125 0.1140625 0.1828125 0.1140625 0.1828125 0.2078125 0.0828125 0.2078125
8 0.196875 0.1234375 0.29375 0.1234375 0.29375 0.2078125 0.196875 0.2078125
8 0.60625 0.3125 0.690625 0.3125 0.690625 0.3875 0.60625 0.3875
8 0.5984375 0.4140625 0.678125 0.4140625 0.678125 0.484375 0.5984375 0.484375
8 0.80625 0.715625 0.9078125 0.715625 0.9078125 0.803125 0.80625 0.803125
8 0.7015625 0.7890625 0.790625 0.7890625 0.790625 0.878125 0.7015625 0.878125
9 0.3046875 0.140625 0.3625 0.140625 0.3625 0.2078125 0.3046875 0.2078125
10 0.4015625 0.096875 0.48125 0.096875 0.48125 0.2109375 0.4015625 0.2109375
10 0.4078125 0.5078125 0.484375 0.5078125 0.484375 0.590625 0.4078125 0.590625
10 0.790625 0.7890625 0.909375 0.7890625 0.909375 0.9171875 0.790625 0.9171875
0 0.525 0.1265625 0.590625 0.1265625 0.590625 0.2109375 0.525 0.2109375
0 0.50625 0.33125 0.56875 0.33125 0.56875 0.39375 0.50625 0.39375
0 0.690625 0.11875 0.7703125 0.11875 0.7703125 0.203125 0.690625 0.203125
0 0.809375 0.2171875 0.8984375 0.2171875 0.8984375 0.2921875 0.809375 0.2921875
0 0.1140625 0.63125 0.203125 0.63125 0.203125 0.7078125 0.1140625 0.7078125
2 0.60625 0.109375 0.68125 0.109375 0.68125 0.2078125 0.60625 0.2078125
2 0.8125 0.434375 0.915625 0.434375 0.915625 0.5046875 0.8125 0.5046875
2 0.6015625 0.5171875 0.671875 0.5171875 0.671875 0.5921875 0.6015625 0.5921875
2 0.4109375 0.6140625 0.4828125 0.6140625 0.4828125 0.6890625 0.4109375 0.6890625
4 0.7875 0.0734375 0.9109375 0.0734375 0.9109375 0.1921875 0.7875 0.1921875
4 0.5015625 0.6125 0.5765625 0.6125 0.5765625 0.709375 0.5015625 0.709375
4 0.0515625 0.334375 0.1796875 0.334375 0.1796875 0.4140625 0.0515625 0.4140625
6 0.090625 0.2328125 0.184375 0.2328125 0.184375 0.3078125 0.090625 0.3078125
6 0.3109375 0.325 0.3828125 0.325 0.3828125 0.3890625 0.3109375 0.3890625
6 0.796875 0.340625 0.890625 0.340625 0.890625 0.4078125 0.796875 0.4078125
6 0.8015625 0.51875 0.890625 0.51875 0.890625 0.5890625 0.8015625 0.5890625
3 0.2171875 0.2625 0.2875 0.2625 0.2875 0.3203125 0.2171875 0.3203125
3 0.528125 0.4421875 0.584375 0.4421875 0.584375 0.5 0.528125 0.5
11 0.4234375 0.33125 0.490625 0.33125 0.490625 0.403125 0.4234375 0.403125
11 0.425 0.4296875 0.490625 0.4296875 0.490625 0.4953125 0.425 0.4953125
11 0.425 0.7953125 0.490625 0.7953125 0.490625 0.89375 0.425 0.89375
1 0.0765625 0.4390625 0.2015625 0.4390625 0.2015625 0.515625 0.0765625 0.515625
1 0.3171875 0.61875 0.40625 0.61875 0.40625 0.7203125 0.3171875 0.7203125
1 0.10625 0.7078125 0.2265625 0.7078125 0.2265625 0.8234375 0.10625 0.8234375
7 0.3109375 0.421875 0.4046875 0.421875 0.4046875 0.5015625 0.3109375 0.5015625
7 0.509375 0.515625 0.584375 0.515625 0.584375 0.6015625 0.509375 0.6015625
7 0.51875 0.8015625 0.5984375 0.8015625 0.5984375 0.934375 0.51875 0.934375
5 0.1046875 0.5390625 0.2015625 0.5390625 0.2015625 0.609375 0.1046875 0.609375
5 0.2125 0.51875 0.2953125 0.51875 0.2953125 0.5890625 0.2125 0.5890625
5 0.2375 0.796875 0.3140625 0.796875 0.3140625 0.89375 0.2375 0.89375
5 0.3265625 0.7953125 0.4015625 0.7953125 0.4015625 0.8890625 0.3265625 0.8890625
5 0.615625 0.60625 0.690625 0.60625 0.690625 0.6890625 0.615625 0.6890625
5 0.821875 0.621875 0.9203125 0.621875 0.9203125 0.7046875 0.821875 0.7046875
6 0.61875 0.7984375 0.690625 0.7984375 0.690625 0.8953125 0.61875 0.8953125
6 0.1265625 0.7953125 0.21875 0.7953125 0.21875 0.8921875 0.1265625 0.8921875
11 0.3375 0.525 0.409375 0.525 0.409375 0.5953125 0.3375 0.5953125