5 0.1984375 0.625 0.29375 0.625 0.29375 0.6953125 0.1984375 0.6953125
5 0.3140625 0.6265625 0.4 0.6265625 0.4 0.7 0.3140625 0.7
5 0.4375 0.621875 0.51875 0.621875 0.51875 0.7046875 0.4375 0.7046875
5 0.646875 0.6328125 0.7421875 0.6328125 0.7421875 0.703125 0.646875 0.703125
5 0.75625 0.634375 0.8546875 0.634375 0.8546875 0.7140625 0.75625 0.7140625
5 0.653125 0.7265625 0.75 0.7265625 0.75 0.8078125 0.653125 0.8078125
5 0.534375 0.709375 0.621875 0.709375 0.621875 0.803125 0.534375 0.803125
5 0.4375 0.715625 0.51875 0.715625 0.51875 0.7921875 0.4375 0.7921875
5 0.3234375 0.7171875 0.4078125 0.7171875 0.4078125 0.8 0.3234375 0.8
5 0.209375 0.7140625 0.3078125 0.7140625 0.3078125 0.790625 0.209375 0.790625
5 0.0796875 0.7125 0.2 0.7125 0.2 0.8015625 0.0796875 0.8015625