8 0.54375 0.41875 0.578125 0.41875 0.578125 0.4953125 0.54375 0.4953125
6 0.4375 0.41875 0.46875 0.41875 0.46875 0.490625 0.4375 0.490625
5 0.3328125 0.5265625 0.371875 0.5265625 0.371875 0.603125 0.3328125 0.603125
5 0.3375 0.728125 0.3734375 0.728125 0.3734375 0.81875 0.3375 0.81875
5 0.390625 0.840625 0.425 0.840625 0.425 0.9375 0.390625 0.9375
5 0.48125 0.753125 0.515625 0.753125 0.515625 0.84375 0.48125 0.84375
11 0.584375 0.74375 0.621875 0.74375 0.621875 0.8328125 0.584375 0.8328125
0 0.54375 0.840625 0.571875 0.840625 0.571875 0.93125 0.54375 0.93125
11 0.678125 0.7546875 0.721875 0.7546875 0.721875 0.846875 0.678125 0.846875
0 0.6375 0.43125 0.675 0.43125 0.675 0.50625 0.6375 0.50625
8 0.33125 0.315625 0.365625 0.315625 0.365625 0.4 0.33125 0.4