6 0.8125 0.4390625 0.903125 0.4390625 0.903125 0.4921875 0.8125 0.4921875
6 0.8125 0.578125 0.909375 0.578125 0.909375 0.6359375 0.8125 0.6359375
6 0.8296875 0.7140625 0.934375 0.7140625 0.934375 0.7859375 0.8296875 0.7859375
6 0.44375 0.5734375 0.5203125 0.5734375 0.5203125 0.6390625 0.44375 0.6390625
4 0.6265625 0.5265625 0.7171875 0.5265625 0.7171875 0.5890625 0.6265625 0.5890625
4 0.3234375 0.5078125 0.4046875 0.5078125 0.4046875 0.5734375 0.3234375 0.5734375
4 0.225 0.5125 0.31875 0.5125 0.31875 0.571875 0.225 0.571875
4 0.334375 0.203125 0.4140625 0.203125 0.4140625 0.2875 0.334375 0.2875
7 0.821875 0.5125 0.93125 0.5125 0.93125 0.578125 0.821875 0.578125
7 0.2234375 0.1921875 0.321875 0.1921875 0.321875 0.2765625 0.2234375 0.2765625
7 0.4328125 0.1953125 0.5109375 0.1953125 0.5109375 0.2828125 0.4328125 0.2828125
7 0.6265625 0.20625 0.7140625 0.20625 0.7140625 0.28125 0.6265625 0.28125
7 0.71875 0.2046875 0.828125 0.2046875 0.828125 0.2890625 0.71875 0.2890625
1 0.4265625 0.515625 0.51875 0.515625 0.51875 0.571875 0.4265625 0.571875
10 0.834375 0.203125 0.9546875 0.203125 0.9546875 0.290625 0.834375 0.290625
10 0.5296875 0.5015625 0.603125 0.5015625 0.603125 0.578125 0.5296875 0.578125
10 0.728125 0.503125 0.821875 0.503125 0.821875 0.5734375 0.728125 0.5734375
10 0.1296875 0.7125 0.2375 0.7125 0.2375 0.8109375 0.1296875 0.8109375
10 0.11875 0.5109375 0.21875 0.5109375 0.21875 0.5734375 0.11875 0.5734375
10 0.0984375 0.203125 0.2171875 0.203125 0.2171875 0.28125 0.0984375 0.28125
10 0.5328125 0.2 0.6140625 0.2 0.6140625 0.284375 0.5328125 0.284375
9 0.8390625 0.3046875 0.903125 0.3046875 0.903125 0.35625 0.8390625 0.35625
9 0.828125 0.378125 0.9 0.378125 0.9 0.4265625 0.828125 0.4265625
9 0.821875 0.6421875 0.9078125 0.6421875 0.9078125 0.690625 0.821875 0.690625
9 0.4421875 0.4421875 0.5109375 0.4421875 0.5109375 0.4953125 0.4421875 0.4953125
9 0.4484375 0.3734375 0.51875 0.3734375 0.51875 0.4265625 0.4484375 0.4265625
9 0.4453125 0.3046875 0.5046875 0.3046875 0.5046875 0.3515625 0.4453125 0.3515625
9 0.128125 0.296875 0.2203125 0.296875 0.2203125 0.3609375 0.128125 0.3609375
9 0.1390625 0.3625 0.2234375 0.3625 0.2234375 0.4140625 0.1390625 0.4140625
9 0.14375 0.434375 0.2328125 0.434375 0.2328125 0.490625 0.14375 0.490625
9 0.146875 0.5921875 0.2359375 0.5921875 0.2359375 0.64375 0.146875 0.64375
9 0.1625 0.65625 0.2359375 0.65625 0.2359375 0.71875 0.1625 0.71875