5 0.003125 0.1125 0.115625 0.1125 0.115625 0.20625 0.003125 0.20625
5 0.121875 0.0984375 0.221875 0.0984375 0.221875 0.1953125 0.121875 0.1953125
2 0.3328125 0.090625 0.415625 0.090625 0.415625 0.1859375 0.3328125 0.1859375
0 0.5640625 0.1140625 0.64375 0.1140625 0.64375 0.196875 0.5640625 0.196875
1 0.6484375 0.0640625 0.734375 0.0640625 0.734375 0.1796875 0.6484375 0.1796875
8 0.7546875 0.090625 0.8515625 0.090625 0.8515625 0.190625 0.7546875 0.190625
10 0.0203125 0.2203125 0.14375 0.2203125 0.14375 0.3125 0.0203125 0.3125
11 0.140625 0.234375 0.2375 0.234375 0.2375 0.3125 0.140625 0.3125
0 0.25625 0.209375 0.340625 0.209375 0.340625 0.290625 0.25625 0.290625
1 0.45625 0.1953125 0.5359375 0.1953125 0.5359375 0.296875 0.45625 0.296875
2 0.115625 0.3390625 0.2234375 0.3390625 0.2234375 0.421875 0.115625 0.421875
8 0.2421875 0.321875 0.33125 0.321875 0.33125 0.40625 0.2421875 0.40625
4 0.4671875 0.3203125 0.5484375 0.3203125 0.5484375 0.4015625 0.4671875 0.4015625
3 0.5765625 0.3171875 0.6359375 0.3171875 0.6359375 0.390625 0.5765625 0.390625
6 0.76875 0.303125 0.8609375 0.303125 0.8609375 0.3828125 0.76875 0.3828125
10 0.0234375 0.434375 0.1546875 0.434375 0.1546875 0.5203125 0.0234375 0.5203125
5 0.275 0.425 0.35 0.425 0.35 0.49375 0.275 0.49375
0 0.3671875 0.4375 0.4296875 0.4375 0.4296875 0.50625 0.3671875 0.50625
8 0.4703125 0.4203125 0.55 0.4203125 0.55 0.5 0.4703125 0.5
5 0.5671875 0.415625 0.646875 0.415625 0.646875 0.4921875 0.5671875 0.4921875
10 0.6453125 0.4 0.75625 0.4 0.75625 0.4921875 0.6453125 0.4921875
6 0.7609375 0.4078125 0.8578125 0.4078125 0.8578125 0.478125 0.7609375 0.478125
8 0.0546875 0.5546875 0.1484375 0.5546875 0.1484375 0.6390625 0.0546875 0.6390625
4 0.14375 0.5484375 0.246875 0.5484375 0.246875 0.64375 0.14375 0.64375
6 0.2890625 0.5296875 0.3640625 0.5296875 0.3640625 0.609375 0.2890625 0.609375
11 0.3890625 0.5078125 0.459375 0.5078125 0.459375 0.58125 0.3890625 0.58125
7 0.4765625 0.521875 0.5625 0.521875 0.5625 0.621875 0.4765625 0.621875
6 0.6453125 0.5140625 0.7296875 0.5140625 0.7296875 0.5890625 0.6453125 0.5890625
6 0.171875 0.6515625 0.2625 0.6515625 0.2625 0.7375 0.171875 0.7375
7 0.284375 0.6125 0.3671875 0.6125 0.3671875 0.7171875 0.284375 0.7171875
2 0.3703125 0.625 0.4390625 0.625 0.4390625 0.71875 0.3703125 0.71875
11 0.484375 0.625 0.559375 0.625 0.559375 0.715625 0.484375 0.715625
3 0.5765625 0.6234375 0.6453125 0.6234375 0.6453125 0.6890625 0.5765625 0.6890625
0 0.6578125 0.6046875 0.74375 0.6046875 0.74375 0.6859375 0.6578125 0.6859375
8 0.7578125 0.5875 0.8484375 0.5875 0.8484375 0.68125 0.7578125 0.68125
4 0.1609375 0.734375 0.2640625 0.734375 0.2640625 0.8515625 0.1609375 0.8515625
8 0.3875 0.7171875 0.4703125 0.7171875 0.4703125 0.8109375 0.3875 0.8109375
9 0.590625 0.70625 0.659375 0.70625 0.659375 0.7828125 0.590625 0.7828125
1 0.665625 0.6921875 0.7734375 0.6921875 0.7734375 0.81875 0.665625 0.81875
5 0.08125 0.8421875 0.18125 0.8421875 0.18125 0.95 0.08125 0.95
5 0.209375 0.8375 0.2890625 0.8375 0.2890625 0.93125 0.209375 0.93125
7 0.278125 0.8390625 0.359375 0.8390625 0.359375 0.978125 0.278125 0.978125
0 0.3953125 0.8125 0.459375 0.8125 0.459375 0.9203125 0.3953125 0.9203125
6 0.484375 0.8171875 0.5609375 0.8171875 0.5609375 0.928125 0.484375 0.928125
11 0.5765625 0.796875 0.6625 0.796875 0.6625 0.9 0.5765625 0.9
2 0.7625 0.796875 0.8609375 0.796875 0.8609375 0.8921875 0.7625 0.8921875