11 0.7515625 0.80625 0.8359375 0.80625 0.8359375 0.909375 0.7515625 0.909375
11 0.609375 0.81875 0.6765625 0.81875 0.6765625 0.928125 0.609375 0.928125
11 0.525 0.7203125 0.5875 0.7203125 0.5875 0.8171875 0.525 0.8171875
11 0.196875 0.6296875 0.284375 0.6296875 0.284375 0.7234375 0.196875 0.7234375
11 0.596875 0.415625 0.6625 0.415625 0.6625 0.4953125 0.596875 0.4953125
11 0.6890625 0.2921875 0.7640625 0.2921875 0.7640625 0.371875 0.6890625 0.371875
11 0.7625 0.284375 0.84375 0.284375 0.84375 0.36875 0.7625 0.36875
11 0.35 0.3171875 0.421875 0.3171875 0.421875 0.4046875 0.35 0.4046875
11 0.19375 0.5296875 0.271875 0.5296875 0.271875 0.6140625 0.19375 0.6140625
11 0.5125 0.0609375 0.5828125 0.0609375 0.5828125 0.1671875 0.5125 0.1671875
11 0.18125 0.0890625 0.265625 0.0890625 0.265625 0.196875 0.18125 0.196875
5 0.68125 0.81875 0.753125 0.81875 0.753125 0.9265625 0.68125 0.9265625
5 0.6828125 0.63125 0.7625 0.63125 0.7625 0.715625 0.6828125 0.715625
5 0.5171875 0.6234375 0.5828125 0.6234375 0.5828125 0.715625 0.5171875 0.715625
5 0.4375 0.603125 0.496875 0.603125 0.496875 0.70625 0.4375 0.70625
5 0.290625 0.7296875 0.365625 0.7296875 0.365625 0.8359375 0.290625 0.8359375
5 0.4421875 0.39375 0.5046875 0.39375 0.5046875 0.48125 0.4421875 0.48125
5 0.2921875 0.421875 0.3640625 0.421875 0.3640625 0.50625 0.2921875 0.50625
5 0.44375 0.1953125 0.509375 0.1953125 0.509375 0.2890625 0.44375 0.2890625
5 0.5984375 0.1859375 0.66875 0.1859375 0.66875 0.2796875 0.5984375 0.2796875
5 0.7546875 0.0578125 0.8421875 0.0578125 0.8421875 0.1734375 0.7546875 0.1734375
5 0.265625 0.0859375 0.346875 0.0859375 0.346875 0.1921875 0.265625 0.1921875