1 0.1609375 0.4875 0.2484375 0.4875 0.2484375 0.590625 0.1609375 0.590625
4 0.6171875 0.0484375 0.7078125 0.0484375 0.7078125 0.19375 0.6171875 0.19375
4 0.490625 0.7765625 0.5578125 0.7765625 0.5578125 0.8921875 0.490625 0.8921875
4 0.334375 0.778125 0.403125 0.778125 0.403125 0.90625 0.334375 0.90625
4 0.25625 0.153125 0.328125 0.153125 0.328125 0.278125 0.25625 0.278125
6 0.7015625 0.0828125 0.7796875 0.0828125 0.7796875 0.184375 0.7015625 0.184375
6 0.4078125 0.4890625 0.4765625 0.4890625 0.4765625 0.5734375 0.4078125 0.5734375
6 0.259375 0.3828125 0.328125 0.3828125 0.328125 0.4703125 0.259375 0.4703125
6 0.171875 0.3890625 0.25 0.3890625 0.25 0.4734375 0.171875 0.4734375
10 0.3296875 0.28125 0.3953125 0.28125 0.3953125 0.3859375 0.3296875 0.3859375
10 0.3375 0.1671875 0.409375 0.1671875 0.409375 0.290625 0.3375 0.290625
10 0.703125 0.759375 0.8015625 0.759375 0.8015625 0.8671875 0.703125 0.8671875
10 0.4203125 0.78125 0.4796875 0.78125 0.4796875 0.9125 0.4203125 0.9125
10 0.484375 0.675 0.5578125 0.675 0.5578125 0.778125 0.484375 0.778125
10 0.409375 0.0578125 0.4703125 0.0578125 0.4703125 0.1890625 0.409375 0.1890625
10 0.3328125 0.053125 0.4 0.053125 0.4 0.1875 0.3328125 0.1875
9 0.703125 0.2875 0.7625 0.2875 0.7625 0.36875 0.703125 0.36875
9 0.6234375 0.196875 0.6828125 0.196875 0.6828125 0.278125 0.6234375 0.278125
9 0.5625 0.290625 0.609375 0.290625 0.609375 0.375 0.5625 0.375
9 0.4875 0.3984375 0.5390625 0.3984375 0.5390625 0.4671875 0.4875 0.4671875
9 0.628125 0.49375 0.6921875 0.49375 0.6921875 0.5640625 0.628125 0.5640625
9 0.6359375 0.5828125 0.6921875 0.5828125 0.6921875 0.6578125 0.6359375 0.6578125
9 0.6359375 0.7765625 0.696875 0.7765625 0.696875 0.85625 0.6359375 0.85625
9 0.275 0.5921875 0.325 0.5921875 0.325 0.6703125 0.275 0.6703125
9 0.271875 0.49375 0.33125 0.49375 0.33125 0.5671875 0.271875 0.5671875
9 0.2640625 0.296875 0.321875 0.296875 0.321875 0.371875 0.2640625 0.371875
9 0.1890625 0.81875 0.2546875 0.81875 0.2546875 0.903125 0.1890625 0.903125
7 0.6265625 0.6734375 0.7125 0.6734375 0.7125 0.771875 0.6265625 0.771875
7 0.3375 0.4890625 0.396875 0.4890625 0.396875 0.5828125 0.3375 0.5828125
7 0.48125 0.2765625 0.55 0.2765625 0.55 0.3828125 0.48125 0.3828125
7 0.1625 0.0484375 0.246875 0.0484375 0.246875 0.184375 0.1625 0.184375
7 0.1640625 0.68125 0.259375 0.68125 0.259375 0.796875 0.1640625 0.796875