10 0.1125 0.5875 0.2265625 0.5875 0.2265625 0.6484375 0.1125 0.6484375
10 0.2171875 0.590625 0.3109375 0.590625 0.3109375 0.65625 0.2171875 0.65625
10 0.1125 0.665625 0.2234375 0.665625 0.2234375 0.7390625 0.1125 0.7390625
10 0.2 0.4546875 0.303125 0.4546875 0.303125 0.5125 0.2 0.5125
10 0.69375 0.659375 0.79375 0.659375 0.79375 0.73125 0.69375 0.73125
10 0.69375 0.58125 0.7890625 0.58125 0.7890625 0.64375 0.69375 0.64375
10 0.790625 0.5140625 0.89375 0.5140625 0.89375 0.5703125 0.790625 0.5703125
9 0.34375 0.53125 0.403125 0.53125 0.403125 0.5765625 0.34375 0.5765625
9 0.315625 0.453125 0.378125 0.453125 0.378125 0.4953125 0.315625 0.4953125
9 0.421875 0.4640625 0.478125 0.4640625 0.478125 0.5046875 0.421875 0.5046875
9 0.6 0.4625 0.65625 0.4625 0.65625 0.50625 0.6 0.50625
9 0.70625 0.3859375 0.765625 0.3859375 0.765625 0.4359375 0.70625 0.4359375
9 0.696875 0.3171875 0.7625 0.3171875 0.7625 0.3703125 0.696875 0.3703125
9 0.678125 0.1734375 0.7390625 0.1734375 0.7390625 0.234375 0.678125 0.234375
9 0.5078125 0.315625 0.5625 0.315625 0.5625 0.365625 0.5078125 0.365625
9 0.51875 0.5875 0.575 0.5875 0.575 0.6359375 0.51875 0.6359375
9 0.25 0.51875 0.309375 0.51875 0.309375 0.56875 0.25 0.56875
9 0.1328125 0.2640625 0.2 0.2640625 0.2 0.3125 0.1328125 0.3125
7 0.1015625 0.45625 0.2109375 0.45625 0.2109375 0.5109375 0.1015625 0.5109375
7 0.321875 0.665625 0.4046875 0.665625 0.4046875 0.7390625 0.321875 0.7390625
7 0.6015625 0.51875 0.6828125 0.51875 0.6828125 0.571875 0.6015625 0.571875
7 0.20625 0.3828125 0.3078125 0.3828125 0.3078125 0.4421875 0.20625 0.4421875
7 0.1109375 0.3109375 0.2203125 0.3109375 0.2203125 0.3796875 0.1109375 0.3796875
6 0.61875 0.5875 0.6828125 0.5875 0.6828125 0.634375 0.61875 0.634375
6 0.69375 0.525 0.7640625 0.525 0.7640625 0.56875 0.69375 0.56875
6 0.784375 0.378125 0.8625 0.378125 0.8625 0.4296875 0.784375 0.4296875
6 0.796875 0.59375 0.871875 0.59375 0.871875 0.64375 0.796875 0.64375
4 0.415625 0.221875 0.4890625 0.221875 0.4890625 0.30625 0.415625 0.30625
4 0.3015625 0.3 0.3921875 0.3 0.3921875 0.371875 0.3015625 0.371875
4 0.20625 0.2296875 0.3046875 0.2296875 0.3046875 0.3015625 0.20625 0.3015625
4 0.3125 0.2234375 0.3984375 0.2234375 0.3984375 0.296875 0.3125 0.296875
1 0.3046875 0.1484375 0.390625 0.1484375 0.390625 0.2296875 0.3046875 0.2296875