10 0.11875 0.41875 0.221875 0.41875 0.221875 0.5 0.11875 0.5
10 0.215625 0.415625 0.3140625 0.415625 0.3140625 0.4953125 0.215625 0.4953125
10 0.4046875 0.1421875 0.4921875 0.1421875 0.4921875 0.246875 0.4046875 0.246875
10 0.5015625 0.1359375 0.575 0.1359375 0.575 0.24375 0.5015625 0.24375
10 0.671875 0.1234375 0.76875 0.1234375 0.76875 0.2390625 0.671875 0.2390625
10 0.759375 0.325 0.8484375 0.325 0.8484375 0.4140625 0.759375 0.4140625
10 0.13125 0.13125 0.2375 0.13125 0.2375 0.24375 0.13125 0.24375
10 0.4125 0.4203125 0.496875 0.4203125 0.496875 0.5015625 0.4125 0.5015625
10 0.584375 0.4109375 0.6765625 0.4109375 0.6765625 0.5046875 0.584375 0.5046875
7 0.2265625 0.125 0.3234375 0.125 0.3234375 0.2515625 0.2265625 0.2515625
7 0.496875 0.3234375 0.5796875 0.3234375 0.5796875 0.4171875 0.496875 0.4171875
7 0.4109375 0.5875 0.4984375 0.5875 0.4984375 0.6875 0.4109375 0.6875
7 0.11875 0.690625 0.2375 0.690625 0.2375 0.7859375 0.11875 0.7859375
7 0.584375 0.5984375 0.678125 0.5984375 0.678125 0.68125 0.584375 0.68125
7 0.496875 0.5015625 0.5921875 0.5015625 0.5921875 0.5921875 0.496875 0.5921875
7 0.2171875 0.3265625 0.321875 0.3265625 0.321875 0.4109375 0.2171875 0.4109375
7 0.584375 0.221875 0.6625 0.221875 0.6625 0.3296875 0.584375 0.3296875
4 0.7609375 0.4234375 0.8671875 0.4234375 0.8671875 0.4984375 0.7609375 0.4984375
4 0.7703125 0.5953125 0.884375 0.5953125 0.884375 0.6703125 0.7703125 0.6703125
4 0.115625 0.7859375 0.2375 0.7859375 0.2375 0.8890625 0.115625 0.8890625
4 0.225 0.603125 0.3234375 0.603125 0.3234375 0.6796875 0.225 0.6796875
4 0.325 0.315625 0.4125 0.315625 0.4125 0.403125 0.325 0.403125
4 0.1203125 0.23125 0.240625 0.23125 0.240625 0.33125 0.1203125 0.33125
1 0.325 0.5140625 0.415625 0.5140625 0.415625 0.59375 0.325 0.59375
1 0.6765625 0.5078125 0.775 0.5078125 0.775 0.584375 0.6765625 0.584375
1 0.590625 0.7734375 0.6984375 0.7734375 0.6984375 0.8828125 0.590625 0.8828125
1 0.759375 0.684375 0.88125 0.684375 0.88125 0.7734375 0.759375 0.7734375
1 0.315625 0.684375 0.40625 0.684375 0.40625 0.784375 0.315625 0.784375
1 0.1171875 0.51875 0.234375 0.51875 0.234375 0.590625 0.1171875 0.590625
1 0.75625 0.11875 0.8671875 0.11875 0.8671875 0.240625 0.75625 0.240625
1 0.1109375 0.6 0.23125 0.6 0.23125 0.684375 0.1109375 0.684375