3 0.3234375 0.3859375 0.3875 0.3859375 0.3875 0.4359375 0.3234375 0.4359375
3 0.3125 0.2953125 0.384375 0.2953125 0.384375 0.353125 0.3125 0.353125
3 0.4234375 0.44375 0.478125 0.44375 0.478125 0.49375 0.4234375 0.49375
3 0.434375 0.5125 0.49375 0.5125 0.49375 0.5625 0.434375 0.5625
3 0.5359375 0.5171875 0.5953125 0.5171875 0.5953125 0.5671875 0.5359375 0.5671875
3 0.6296875 0.4515625 0.6921875 0.4515625 0.6921875 0.5015625 0.6296875 0.5015625
3 0.63125 0.5875 0.6984375 0.5875 0.6984375 0.6375 0.63125 0.6375
3 0.334375 0.6 0.403125 0.6 0.403125 0.6484375 0.334375 0.6484375
3 0.33125 0.515625 0.3953125 0.515625 0.3953125 0.565625 0.33125 0.565625
3 0.321875 0.459375 0.384375 0.459375 0.384375 0.50625 0.321875 0.50625
3 0.328125 0.6625 0.3953125 0.6625 0.3953125 0.71875 0.328125 0.71875
3 0.328125 0.7328125 0.403125 0.7328125 0.403125 0.7890625 0.328125 0.7890625
3 0.2203125 0.5953125 0.2921875 0.5953125 0.2921875 0.65 0.2203125 0.65
3 0.2203125 0.4515625 0.290625 0.4515625 0.290625 0.5046875 0.2203125 0.5046875
3 0.128125 0.521875 0.2046875 0.521875 0.2046875 0.5703125 0.128125 0.5703125
2 0.8203125 0.515625 0.921875 0.515625 0.921875 0.5734375 0.8203125 0.5734375
2 0.8171875 0.3640625 0.9296875 0.3640625 0.9296875 0.428125 0.8171875 0.428125
2 0.8125 0.66875 0.9234375 0.66875 0.9234375 0.728125 0.8125 0.728125
2 0.8078125 0.7421875 0.91875 0.7421875 0.91875 0.8171875 0.8078125 0.8171875
5 0.7203125 0.596875 0.8015625 0.596875 0.8015625 0.6640625 0.7203125 0.6640625
5 0.721875 0.4484375 0.8078125 0.4484375 0.8078125 0.503125 0.721875 0.503125
8 0.8171875 0.4421875 0.9296875 0.4421875 0.9296875 0.5015625 0.8171875 0.5015625
8 0.8125 0.59375 0.91875 0.59375 0.91875 0.653125 0.8125 0.653125
4 0.6171875 0.51875 0.6984375 0.51875 0.6984375 0.584375 0.6171875 0.584375