3 0.7296875 0.728125 0.7921875 0.728125 0.7921875 0.8125 0.7296875 0.8125
3 0.7375 0.840625 0.80625 0.840625 0.80625 0.91875 0.7375 0.91875
3 0.646875 0.8546875 0.715625 0.8546875 0.715625 0.9421875 0.646875 0.9421875
3 0.646875 0.540625 0.709375 0.540625 0.709375 0.603125 0.646875 0.603125
3 0.65625 0.3375 0.709375 0.3375 0.709375 0.4 0.65625 0.4
3 0.653125 0.234375 0.709375 0.234375 0.709375 0.3 0.653125 0.3
3 0.175 0.209375 0.24375 0.209375 0.24375 0.2859375 0.175 0.2859375
1 0.3375 0.6203125 0.403125 0.6203125 0.403125 0.71875 0.3375 0.71875
1 0.428125 0.7328125 0.4875 0.7328125 0.4875 0.865625 0.428125 0.865625
1 0.5 0.309375 0.565625 0.309375 0.565625 0.4015625 0.5 0.4015625
1 0.50625 0.525 0.5640625 0.525 0.5640625 0.603125 0.50625 0.603125
2 0.421875 0.528125 0.484375 0.528125 0.484375 0.609375 0.421875 0.609375
2 0.16875 0.5296875 0.246875 0.5296875 0.246875 0.609375 0.16875 0.609375
2 0.346875 0.321875 0.40625 0.321875 0.40625 0.40625 0.346875 0.40625
2 0.5046875 0.63125 0.565625 0.63125 0.565625 0.7125 0.5046875 0.7125
6 0.35 0.440625 0.403125 0.440625 0.403125 0.509375 0.35 0.509375
6 0.4203125 0.6390625 0.4734375 0.6390625 0.4734375 0.709375 0.4203125 0.709375
6 0.7296875 0.0984375 0.80625 0.0984375 0.80625 0.196875 0.7296875 0.196875
6 0.171875 0.071875 0.253125 0.071875 0.253125 0.1875 0.171875 0.1875
9 0.4375 0.2234375 0.4875 0.2234375 0.4875 0.29375 0.4375 0.29375
9 0.275 0.209375 0.33125 0.209375 0.33125 0.290625 0.275 0.290625
9 0.728125 0.4265625 0.784375 0.4265625 0.784375 0.4890625 0.728125 0.4890625
9 0.734375 0.634375 0.79375 0.634375 0.79375 0.696875 0.734375 0.696875
11 0.4234375 0.315625 0.4765625 0.315625 0.4765625 0.4 0.4234375 0.4
11 0.165625 0.296875 0.2453125 0.296875 0.2453125 0.390625 0.165625 0.390625
11 0.7328125 0.228125 0.815625 0.228125 0.815625 0.3109375 0.7328125 0.3109375
0 0.1703125 0.8375 0.2453125 0.8375 0.2453125 0.940625 0.1703125 0.940625
0 0.5828125 0.43125 0.65 0.43125 0.65 0.5015625 0.5828125 0.5015625
5 0.65625 0.728125 0.73125 0.728125 0.73125 0.8265625 0.65625 0.8265625
5 0.58125 0.090625 0.65 0.090625 0.65 0.190625 0.58125 0.190625
8 0.34375 0.5390625 0.403125 0.5390625 0.403125 0.6140625 0.34375 0.6140625
8 0.5046875 0.428125 0.565625 0.428125 0.565625 0.503125 0.5046875 0.503125
4 0.575 0.2 0.65 0.2 0.65 0.309375 0.575 0.309375
10 0.425 0.41875 0.490625 0.41875 0.490625 0.503125 0.425 0.503125