3 0.0828125 0.690625 0.1765625 0.690625 0.1765625 0.759375 0.0828125 0.759375
3 0.2015625 0.7796875 0.284375 0.7796875 0.284375 0.85625 0.2015625 0.85625
3 0.5140625 0.771875 0.584375 0.771875 0.584375 0.8578125 0.5140625 0.8578125
3 0.8328125 0.5421875 0.9265625 0.5421875 0.9265625 0.596875 0.8328125 0.596875
3 0.61875 0.5375 0.6921875 0.5375 0.6921875 0.59375 0.61875 0.59375
3 0.51875 0.546875 0.590625 0.546875 0.590625 0.590625 0.51875 0.590625
3 0.4078125 0.5390625 0.4828125 0.5390625 0.4828125 0.5953125 0.4078125 0.5953125
3 0.41875 0.4640625 0.490625 0.4640625 0.490625 0.5109375 0.41875 0.5109375
3 0.5171875 0.4640625 0.5859375 0.4640625 0.5859375 0.509375 0.5171875 0.509375
3 0.7078125 0.215625 0.7859375 0.215625 0.7859375 0.284375 0.7078125 0.284375
3 0.6140625 0.3015625 0.6921875 0.3015625 0.6921875 0.3640625 0.6140625 0.3640625
3 0.4125 0.30625 0.478125 0.30625 0.478125 0.36875 0.4125 0.36875
3 0.209375 0.3046875 0.29375 0.3046875 0.29375 0.3625 0.209375 0.3625
3 0.184375 0.20625 0.265625 0.20625 0.265625 0.275 0.184375 0.275
3 0.425 0.6921875 0.4921875 0.6921875 0.4921875 0.75 0.425 0.75
4 0.7140625 0.453125 0.840625 0.453125 0.840625 0.53125 0.7140625 0.53125
5 0.50625 0.2921875 0.58125 0.2921875 0.58125 0.3671875 0.50625 0.3671875
5 0.0671875 0.5296875 0.184375 0.5296875 0.184375 0.6015625 0.0671875 0.6015625
8 0.3078125 0.2046875 0.4046875 0.2046875 0.4046875 0.290625 0.3078125 0.290625
8 0.2859375 0.678125 0.3984375 0.678125 0.3984375 0.753125 0.2859375 0.753125
2 0.1671875 0.375 0.2859375 0.375 0.2859375 0.4421875 0.1671875 0.4421875
2 0.178125 0.45625 0.2953125 0.45625 0.2953125 0.5203125 0.178125 0.5203125
2 0.3109375 0.540625 0.3953125 0.540625 0.3953125 0.615625 0.3109375 0.615625
2 0.70625 0.61875 0.80625 0.61875 0.80625 0.68125 0.70625 0.68125