11 0.51875 0.3734375 0.5875 0.3734375 0.5875 0.4578125 0.51875 0.4578125
11 0.5234375 0.4703125 0.5984375 0.4703125 0.5984375 0.5546875 0.5234375 0.5546875
11 0.6 0.746875 0.671875 0.746875 0.671875 0.8390625 0.6 0.8390625
11 0.371875 0.2640625 0.434375 0.2640625 0.434375 0.365625 0.371875 0.365625
9 0.721875 0.1984375 0.790625 0.1984375 0.790625 0.2734375 0.721875 0.2734375
9 0.6640625 0.1953125 0.7203125 0.1953125 0.7203125 0.265625 0.6640625 0.265625
9 0.66875 0.3796875 0.725 0.3796875 0.725 0.446875 0.66875 0.446875
9 0.721875 0.3828125 0.790625 0.3828125 0.790625 0.4453125 0.721875 0.4453125
9 0.6 0.5828125 0.659375 0.5828125 0.659375 0.64375 0.6 0.64375
9 0.6578125 0.571875 0.725 0.571875 0.725 0.634375 0.6578125 0.634375
9 0.725 0.559375 0.79375 0.559375 0.79375 0.646875 0.725 0.646875
9 0.45625 0.6640625 0.521875 0.6640625 0.521875 0.7390625 0.45625 0.7390625
9 0.3921875 0.56875 0.4484375 0.56875 0.4484375 0.6546875 0.3921875 0.6546875
9 0.38125 0.384375 0.440625 0.384375 0.440625 0.4625 0.38125 0.4625
9 0.453125 0.165625 0.50625 0.165625 0.50625 0.25 0.453125 0.25
8 0.5921875 0.6421875 0.6671875 0.6421875 0.6671875 0.7453125 0.5921875 0.7453125
8 0.521875 0.653125 0.590625 0.653125 0.590625 0.7390625 0.521875 0.7390625
8 0.3765625 0.7453125 0.446875 0.7453125 0.446875 0.84375 0.3765625 0.84375
8 0.453125 0.378125 0.5234375 0.378125 0.5234375 0.465625 0.453125 0.465625
7 0.6671875 0.7453125 0.7546875 0.7453125 0.7546875 0.8640625 0.6671875 0.8640625
6 0.5984375 0.4671875 0.66875 0.4671875 0.66875 0.5421875 0.5984375 0.5421875
6 0.5328125 0.16875 0.5890625 0.16875 0.5890625 0.265625 0.5328125 0.265625
6 0.6 0.0796875 0.68125 0.0796875 0.68125 0.178125 0.6 0.178125
6 0.375 0.4625 0.4375 0.4625 0.4375 0.55 0.375 0.55
6 0.6578125 0.2796875 0.740625 0.2796875 0.740625 0.3640625 0.6578125 0.3640625
5 0.5203125 0.071875 0.590625 0.071875 0.590625 0.175 0.5203125 0.175
5 0.4640625 0.2796875 0.5265625 0.2796875 0.5265625 0.36875 0.4640625 0.36875
3 0.7234375 0.6484375 0.79375 0.6484375 0.79375 0.7203125 0.7234375 0.7203125
3 0.66875 0.65 0.725 0.65 0.725 0.728125 0.66875 0.728125
3 0.453125 0.571875 0.51875 0.571875 0.51875 0.646875 0.453125 0.646875
3 0.3796875 0.6625 0.4390625 0.6625 0.4390625 0.746875 0.3796875 0.746875
3 0.4609375 0.478125 0.5125 0.478125 0.5125 0.540625 0.4609375 0.540625
3 0.5921875 0.3828125 0.65 0.3828125 0.65 0.4578125 0.5921875 0.4578125
3 0.7328125 0.103125 0.803125 0.103125 0.803125 0.190625 0.7328125 0.190625
2 0.715625 0.7390625 0.7984375 0.7390625 0.7984375 0.8421875 0.715625 0.8421875
2 0.3015625 0.55625 0.3625 0.55625 0.3625 0.6484375 0.3015625 0.6484375
2 0.5875 0.2796875 0.65 0.2796875 0.65 0.3765625 0.5875 0.3765625
0 0.528125 0.7453125 0.5890625 0.7453125 0.5890625 0.8515625 0.528125 0.8515625
0 0.59375 0.1671875 0.66875 0.1671875 0.66875 0.2640625 0.59375 0.2640625
0 0.38125 0.05 0.4390625 0.05 0.4390625 0.16875 0.38125 0.16875
0 0.453125 0.05625 0.5140625 0.05625 0.5140625 0.171875 0.453125 0.171875
0 0.66875 0.0671875 0.740625 0.0671875 0.740625 0.1828125 0.66875 0.1828125
0 0.725 0.278125 0.815625 0.278125 0.815625 0.3640625 0.725 0.3640625
0 0.5296875 0.5765625 0.5921875 0.5765625 0.5921875 0.6609375 0.5296875 0.6609375