5 0.60625 0.54375 0.7203125 0.54375 0.7203125 0.5875 0.60625 0.5875
5 0.496875 0.6578125 0.6125 0.6578125 0.6125 0.7046875 0.496875 0.7046875
6 0.3796875 0.709375 0.4984375 0.709375 0.4984375 0.7546875 0.3796875 0.7546875
3 0.0671875 0.7015625 0.1671875 0.7015625 0.1671875 0.7359375 0.0671875 0.7359375
9 0.0703125 0.6453125 0.1703125 0.6453125 0.1703125 0.6796875 0.0703125 0.6796875
9 0.0796875 0.6 0.175 0.6 0.175 0.6375 0.0796875 0.6375
3 0.0765625 0.546875 0.1640625 0.546875 0.1640625 0.58125 0.0765625 0.58125
3 0.059375 0.434375 0.15625 0.434375 0.15625 0.4734375 0.059375 0.4734375
9 0.0765625 0.490625 0.15625 0.490625 0.15625 0.521875 0.0765625 0.521875
9 0.06875 0.3890625 0.1671875 0.3890625 0.1671875 0.4203125 0.06875 0.4203125
3 0.0734375 0.3390625 0.1671875 0.3390625 0.1671875 0.3703125 0.0734375 0.3703125
3 0.1703125 0.3296875 0.2625 0.3296875 0.2625 0.365625 0.1703125 0.365625
3 0.16875 0.39375 0.2625 0.39375 0.2625 0.425 0.16875 0.425
1 0.1046875 0.434375 0.275 0.434375 0.275 0.475 0.1046875 0.475
7 0.1078125 0.4875 0.2734375 0.4875 0.2734375 0.5296875 0.1078125 0.5296875
4 0.109375 0.5875 0.271875 0.5875 0.271875 0.6328125 0.109375 0.6328125
10 0.109375 0.5375 0.2796875 0.5375 0.2796875 0.5796875 0.109375 0.5796875
9 0.171875 0.703125 0.2671875 0.703125 0.2671875 0.7375 0.171875 0.7375
9 0.178125 0.653125 0.2734375 0.653125 0.2734375 0.6875 0.178125 0.6875
6 0.2578125 0.6484375 0.378125 0.6484375 0.378125 0.6921875 0.2578125 0.6921875
0 0.2625 0.59375 0.38125 0.59375 0.38125 0.6375 0.2625 0.6375
0 0.371875 0.434375 0.4875 0.434375 0.4875 0.4703125 0.371875 0.4703125
9 0.3859375 0.3234375 0.4875 0.3234375 0.4875 0.3609375 0.3859375 0.3609375
9 0.390625 0.546875 0.4828125 0.546875 0.4828125 0.58125 0.390625 0.58125
3 0.2625 0.4875 0.359375 0.4875 0.359375 0.5203125 0.2625 0.5203125
3 0.396875 0.603125 0.4875 0.603125 0.4875 0.6375 0.396875 0.6375