3 0.4265625 0.4 0.4796875 0.4 0.4796875 0.45 0.4265625 0.45
1 0.54375 0.4171875 0.6234375 0.4171875 0.6234375 0.4921875 0.54375 0.4921875
5 0.4484375 0.3015625 0.509375 0.3015625 0.509375 0.3734375 0.4484375 0.3734375
5 0.5546875 0.3125 0.61875 0.3125 0.61875 0.3875 0.5546875 0.3875
5 0.7421875 0.7234375 0.834375 0.7234375 0.834375 0.8140625 0.7421875 0.8140625
5 0.4359375 0.7203125 0.5015625 0.7203125 0.5015625 0.809375 0.4359375 0.809375
5 0.6203125 0.8390625 0.6984375 0.8390625 0.6984375 0.9375 0.6203125 0.9375
1 0.325 0.609375 0.4140625 0.609375 0.4140625 0.7015625 0.325 0.7015625
0 0.109375 0.609375 0.2 0.609375 0.2 0.68125 0.109375 0.68125
5 0.846875 0.1828125 0.946875 0.1828125 0.946875 0.26875 0.846875 0.26875
2 0.8484375 0.303125 0.9546875 0.303125 0.9546875 0.3734375 0.8484375 0.3734375
1 0.7390625 0.2921875 0.8484375 0.2921875 0.8484375 0.384375 0.7390625 0.384375
3 0.734375 0.20625 0.7984375 0.20625 0.7984375 0.2734375 0.734375 0.2734375
3 0.5234375 0.2078125 0.5765625 0.2078125 0.5765625 0.2734375 0.5234375 0.2734375
3 0.4390625 0.109375 0.4953125 0.109375 0.4953125 0.184375 0.4390625 0.184375
3 0.740625 0.528125 0.80625 0.528125 0.80625 0.5875 0.740625 0.5875
3 0.240625 0.2078125 0.30625 0.2078125 0.30625 0.2703125 0.240625 0.2703125
3 0.31875 0.2015625 0.375 0.2015625 0.375 0.26875 0.31875 0.26875
3 0.534375 0.728125 0.590625 0.728125 0.590625 0.79375 0.534375 0.79375
3 0.8453125 0.6046875 0.9203125 0.6046875 0.9203125 0.6625 0.8453125 0.6625
0 0.1078125 0.721875 0.1984375 0.721875 0.1984375 0.803125 0.1078125 0.803125
4 0.20625 0.7125 0.315625 0.7125 0.315625 0.8265625 0.20625 0.8265625
4 0.440625 0.5234375 0.5171875 0.5234375 0.5171875 0.603125 0.440625 0.603125
6 0.3625 0.7046875 0.4296875 0.7046875 0.4296875 0.784375 0.3625 0.784375
9 0.234375 0.5078125 0.3015625 0.5078125 0.3015625 0.5609375 0.234375 0.5609375
9 0.1234375 0.403125 0.1953125 0.403125 0.1953125 0.4609375 0.1234375 0.4609375
8 0.4625 0.6109375 0.53125 0.6109375 0.53125 0.6890625 0.4625 0.6890625
8 0.1046875 0.521875 0.20625 0.521875 0.20625 0.6 0.1046875 0.6
7 0.3046875 0.5125 0.3953125 0.5125 0.3953125 0.590625 0.3046875 0.590625
11 0.2140625 0.6265625 0.2984375 0.6265625 0.2984375 0.7046875 0.2140625 0.7046875
10 0.54375 0.6109375 0.6234375 0.6109375 0.6234375 0.7046875 0.54375 0.7046875
11 0.3125 0.421875 0.3859375 0.421875 0.3859375 0.484375 0.3125 0.484375
7 0.5375 0.521875 0.6125 0.521875 0.6125 0.5953125 0.5375 0.5953125
0 0.2171875 0.41875 0.296875 0.41875 0.296875 0.48125 0.2171875 0.48125
10 0.0671875 0.8140625 0.19375 0.8140625 0.19375 0.940625 0.0671875 0.940625
11 0.3203125 0.834375 0.3953125 0.834375 0.3953125 0.9328125 0.3203125 0.9328125
9 0.5296875 0.8265625 0.5875 0.8265625 0.5875 0.9015625 0.5296875 0.9015625
6 0.63125 0.60625 0.7 0.60625 0.7 0.6796875 0.63125 0.6796875
6 0.6234375 0.515625 0.690625 0.515625 0.690625 0.578125 0.6234375 0.578125
9 0.2390625 0.8296875 0.3078125 0.8296875 0.3078125 0.9015625 0.2390625 0.9015625
8 0.4265625 0.8421875 0.5046875 0.8421875 0.5046875 0.93125 0.4265625 0.93125
11 0.8453125 0.834375 0.9515625 0.834375 0.9515625 0.9375 0.8453125 0.9375
3 0.7484375 0.834375 0.8140625 0.834375 0.8140625 0.90625 0.7484375 0.90625
2 0.628125 0.7328125 0.7 0.7328125 0.7 0.8265625 0.628125 0.8265625
9 0.734375 0.6 0.80625 0.6 0.80625 0.659375 0.734375 0.659375
9 0.840625 0.725 0.9125 0.725 0.9125 0.8015625 0.840625 0.8015625
9 0.3125 0.09375 0.36875 0.09375 0.36875 0.1703125 0.3125 0.1703125
9 0.11875 0.09375 0.1953125 0.09375 0.1953125 0.16875 0.11875 0.16875
9 0.75 0.071875 0.8171875 0.071875 0.8171875 0.146875 0.75 0.146875
8 0.428125 0.1953125 0.496875 0.1953125 0.496875 0.278125 0.428125 0.278125
8 0.5359375 0.059375 0.6046875 0.059375 0.6046875 0.165625 0.5359375 0.165625
6 0.6375 0.0578125 0.709375 0.0578125 0.709375 0.1515625 0.6375 0.1515625
4 0.628125 0.15 0.7203125 0.15 0.7203125 0.26875 0.628125 0.26875
8 0.3234375 0.2984375 0.3953125 0.2984375 0.3953125 0.3828125 0.3234375 0.3828125
0 0.21875 0.30625 0.3015625 0.30625 0.3015625 0.3796875 0.21875 0.3796875
6 0.1 0.3046875 0.1953125 0.3046875 0.1953125 0.375 0.1 0.375
2 0.1140625 0.159375 0.2140625 0.159375 0.2140625 0.25625 0.1140625 0.25625
10 0.63125 0.3046875 0.728125 0.3046875 0.728125 0.39375 0.63125 0.39375
7 0.1890625 0.0390625 0.3046875 0.0390625 0.3046875 0.175 0.1890625 0.175
9 0.8625 0.078125 0.9375 0.078125 0.9375 0.1546875 0.8625 0.1546875
2 0.8375 0.4109375 0.9296875 0.4109375 0.9296875 0.4828125 0.8375 0.4828125
6 0.73125 0.421875 0.8140625 0.421875 0.8140625 0.4875 0.73125 0.4875
0 0.6515625 0.4125 0.728125 0.4125 0.728125 0.4734375 0.6515625 0.4734375
9 0.828125 0.53125 0.90625 0.53125 0.90625 0.590625 0.828125 0.590625