3 0.071875 0.4625 0.15 0.4625 0.15 0.51875 0.071875 0.51875
3 0.175 0.309375 0.2515625 0.309375 0.2515625 0.36875 0.175 0.36875
3 0.178125 0.4625 0.2578125 0.4625 0.2578125 0.5125 0.178125 0.5125
3 0.2890625 0.4671875 0.3546875 0.4671875 0.3546875 0.5203125 0.2890625 0.5203125
3 0.3875 0.38125 0.440625 0.38125 0.440625 0.434375 0.3875 0.434375
3 0.6578125 0.2953125 0.7484375 0.2953125 0.7484375 0.3625 0.6578125 0.3625
3 0.6640625 0.5125 0.74375 0.5125 0.74375 0.5703125 0.6640625 0.5703125
3 0.48125 0.45625 0.55 0.45625 0.55 0.515625 0.48125 0.515625
3 0.3875 0.540625 0.459375 0.540625 0.459375 0.5890625 0.3875 0.5890625
3 0.4734375 0.6078125 0.55 0.6078125 0.55 0.659375 0.4734375 0.659375
3 0.29375 0.609375 0.36875 0.609375 0.36875 0.66875 0.29375 0.66875
3 0.6828125 0.675 0.7578125 0.675 0.7578125 0.734375 0.6828125 0.734375
3 0.7875 0.5953125 0.86875 0.5953125 0.86875 0.6515625 0.7875 0.6515625
3 0.775 0.525 0.8625 0.525 0.8625 0.58125 0.775 0.58125
3 0.7765625 0.678125 0.85625 0.678125 0.85625 0.728125 0.7765625 0.728125
2 0.1796875 0.6734375 0.2640625 0.6734375 0.2640625 0.75625 0.1796875 0.75625
2 0.175 0.528125 0.2640625 0.528125 0.2640625 0.590625 0.175 0.590625
2 0.56875 0.521875 0.6546875 0.521875 0.6546875 0.575 0.56875 0.575
2 0.5734375 0.6640625 0.6640625 0.6640625 0.6640625 0.73125 0.5734375 0.73125
8 0.3703125 0.6671875 0.4484375 0.6671875 0.4484375 0.746875 0.3703125 0.746875
8 0.559375 0.4515625 0.6578125 0.4515625 0.6578125 0.5046875 0.559375 0.5046875
4 0.6703125 0.59375 0.7859375 0.59375 0.7859375 0.659375 0.6703125 0.659375
5 0.2671875 0.6828125 0.35 0.6828125 0.35 0.7515625 0.2671875 0.7515625
5 0.4796875 0.6796875 0.55625 0.6796875 0.55625 0.7453125 0.4796875 0.7453125