10 0.2890625 0.315625 0.3734375 0.315625 0.3734375 0.403125 0.2890625 0.403125
10 0.5171875 0.0828125 0.58125 0.0828125 0.58125 0.1984375 0.5171875 0.1984375
10 0.365625 0.4953125 0.434375 0.4953125 0.434375 0.5796875 0.365625 0.5796875
10 0.3640625 0.6921875 0.4359375 0.6921875 0.4359375 0.8046875 0.3640625 0.8046875
10 0.1296875 0.609375 0.2328125 0.609375 0.2328125 0.7 0.1296875 0.7
10 0.590625 0.7 0.6625 0.7 0.6625 0.79375 0.590625 0.79375
10 0.6671875 0.5140625 0.7421875 0.5140625 0.7421875 0.6015625 0.6671875 0.6015625
9 0.446875 0.23125 0.5 0.23125 0.5 0.3 0.446875 0.3
9 0.4484375 0.334375 0.496875 0.334375 0.496875 0.3984375 0.4484375 0.3984375
9 0.525 0.225 0.56875 0.225 0.56875 0.309375 0.525 0.309375
9 0.5859375 0.2234375 0.6359375 0.2234375 0.6359375 0.290625 0.5859375 0.290625
9 0.51875 0.4296875 0.5609375 0.4296875 0.5609375 0.4953125 0.51875 0.4953125
9 0.528125 0.503125 0.5734375 0.503125 0.5734375 0.571875 0.528125 0.571875
9 0.3109375 0.221875 0.3640625 0.221875 0.3640625 0.2875 0.3109375 0.2875
9 0.246875 0.80625 0.303125 0.80625 0.303125 0.871875 0.246875 0.871875
9 0.459375 0.5140625 0.50625 0.5140625 0.50625 0.5828125 0.459375 0.5828125
9 0.5234375 0.3328125 0.5671875 0.3328125 0.5671875 0.3984375 0.5234375 0.3984375
9 0.590625 0.41875 0.6421875 0.41875 0.6421875 0.484375 0.590625 0.484375
7 0.659375 0.3078125 0.734375 0.3078125 0.734375 0.396875 0.659375 0.396875
7 0.2171875 0.7 0.3015625 0.7 0.3015625 0.8046875 0.2171875 0.8046875
7 0.45 0.6015625 0.50625 0.6015625 0.50625 0.69375 0.45 0.69375
7 0.45 0.7890625 0.50625 0.7890625 0.50625 0.9109375 0.45 0.9109375
6 0.153125 0.421875 0.2265625 0.421875 0.2265625 0.4921875 0.153125 0.4921875
6 0.375 0.1171875 0.434375 0.1171875 0.434375 0.203125 0.375 0.203125
6 0.590625 0.309375 0.640625 0.309375 0.640625 0.375 0.590625 0.375
6 0.5125 0.803125 0.5625 0.803125 0.5625 0.8921875 0.5125 0.8921875
7 0.1421875 0.7875 0.225 0.7875 0.225 0.903125 0.1421875 0.903125
4 0.4453125 0.4125 0.5 0.4125 0.5 0.490625 0.4453125 0.490625
4 0.2828125 0.6109375 0.365625 0.6109375 0.365625 0.696875 0.2828125 0.696875
4 0.578125 0.796875 0.64375 0.796875 0.64375 0.909375 0.578125 0.909375
4 0.5859375 0.503125 0.640625 0.503125 0.640625 0.5828125 0.5859375 0.5828125
1 0.6640625 0.0734375 0.7359375 0.0734375 0.7359375 0.2 0.6640625 0.2