3 0.2390625 0.2390625 0.3078125 0.2390625 0.3078125 0.3140625 0.2390625 0.3140625
3 0.3265625 0.2421875 0.403125 0.2421875 0.403125 0.315625 0.3265625 0.315625
3 0.534375 0.2453125 0.6125 0.2453125 0.6125 0.3265625 0.534375 0.3265625
3 0.6421875 0.115625 0.7171875 0.115625 0.7171875 0.19375 0.6421875 0.19375
3 0.7453125 0.1109375 0.8265625 0.1109375 0.8265625 0.1953125 0.7453125 0.1953125
3 0.740625 0.3375 0.825 0.3375 0.825 0.41875 0.740625 0.41875
3 0.8515625 0.6265625 0.934375 0.6265625 0.934375 0.709375 0.8515625 0.709375
3 0.8328125 0.71875 0.934375 0.71875 0.934375 0.803125 0.8328125 0.803125
3 0.83125 0.815625 0.9328125 0.815625 0.9328125 0.9140625 0.83125 0.9140625
3 0.73125 0.73125 0.815625 0.73125 0.815625 0.83125 0.73125 0.83125
3 0.6359375 0.63125 0.7171875 0.63125 0.7171875 0.7203125 0.6359375 0.7203125
3 0.65 0.540625 0.7328125 0.540625 0.7328125 0.6125 0.65 0.6125
3 0.5390625 0.440625 0.6078125 0.440625 0.6078125 0.51875 0.5390625 0.51875
3 0.54375 0.3453125 0.6171875 0.3453125 0.6171875 0.4109375 0.54375 0.4109375
3 0.44375 0.328125 0.5046875 0.328125 0.5046875 0.428125 0.44375 0.428125
3 0.3328125 0.4390625 0.4171875 0.4390625 0.4171875 0.5265625 0.3328125 0.5265625
3 0.2203125 0.3421875 0.3078125 0.3421875 0.3078125 0.4203125 0.2203125 0.4203125
3 0.0953125 0.35 0.1984375 0.35 0.1984375 0.421875 0.0953125 0.421875
3 0.121875 0.5453125 0.215625 0.5453125 0.215625 0.6265625 0.121875 0.6265625
3 0.240625 0.6484375 0.3125 0.6484375 0.3125 0.7265625 0.240625 0.7265625
3 0.13125 0.7484375 0.2140625 0.7484375 0.2140625 0.8390625 0.13125 0.8390625
3 0.45625 0.834375 0.525 0.834375 0.525 0.9296875 0.45625 0.9296875
3 0.259375 0.83125 0.328125 0.83125 0.328125 0.91875 0.259375 0.91875
9 0.6390625 0.4453125 0.7203125 0.4453125 0.7203125 0.5171875 0.6390625 0.5171875
9 0.8375 0.4453125 0.9328125 0.4453125 0.9328125 0.5171875 0.8375 0.5171875
9 0.44375 0.5453125 0.515625 0.5453125 0.515625 0.61875 0.44375 0.61875
9 0.6421875 0.834375 0.7140625 0.834375 0.7140625 0.91875 0.6421875 0.91875
9 0.4390625 0.6546875 0.4984375 0.6546875 0.4984375 0.734375 0.4390625 0.734375
2 0.8421875 0.2328125 0.95625 0.2328125 0.95625 0.3265625 0.8421875 0.3265625
2 0.7375 0.61875 0.825 0.61875 0.825 0.721875 0.7375 0.721875
2 0.5390625 0.725 0.634375 0.725 0.634375 0.8203125 0.5390625 0.8203125
2 0.2234375 0.553125 0.3171875 0.553125 0.3171875 0.63125 0.2234375 0.63125
8 0.846875 0.128125 0.9765625 0.128125 0.9765625 0.2234375 0.846875 0.2234375
8 0.3484375 0.7375 0.434375 0.7375 0.434375 0.85 0.3484375 0.85
8 0.534375 0.5390625 0.615625 0.5390625 0.615625 0.6359375 0.534375 0.6359375
5 0.4234375 0.1140625 0.5109375 0.1140625 0.5109375 0.2140625 0.4234375 0.2140625
5 0.6484375 0.20625 0.74375 0.20625 0.74375 0.290625 0.6484375 0.290625
11 0.3125 0.1 0.4046875 0.1 0.4046875 0.2140625 0.3125 0.2140625
4 0.2296875 0.75 0.3296875 0.75 0.3296875 0.8890625 0.2296875 0.8890625