10 0.1828125 0.278125 0.28125 0.278125 0.28125 0.3625 0.1828125 0.3625
10 0.4984375 0.2859375 0.5859375 0.2859375 0.5859375 0.378125 0.4984375 0.378125
10 0.596875 0.2890625 0.69375 0.2890625 0.69375 0.375 0.596875 0.375
10 0.7 0.2859375 0.815625 0.2859375 0.815625 0.375 0.7 0.375
10 0.790625 0.2921875 0.915625 0.2921875 0.915625 0.3796875 0.790625 0.3796875
10 0.7953125 0.215625 0.9171875 0.215625 0.9171875 0.3015625 0.7953125 0.3015625
10 0.6859375 0.2 0.7984375 0.2 0.7984375 0.3 0.6859375 0.3
4 0.4953125 0.753125 0.5875 0.753125 0.5875 0.859375 0.4953125 0.859375
4 0.3921875 0.75 0.478125 0.75 0.478125 0.859375 0.3921875 0.859375
4 0.2828125 0.759375 0.3734375 0.759375 0.3734375 0.859375 0.2828125 0.859375
4 0.1640625 0.7546875 0.275 0.7546875 0.275 0.8578125 0.1640625 0.8578125
4 0.04375 0.759375 0.16875 0.759375 0.16875 0.859375 0.04375 0.859375
6 0.4046875 0.2859375 0.48125 0.2859375 0.48125 0.365625 0.4046875 0.365625
6 0.3046875 0.2921875 0.384375 0.2921875 0.384375 0.36875 0.3046875 0.36875
6 0.0890625 0.2984375 0.18125 0.2984375 0.18125 0.3640625 0.0890625 0.3640625
6 0.596875 0.215625 0.68125 0.215625 0.68125 0.29375 0.596875 0.29375
7 0.49375 0.203125 0.5875 0.203125 0.5875 0.303125 0.49375 0.303125
7 0.403125 0.196875 0.4859375 0.196875 0.4859375 0.296875 0.403125 0.296875
7 0.290625 0.1953125 0.384375 0.1953125 0.384375 0.2890625 0.290625 0.2890625
7 0.16875 0.1875 0.284375 0.1875 0.284375 0.290625 0.16875 0.290625
7 0.0453125 0.190625 0.16875 0.190625 0.16875 0.2921875 0.0453125 0.2921875