5 0.403125 0.546875 0.4859375 0.546875 0.4859375 0.60625 0.403125 0.60625
5 0.50625 0.3828125 0.58125 0.3828125 0.58125 0.4390625 0.50625 0.4390625
4 0.590625 0.4609375 0.6921875 0.4609375 0.6921875 0.521875 0.590625 0.521875
3 0.178125 0.390625 0.2609375 0.390625 0.2609375 0.4484375 0.178125 0.4484375
3 0.4 0.61875 0.4625 0.61875 0.4625 0.675 0.4 0.675
3 0.5078125 0.4625 0.575 0.4625 0.575 0.515625 0.5078125 0.515625
3 0.7078125 0.5375 0.7859375 0.5375 0.7859375 0.59375 0.7078125 0.59375
3 0.7953125 0.4640625 0.8921875 0.4640625 0.8921875 0.5171875 0.7953125 0.5171875
3 0.29375 0.29375 0.36875 0.29375 0.36875 0.353125 0.29375 0.353125
3 0.1796875 0.215625 0.2625 0.215625 0.2625 0.275 0.1796875 0.275
2 0.1875 0.53125 0.2703125 0.53125 0.2703125 0.6 0.1875 0.6
2 0.3984375 0.2984375 0.484375 0.2984375 0.484375 0.36875 0.3984375 0.36875
2 0.615625 0.296875 0.70625 0.296875 0.70625 0.36875 0.615625 0.36875
2 0.7125 0.3859375 0.8078125 0.3859375 0.8078125 0.4546875 0.7125 0.4546875
1 0.0171875 0.6171875 0.1703125 0.6171875 0.1703125 0.7078125 0.0171875 0.7078125
1 0.1578125 0.103125 0.2828125 0.103125 0.2828125 0.209375 0.1578125 0.209375
1 0.50625 0.7 0.6 0.7 0.6 0.8046875 0.50625 0.8046875
1 0.409375 0.1046875 0.5015625 0.1046875 0.5015625 0.2109375 0.409375 0.2109375
0 0.503125 0.2125 0.5828125 0.2125 0.5828125 0.2828125 0.503125 0.2828125
0 0.725 0.2140625 0.815625 0.2140625 0.815625 0.29375 0.725 0.29375