9 0.0765625 0.4328125 0.159375 0.4328125 0.159375 0.503125 0.0765625 0.503125
9 0.3359375 0.609375 0.4015625 0.609375 0.4015625 0.678125 0.3359375 0.678125
9 0.4140625 0.796875 0.471875 0.796875 0.471875 0.878125 0.4140625 0.878125
9 0.2109375 0.803125 0.2921875 0.803125 0.2921875 0.8890625 0.2109375 0.8890625
9 0.5140625 0.8265625 0.575 0.8265625 0.575 0.9 0.5140625 0.9
9 0.8421875 0.821875 0.9265625 0.821875 0.9265625 0.90625 0.8421875 0.90625
9 0.8515625 0.7125 0.925 0.7125 0.925 0.790625 0.8515625 0.790625
9 0.7296875 0.315625 0.8046875 0.315625 0.8046875 0.38125 0.7296875 0.38125
9 0.6234375 0.309375 0.684375 0.309375 0.684375 0.36875 0.6234375 0.36875
9 0.31875 0.096875 0.3828125 0.096875 0.3828125 0.178125 0.31875 0.178125
9 0.2015625 0.075 0.2765625 0.075 0.2765625 0.1484375 0.2015625 0.1484375
9 0.075 0.1046875 0.15625 0.1046875 0.15625 0.1828125 0.075 0.1828125
9 0.5046875 0.1046875 0.56875 0.1046875 0.56875 0.18125 0.5046875 0.18125
9 0.8265625 0.078125 0.90625 0.078125 0.90625 0.1640625 0.8265625 0.1640625
6 0.709375 0.06875 0.8 0.06875 0.8 0.175 0.709375 0.175
6 0.3046875 0.315625 0.378125 0.315625 0.378125 0.3875 0.3046875 0.3875
6 0.184375 0.43125 0.278125 0.43125 0.278125 0.5 0.184375 0.5
6 0.4234375 0.50625 0.4890625 0.50625 0.4890625 0.565625 0.4234375 0.565625
6 0.303125 0.7078125 0.3796875 0.7078125 0.3796875 0.79375 0.303125 0.79375
6 0.84375 0.609375 0.940625 0.609375 0.940625 0.684375 0.84375 0.684375
1 0.728125 0.60625 0.8453125 0.60625 0.8453125 0.7125 0.728125 0.7125
1 0.6140625 0.50625 0.7125 0.50625 0.7125 0.590625 0.6140625 0.590625
1 0.3859375 0.0484375 0.4765625 0.0484375 0.4765625 0.184375 0.3859375 0.184375
4 0.059375 0.709375 0.1921875 0.709375 0.1921875 0.828125 0.059375 0.828125
4 0.628125 0.39375 0.721875 0.39375 0.721875 0.475 0.628125 0.475
4 0.7109375 0.496875 0.8171875 0.496875 0.8171875 0.58125 0.7109375 0.58125
0 0.43125 0.4234375 0.490625 0.4234375 0.490625 0.4921875 0.43125 0.4921875
0 0.290625 0.41875 0.36875 0.41875 0.36875 0.4875 0.290625 0.4875
0 0.5296875 0.5296875 0.59375 0.5296875 0.59375 0.5984375 0.5296875 0.5984375
0 0.1578125 0.1828125 0.2484375 0.1828125 0.2484375 0.265625 0.1578125 0.265625
0 0.41875 0.603125 0.4859375 0.603125 0.4859375 0.678125 0.41875 0.678125
5 0.5203125 0.628125 0.5890625 0.628125 0.5890625 0.7109375 0.5203125 0.7109375
5 0.621875 0.7015625 0.7 0.7015625 0.7 0.7859375 0.621875 0.7859375
5 0.0796875 0.540625 0.1796875 0.540625 0.1796875 0.6171875 0.0796875 0.6171875
5 0.225 0.61875 0.3109375 0.61875 0.3109375 0.69375 0.225 0.69375
5 0.1671875 0.315625 0.265625 0.315625 0.265625 0.396875 0.1671875 0.396875
5 0.64375 0.196875 0.7234375 0.196875 0.7234375 0.28125 0.64375 0.28125
10 0.7234375 0.7109375 0.8296875 0.7109375 0.8296875 0.8328125 0.7234375 0.8328125
10 0.5140625 0.709375 0.59375 0.709375 0.59375 0.8265625 0.5140625 0.8265625
10 0.290625 0.509375 0.3875 0.509375 0.3875 0.5875 0.290625 0.5875
7 0.5125 0.4171875 0.5921875 0.4171875 0.5921875 0.5015625 0.5125 0.5015625
7 0.496875 0.2859375 0.575 0.2859375 0.575 0.38125 0.496875 0.38125
7 0.6203125 0.596875 0.728125 0.596875 0.728125 0.69375 0.6203125 0.69375
11 0.4140625 0.3140625 0.4890625 0.3140625 0.4890625 0.403125 0.4140625 0.403125
11 0.50625 0.196875 0.5765625 0.196875 0.5765625 0.284375 0.50625 0.284375
3 0.34375 0.8140625 0.403125 0.8140625 0.403125 0.89375 0.34375 0.89375
3 0.421875 0.7140625 0.4734375 0.7140625 0.4734375 0.784375 0.421875 0.784375
3 0.834375 0.5109375 0.909375 0.5109375 0.909375 0.5703125 0.834375 0.5703125
3 0.8359375 0.4078125 0.9203125 0.4078125 0.9203125 0.46875 0.8359375 0.46875
3 0.7203125 0.396875 0.7921875 0.396875 0.7921875 0.453125 0.7203125 0.453125
3 0.20625 0.51875 0.2765625 0.51875 0.2765625 0.571875 0.20625 0.571875
3 0.109375 0.6234375 0.1875 0.6234375 0.1875 0.684375 0.109375 0.684375
3 0.2109375 0.7078125 0.28125 0.7078125 0.28125 0.771875 0.2109375 0.771875
3 0.403125 0.2296875 0.465625 0.2296875 0.465625 0.2984375 0.403125 0.2984375
3 0.0890625 0.3265625 0.1640625 0.3265625 0.1640625 0.3859375 0.0890625 0.3859375
3 0.8203125 0.3 0.8953125 0.3 0.8953125 0.3625 0.8203125 0.3625
3 0.83125 0.2078125 0.9078125 0.2078125 0.9078125 0.278125 0.83125 0.278125
3 0.65 0.071875 0.7109375 0.071875 0.7109375 0.1515625 0.65 0.1515625