1 0.6359375 0.3984375 0.68125 0.3984375 0.68125 0.4890625 0.6359375 0.4890625
1 0.5484375 0.3984375 0.5875 0.3984375 0.5875 0.4953125 0.5484375 0.4953125
1 0.553125 0.309375 0.590625 0.309375 0.590625 0.3953125 0.553125 0.3953125
4 0.596875 0.30625 0.6375 0.30625 0.6375 0.3921875 0.596875 0.3921875
4 0.546875 0.490625 0.5859375 0.490625 0.5859375 0.578125 0.546875 0.578125
4 0.5859375 0.5 0.625 0.5 0.625 0.5953125 0.5859375 0.5953125
0 0.5859375 0.76875 0.6171875 0.76875 0.6171875 0.8546875 0.5859375 0.8546875
0 0.3875 0.7421875 0.4171875 0.7421875 0.4171875 0.83125 0.3875 0.83125
0 0.66875 0.5078125 0.7 0.5078125 0.7 0.5890625 0.66875 0.5890625
0 0.50625 0.66875 0.540625 0.66875 0.540625 0.75625 0.50625 0.75625
0 0.4328125 0.1125 0.4609375 0.1125 0.4609375 0.1875 0.4328125 0.1875
0 0.4328125 0.303125 0.4609375 0.303125 0.4609375 0.378125 0.4328125 0.378125
2 0.6390625 0.3015625 0.6734375 0.3015625 0.6734375 0.3875 0.6390625 0.3875
2 0.58125 0.68125 0.6125 0.68125 0.6125 0.76875 0.58125 0.76875
2 0.625 0.490625 0.659375 0.490625 0.659375 0.571875 0.625 0.571875
2 0.628125 0.5875 0.66875 0.5875 0.66875 0.66875 0.628125 0.66875
5 0.6796875 0.3171875 0.7140625 0.3171875 0.7140625 0.396875 0.6796875 0.396875
5 0.596875 0.1046875 0.634375 0.1046875 0.634375 0.178125 0.596875 0.178125
5 0.365625 0.1 0.3984375 0.1 0.3984375 0.16875 0.365625 0.16875
5 0.43125 0.675 0.459375 0.675 0.459375 0.7609375 0.43125 0.7609375
5 0.54375 0.6703125 0.5765625 0.6703125 0.5765625 0.746875 0.54375 0.746875
5 0.6234375 0.65625 0.6578125 0.65625 0.6578125 0.73125 0.6234375 0.73125
5 0.515625 0.584375 0.54375 0.584375 0.54375 0.665625 0.515625 0.665625
5 0.4671875 0.4078125 0.4984375 0.4078125 0.4984375 0.4828125 0.4671875 0.4828125
3 0.671875 0.5828125 0.7 0.5828125 0.7 0.6546875 0.671875 0.6546875
3 0.4671875 0.575 0.4984375 0.575 0.4984375 0.6359375 0.4671875 0.6359375
3 0.4328125 0.5875 0.4578125 0.5875 0.4578125 0.653125 0.4328125 0.653125
3 0.428125 0.5 0.459375 0.5 0.459375 0.565625 0.428125 0.565625
3 0.3796875 0.5015625 0.4046875 0.5015625 0.4046875 0.5640625 0.3796875 0.5640625
3 0.3703125 0.31875 0.3953125 0.31875 0.3953125 0.3890625 0.3703125 0.3890625
3 0.425 0.7578125 0.453125 0.7578125 0.453125 0.8203125 0.425 0.8203125
8 0.6734375 0.6578125 0.7109375 0.6578125 0.7109375 0.7484375 0.6734375 0.7484375
8 0.6703125 0.7625 0.7078125 0.7625 0.7078125 0.8515625 0.6703125 0.8515625
8 0.546875 0.7515625 0.578125 0.7515625 0.578125 0.8375 0.546875 0.8375
8 0.4640625 0.75625 0.4984375 0.75625 0.4984375 0.84375 0.4640625 0.84375
8 0.6859375 0.40625 0.7203125 0.40625 0.7203125 0.484375 0.6859375 0.484375
8 0.553125 0.125 0.5875 0.125 0.5875 0.203125 0.553125 0.203125
6 0.36875 0.203125 0.4015625 0.203125 0.4015625 0.28125 0.36875 0.28125
6 0.509375 0.2078125 0.540625 0.2078125 0.540625 0.2796875 0.509375 0.2796875
6 0.640625 0.1140625 0.6765625 0.1140625 0.6765625 0.1859375 0.640625 0.1859375
6 0.4703125 0.6765625 0.4984375 0.6765625 0.4984375 0.7609375 0.4703125 0.7609375
6 0.6875 0.215625 0.725 0.215625 0.725 0.296875 0.6875 0.296875
11 0.4625 0.109375 0.49375 0.109375 0.49375 0.18125 0.4625 0.18125
11 0.4625 0.215625 0.4953125 0.215625 0.4953125 0.2890625 0.4625 0.2890625
11 0.384375 0.66875 0.41875 0.66875 0.41875 0.753125 0.384375 0.753125
11 0.5109375 0.4921875 0.54375 0.4921875 0.54375 0.5734375 0.5109375 0.5734375
11 0.465625 0.496875 0.4953125 0.496875 0.4953125 0.575 0.465625 0.575
9 0.5984375 0.2109375 0.63125 0.2109375 0.63125 0.2703125 0.5984375 0.2703125
9 0.5125 0.121875 0.5390625 0.121875 0.5390625 0.1875 0.5125 0.1875
9 0.4265625 0.203125 0.459375 0.203125 0.459375 0.2625 0.4265625 0.2625
9 0.5078125 0.30625 0.5375 0.30625 0.5375 0.36875 0.5078125 0.36875
9 0.46875 0.3140625 0.4984375 0.3140625 0.4984375 0.36875 0.46875 0.36875
9 0.4328125 0.4125 0.4625 0.4125 0.4625 0.475 0.4328125 0.475
9 0.515625 0.409375 0.54375 0.409375 0.54375 0.471875 0.515625 0.471875
9 0.3875 0.5703125 0.41875 0.5703125 0.41875 0.634375 0.3875 0.634375
10 0.5828125 0.5796875 0.6234375 0.5796875 0.6234375 0.6875 0.5828125 0.6875
10 0.596875 0.396875 0.6359375 0.396875 0.6359375 0.490625 0.596875 0.490625
10 0.5625 0.2328125 0.596875 0.2328125 0.596875 0.3140625 0.5625 0.3140625
7 0.65 0.21875 0.69375 0.21875 0.69375 0.309375 0.65 0.309375
7 0.5484375 0.571875 0.5828125 0.571875 0.5828125 0.6671875 0.5484375 0.6671875
7 0.621875 0.7453125 0.6609375 0.7453125 0.6609375 0.8609375 0.621875 0.8609375
11 0.503125 0.75625 0.534375 0.75625 0.534375 0.840625 0.503125 0.840625
6 0.378125 0.403125 0.4109375 0.403125 0.4109375 0.4828125 0.378125 0.4828125