2 0.0890625 0.596875 0.190625 0.596875 0.190625 0.6796875 0.0890625 0.6796875
2 0.059375 0.403125 0.18125 0.403125 0.18125 0.4734375 0.059375 0.4734375
2 0.059375 0.1859375 0.178125 0.1859375 0.178125 0.2703125 0.059375 0.2703125
2 0.1734375 0.05625 0.2734375 0.05625 0.2734375 0.146875 0.1734375 0.146875
2 0.2953125 0.4 0.384375 0.4 0.384375 0.471875 0.2953125 0.471875
2 0.3921875 0.2015625 0.4734375 0.2015625 0.4734375 0.2796875 0.3921875 0.2796875
2 0.3984375 0.3921875 0.4796875 0.3921875 0.4796875 0.459375 0.3984375 0.459375
2 0.3984375 0.596875 0.4796875 0.596875 0.4796875 0.66875 0.3984375 0.66875
2 0.3015625 0.775 0.3890625 0.775 0.3890625 0.865625 0.3015625 0.865625
2 0.6046875 0.590625 0.6796875 0.590625 0.6796875 0.66875 0.6046875 0.66875
2 0.6 0.384375 0.6953125 0.384375 0.6953125 0.46875 0.6 0.46875
2 0.7 0.590625 0.790625 0.590625 0.790625 0.6578125 0.7 0.6578125
8 0.303125 0.6796875 0.3875 0.6796875 0.3875 0.7671875 0.303125 0.7671875
8 0.209375 0.4890625 0.303125 0.4890625 0.303125 0.5703125 0.209375 0.5703125
8 0.2859375 0.2984375 0.3796875 0.2984375 0.3796875 0.3765625 0.2859375 0.3765625
8 0.2953125 0.1890625 0.3796875 0.1890625 0.3796875 0.2703125 0.2953125 0.2703125
8 0.290625 0.065625 0.3890625 0.065625 0.3890625 0.15625 0.290625 0.15625
8 0.4921875 0.0828125 0.590625 0.0828125 0.590625 0.1828125 0.4921875 0.1828125
8 0.5953125 0.1921875 0.6828125 0.1921875 0.6828125 0.2796875 0.5953125 0.2796875
8 0.5 0.2953125 0.584375 0.2953125 0.584375 0.371875 0.5 0.371875
8 0.79375 0.2828125 0.90625 0.2828125 0.90625 0.3734375 0.79375 0.3734375
8 0.59375 0.5 0.675 0.5 0.675 0.571875 0.59375 0.571875
8 0.4109375 0.784375 0.4890625 0.784375 0.4890625 0.875 0.4109375 0.875
8 0.5046875 0.765625 0.584375 0.765625 0.584375 0.871875 0.5046875 0.871875
8 0.6984375 0.784375 0.784375 0.784375 0.784375 0.871875 0.6984375 0.871875
8 0.8015625 0.784375 0.9171875 0.784375 0.9171875 0.878125 0.8015625 0.878125
8 0.690625 0.1828125 0.8 0.1828125 0.8 0.2734375 0.690625 0.2734375
8 0.7984375 0.490625 0.8984375 0.490625 0.8984375 0.5625 0.7984375 0.5625