3 0.75 0.1328125 0.8375 0.1328125 0.8375 0.2203125 0.75 0.2203125
3 0.84375 0.228125 0.946875 0.228125 0.946875 0.3125 0.84375 0.3125
3 0.865625 0.5984375 0.959375 0.5984375 0.959375 0.7015625 0.865625 0.7015625
3 0.759375 0.621875 0.8578125 0.621875 0.8578125 0.7 0.759375 0.7
3 0.75625 0.7109375 0.8390625 0.7109375 0.8390625 0.7984375 0.75625 0.7984375
3 0.7484375 0.8125 0.8390625 0.8125 0.8390625 0.903125 0.7484375 0.903125
3 0.65625 0.684375 0.7515625 0.684375 0.7515625 0.8078125 0.65625 0.8078125
3 0.5671875 0.6265625 0.6484375 0.6265625 0.6484375 0.69375 0.5671875 0.69375
3 0.4734375 0.715625 0.5421875 0.715625 0.5421875 0.8046875 0.4734375 0.8046875
3 0.36875 0.83125 0.4375 0.83125 0.4375 0.9296875 0.36875 0.9296875
3 0.2640625 0.8375 0.3453125 0.8375 0.3453125 0.9359375 0.2640625 0.9359375
3 0.265625 0.6171875 0.3421875 0.6171875 0.3421875 0.7015625 0.265625 0.7015625
3 0.259375 0.521875 0.3265625 0.521875 0.3265625 0.590625 0.259375 0.590625
3 0.2484375 0.4140625 0.31875 0.4140625 0.31875 0.49375 0.2484375 0.49375
3 0.353125 0.4140625 0.425 0.4140625 0.425 0.5015625 0.353125 0.5015625
3 0.4515625 0.5140625 0.525 0.5140625 0.525 0.5828125 0.4515625 0.5828125
3 0.3703125 0.3296875 0.44375 0.3296875 0.44375 0.3953125 0.3703125 0.3953125
3 0.1515625 0.2 0.2328125 0.2 0.2328125 0.2984375 0.1515625 0.2984375
3 0.1453125 0.321875 0.228125 0.321875 0.228125 0.403125 0.1453125 0.403125
3 0.55625 0.121875 0.64375 0.121875 0.64375 0.2046875 0.55625 0.2046875
3 0.559375 0.21875 0.64375 0.21875 0.64375 0.3078125 0.559375 0.3078125
3 0.25625 0.20625 0.3546875 0.20625 0.3546875 0.2953125 0.25625 0.2953125
3 0.14375 0.0953125 0.2265625 0.0953125 0.2265625 0.1859375 0.14375 0.1859375
9 0.3625 0.109375 0.4359375 0.109375 0.4359375 0.19375 0.3625 0.19375
9 0.5765625 0.325 0.6484375 0.325 0.6484375 0.3921875 0.5765625 0.3921875
9 0.3671875 0.521875 0.4390625 0.521875 0.4390625 0.590625 0.3671875 0.590625
9 0.1640625 0.521875 0.240625 0.521875 0.240625 0.5953125 0.1640625 0.5953125
9 0.3640625 0.6203125 0.4390625 0.6203125 0.4390625 0.6984375 0.3640625 0.6984375
2 0.4578125 0.2234375 0.54375 0.2234375 0.54375 0.309375 0.4578125 0.309375
2 0.25 0.3171875 0.340625 0.3171875 0.340625 0.4125 0.25 0.4125
2 0.4640625 0.8140625 0.5421875 0.8140625 0.5421875 0.9171875 0.4640625 0.9171875
2 0.14375 0.7125 0.228125 0.7125 0.228125 0.821875 0.14375 0.821875
8 0.3578125 0.19375 0.4359375 0.19375 0.4359375 0.303125 0.3578125 0.303125
8 0.1203125 0.821875 0.2390625 0.821875 0.2390625 0.9265625 0.1203125 0.9265625
8 0.5484375 0.521875 0.6328125 0.521875 0.6328125 0.6125 0.5484375 0.6125
4 0.64375 0.5171875 0.7734375 0.5171875 0.7734375 0.6046875 0.64375 0.6046875
11 0.45 0.4140625 0.5359375 0.4140625 0.5359375 0.5 0.45 0.5
5 0.353125 0.7359375 0.4421875 0.7359375 0.4421875 0.834375 0.353125 0.834375
5 0.5703125 0.815625 0.65625 0.815625 0.65625 0.9234375 0.5703125 0.9234375