5 0.115625 0.2296875 0.209375 0.2296875 0.209375 0.3109375 0.115625 0.3109375
5 0.4453125 0.234375 0.5125 0.234375 0.5125 0.3125 0.4453125 0.3125
5 0.603125 0.2515625 0.675 0.2515625 0.675 0.328125 0.603125 0.328125
5 0.103125 0.540625 0.1984375 0.540625 0.1984375 0.6046875 0.103125 0.6046875
5 0.840625 0.3375 0.93125 0.3375 0.93125 0.40625 0.840625 0.40625
5 0.1171875 0.8296875 0.2078125 0.8296875 0.2078125 0.9234375 0.1171875 0.9234375
3 0.3375 0.1421875 0.396875 0.1421875 0.396875 0.2140625 0.3375 0.2140625
3 0.740625 0.259375 0.8015625 0.259375 0.8015625 0.31875 0.740625 0.31875
3 0.128125 0.36875 0.203125 0.36875 0.203125 0.41875 0.128125 0.41875
3 0.5515625 0.853125 0.6015625 0.853125 0.6015625 0.9265625 0.5515625 0.9265625
3 0.3328125 0.8328125 0.3875 0.8328125 0.3875 0.9078125 0.3328125 0.9078125
3 0.53125 0.746875 0.584375 0.746875 0.584375 0.815625 0.53125 0.815625
3 0.6234375 0.653125 0.6765625 0.653125 0.6765625 0.715625 0.6234375 0.715625
3 0.703125 0.740625 0.765625 0.740625 0.765625 0.80625 0.703125 0.80625
3 0.734375 0.6671875 0.7953125 0.6671875 0.7953125 0.7265625 0.734375 0.7265625
3 0.2453125 0.7328125 0.303125 0.7328125 0.303125 0.79375 0.2453125 0.79375
0 0.715625 0.453125 0.784375 0.453125 0.784375 0.5171875 0.715625 0.5171875
0 0.2421875 0.5515625 0.3203125 0.5515625 0.3203125 0.6140625 0.2421875 0.6140625
4 0.20625 0.4421875 0.309375 0.4421875 0.309375 0.5125 0.20625 0.5125
4 0.3203125 0.340625 0.403125 0.340625 0.403125 0.41875 0.3203125 0.41875
0 0.8234375 0.85 0.9125 0.85 0.9125 0.9453125 0.8234375 0.9453125
0 0.434375 0.6453125 0.49375 0.6453125 0.49375 0.721875 0.434375 0.721875
2 0.109375 0.6375 0.2 0.6375 0.2 0.71875 0.109375 0.71875
1 0.203125 0.6296875 0.3015625 0.6296875 0.3015625 0.7203125 0.203125 0.7203125
4 0.5265625 0.33125 0.5984375 0.33125 0.5984375 0.4125 0.5265625 0.4125
1 0.60625 0.3421875 0.6953125 0.3421875 0.6953125 0.425 0.60625 0.425
1 0.625 0.4390625 0.7140625 0.4390625 0.7140625 0.509375 0.625 0.509375
2 0.8140625 0.44375 0.915625 0.44375 0.915625 0.515625 0.8140625 0.515625
2 0.8125 0.546875 0.915625 0.546875 0.915625 0.615625 0.8125 0.615625
2 0.715625 0.1234375 0.8015625 0.1234375 0.8015625 0.2046875 0.715625 0.2046875
0 0.528125 0.1234375 0.59375 0.1234375 0.59375 0.209375 0.528125 0.209375
11 0.1171875 0.115625 0.2046875 0.115625 0.2046875 0.20625 0.1171875 0.20625
9 0.25 0.25625 0.315625 0.25625 0.315625 0.321875 0.25 0.321875
9 0.21875 0.3515625 0.28125 0.3515625 0.28125 0.4046875 0.21875 0.4046875
9 0.628125 0.13125 0.684375 0.13125 0.684375 0.1984375 0.628125 0.1984375
9 0.53125 0.6328125 0.584375 0.6328125 0.584375 0.690625 0.53125 0.690625
9 0.146875 0.4390625 0.2125 0.4390625 0.2125 0.4890625 0.146875 0.4890625
9 0.74375 0.565625 0.8078125 0.565625 0.8078125 0.61875 0.74375 0.61875
10 0.5328125 0.228125 0.609375 0.228125 0.609375 0.3203125 0.5328125 0.3203125
8 0.61875 0.7421875 0.6859375 0.7421875 0.6859375 0.8359375 0.61875 0.8359375
8 0.7203125 0.84375 0.7921875 0.84375 0.7921875 0.9453125 0.7203125 0.9453125
8 0.4296875 0.8453125 0.4984375 0.8453125 0.4984375 0.940625 0.4296875 0.940625
8 0.61875 0.546875 0.6984375 0.546875 0.6984375 0.609375 0.61875 0.609375
8 0.2265625 0.11875 0.30625 0.11875 0.30625 0.215625 0.2265625 0.215625
8 0.425 0.1125 0.4953125 0.1125 0.4953125 0.209375 0.425 0.209375
10 0.4359375 0.334375 0.5078125 0.334375 0.5078125 0.4171875 0.4359375 0.4171875
11 0.4359375 0.434375 0.496875 0.434375 0.496875 0.4921875 0.4359375 0.4921875
11 0.3234375 0.4296875 0.3953125 0.4296875 0.3953125 0.4890625 0.3234375 0.4890625
6 0.8296875 0.125 0.9171875 0.125 0.9171875 0.209375 0.8296875 0.209375
6 0.84375 0.246875 0.93125 0.246875 0.93125 0.321875 0.84375 0.321875
6 0.3390625 0.234375 0.40625 0.234375 0.40625 0.30625 0.3390625 0.30625
6 0.3359375 0.525 0.4 0.525 0.4 0.5859375 0.3359375 0.5859375
7 0.5140625 0.4390625 0.5859375 0.4390625 0.5859375 0.509375 0.5140625 0.509375
6 0.721875 0.3546875 0.8 0.3546875 0.8 0.415625 0.721875 0.415625
11 0.434375 0.53125 0.5 0.53125 0.5 0.5953125 0.434375 0.5953125
9 0.646875 0.8421875 0.703125 0.8421875 0.703125 0.9140625 0.646875 0.9140625
9 0.796875 0.678125 0.8671875 0.678125 0.8671875 0.734375 0.796875 0.734375
7 0.521875 0.5390625 0.59375 0.5390625 0.59375 0.6234375 0.521875 0.6234375
9 0.8234375 0.7515625 0.8953125 0.7515625 0.8953125 0.8171875 0.8234375 0.8171875
9 0.140625 0.7328125 0.2125 0.7328125 0.2125 0.803125 0.140625 0.803125
9 0.225 0.8515625 0.2875 0.8515625 0.2875 0.9234375 0.225 0.9234375
6 0.3234375 0.7390625 0.390625 0.7390625 0.390625 0.8203125 0.3234375 0.8203125
10 0.3125 0.6234375 0.3984375 0.6234375 0.3984375 0.715625 0.3125 0.715625
7 0.434375 0.746875 0.5125 0.746875 0.5125 0.865625 0.434375 0.865625