6 0.4109375 0.6203125 0.471875 0.6203125 0.471875 0.6953125 0.4109375 0.6953125
6 0.5609375 0.328125 0.609375 0.328125 0.609375 0.421875 0.5609375 0.421875
6 0.55625 0.64375 0.61875 0.64375 0.61875 0.71875 0.55625 0.71875
6 0.546875 0.8 0.6 0.8 0.6 0.915625 0.546875 0.915625
4 0.3203125 0.128125 0.3953125 0.128125 0.3953125 0.225 0.3203125 0.225
4 0.2453125 0.515625 0.3203125 0.515625 0.3203125 0.609375 0.2453125 0.609375
4 0.321875 0.5171875 0.39375 0.5171875 0.39375 0.615625 0.321875 0.615625
4 0.553125 0.5421875 0.6125 0.5421875 0.6125 0.6328125 0.553125 0.6328125
7 0.2390625 0.1203125 0.3265625 0.1203125 0.3265625 0.2171875 0.2390625 0.2171875
7 0.553125 0.1328125 0.615625 0.1328125 0.615625 0.225 0.553125 0.225
7 0.6234375 0.1296875 0.6984375 0.1296875 0.6984375 0.2265625 0.6234375 0.2265625
7 0.6890625 0.5328125 0.76875 0.5328125 0.76875 0.6515625 0.6890625 0.6515625
7 0.3859375 0.13125 0.4625 0.13125 0.4625 0.2203125 0.3859375 0.2203125
1 0.40625 0.5234375 0.4734375 0.5234375 0.4734375 0.6140625 0.40625 0.6140625
10 0.71875 0.1296875 0.7890625 0.1296875 0.7890625 0.228125 0.71875 0.228125
10 0.478125 0.14375 0.540625 0.14375 0.540625 0.240625 0.478125 0.240625
10 0.4765625 0.5375 0.546875 0.5375 0.546875 0.625 0.4765625 0.625
10 0.3953125 0.703125 0.4578125 0.703125 0.4578125 0.8203125 0.3953125 0.8203125
10 0.1625 0.5125 0.25625 0.5125 0.25625 0.609375 0.1625 0.609375
10 0.6234375 0.53125 0.6890625 0.53125 0.6890625 0.6375 0.6234375 0.6375
9 0.4078125 0.2546875 0.4640625 0.2546875 0.4640625 0.3171875 0.4078125 0.3171875
9 0.5640625 0.2546875 0.609375 0.2546875 0.609375 0.321875 0.5640625 0.321875
9 0.5578125 0.446875 0.609375 0.446875 0.609375 0.5125 0.5578125 0.5125
9 0.421875 0.446875 0.4671875 0.446875 0.4671875 0.509375 0.421875 0.509375
9 0.1875 0.4265625 0.2625 0.4265625 0.2625 0.496875 0.1875 0.496875
9 0.1875 0.3265625 0.2578125 0.3265625 0.2578125 0.4015625 0.1875 0.4015625
9 0.1984375 0.628125 0.26875 0.628125 0.26875 0.69375 0.1984375 0.69375
9 0.209375 0.715625 0.2671875 0.715625 0.2671875 0.7984375 0.209375 0.7984375
9 0.4203125 0.8109375 0.4640625 0.8109375 0.4640625 0.8859375 0.4203125 0.8859375
9 0.5546875 0.7296875 0.60625 0.7296875 0.60625 0.7953125 0.5546875 0.7953125
9 0.421875 0.353125 0.4671875 0.353125 0.4671875 0.4109375 0.421875 0.4109375