3 0.6890625 0.5140625 0.7546875 0.5140625 0.7546875 0.59375 0.6890625 0.59375
3 0.76875 0.4046875 0.8390625 0.4046875 0.8390625 0.4765625 0.76875 0.4765625
3 0.45625 0.0671875 0.509375 0.0671875 0.509375 0.1515625 0.45625 0.1515625
3 0.3765625 0.6296875 0.4296875 0.6296875 0.4296875 0.7015625 0.3765625 0.7015625
3 0.5328125 0.6203125 0.5890625 0.6203125 0.5890625 0.696875 0.5328125 0.696875
3 0.184375 0.73125 0.246875 0.73125 0.246875 0.80625 0.184375 0.80625
3 0.6984375 0.178125 0.7578125 0.178125 0.7578125 0.2671875 0.6984375 0.2671875
1 0.60625 0.26875 0.69375 0.26875 0.69375 0.384375 0.60625 0.384375
1 0.4375 0.7171875 0.5125 0.7171875 0.5125 0.8453125 0.4375 0.8453125
1 0.1578125 0.615625 0.2609375 0.615625 0.2609375 0.70625 0.1578125 0.70625
1 0.45 0.3921875 0.5125 0.3921875 0.5125 0.48125 0.45 0.48125
2 0.359375 0.8375 0.4265625 0.8375 0.4265625 0.9609375 0.359375 0.9609375
2 0.6859375 0.7328125 0.7703125 0.7328125 0.7703125 0.84375 0.6859375 0.84375
2 0.26875 0.159375 0.3484375 0.159375 0.3484375 0.2609375 0.26875 0.2609375
2 0.765625 0.1546875 0.8515625 0.1546875 0.8515625 0.2703125 0.765625 0.2703125
6 0.528125 0.16875 0.584375 0.16875 0.584375 0.2703125 0.528125 0.2703125
6 0.6125 0.5390625 0.6828125 0.5390625 0.6828125 0.6140625 0.6125 0.6140625
6 0.1875 0.3859375 0.2625 0.3859375 0.2625 0.4703125 0.1875 0.4703125
6 0.365625 0.025 0.4234375 0.025 0.4234375 0.140625 0.365625 0.140625
9 0.4484375 0.51875 0.5 0.51875 0.5 0.59375 0.4484375 0.59375
9 0.534375 0.409375 0.5875 0.409375 0.5875 0.48125 0.534375 0.48125
9 0.375 0.409375 0.428125 0.409375 0.428125 0.4796875 0.375 0.4796875
9 0.6171875 0.184375 0.6734375 0.184375 0.6734375 0.2671875 0.6171875 0.2671875
11 0.178125 0.5125 0.2625 0.5125 0.2625 0.5828125 0.178125 0.5828125
11 0.2578125 0.846875 0.328125 0.846875 0.328125 0.9578125 0.2578125 0.9578125
11 0.775 0.846875 0.8640625 0.846875 0.8640625 0.9625 0.775 0.9625
0 0.3703125 0.2953125 0.428125 0.2953125 0.428125 0.38125 0.3703125 0.38125
0 0.2640625 0.5140625 0.334375 0.5140625 0.334375 0.59375 0.2640625 0.59375
5 0.609375 0.846875 0.6796875 0.846875 0.6796875 0.953125 0.609375 0.953125
5 0.6171875 0.4125 0.6875 0.4125 0.6875 0.4921875 0.6171875 0.4921875
8 0.3625 0.1765625 0.4375 0.1765625 0.4375 0.2703125 0.3625 0.2703125
8 0.2671875 0.7296875 0.3515625 0.7296875 0.3515625 0.8203125 0.2671875 0.8203125
4 0.5296875 0.015625 0.6 0.015625 0.6 0.1625 0.5296875 0.1625
10 0.1625 0.1203125 0.26875 0.1203125 0.26875 0.259375 0.1625 0.259375