5 0.553125 0.4609375 0.621875 0.4609375 0.621875 0.5265625 0.553125 0.5265625
5 0.209375 0.484375 0.2984375 0.484375 0.2984375 0.55 0.209375 0.55
5 0.634375 0.584375 0.7109375 0.584375 0.7109375 0.65625 0.634375 0.65625
0 0.6296875 0.3765625 0.696875 0.3765625 0.696875 0.4375 0.6296875 0.4375
0 0.5578125 0.690625 0.621875 0.690625 0.621875 0.771875 0.5578125 0.771875
1 0.4390625 0.484375 0.509375 0.484375 0.509375 0.5609375 0.4390625 0.5609375
7 0.428125 0.3671875 0.50625 0.3671875 0.50625 0.4453125 0.428125 0.4453125
5 0.23125 0.790625 0.3140625 0.790625 0.3140625 0.8875 0.23125 0.8875
5 0.0953125 0.6765625 0.1921875 0.6765625 0.1921875 0.7671875 0.0953125 0.7671875
1 0.40625 0.1109375 0.4921875 0.1109375 0.4921875 0.2234375 0.40625 0.2234375
0 0.1953125 0.1625 0.2765625 0.1625 0.2765625 0.2453125 0.1953125 0.2453125
3 0.7375 0.2734375 0.8046875 0.2734375 0.8046875 0.33125 0.7375 0.33125
3 0.746875 0.34375 0.815625 0.34375 0.815625 0.4 0.746875 0.4
3 0.6265625 0.4609375 0.684375 0.4609375 0.684375 0.515625 0.6265625 0.515625
3 0.746875 0.55 0.815625 0.55 0.815625 0.6046875 0.746875 0.6046875
3 0.8375 0.453125 0.9125 0.453125 0.9125 0.5234375 0.8375 0.5234375
3 0.2328125 0.58125 0.2953125 0.58125 0.2953125 0.64375 0.2328125 0.64375
3 0.753125 0.7546875 0.821875 0.7546875 0.821875 0.8265625 0.753125 0.8265625
3 0.1328125 0.7984375 0.20625 0.7984375 0.20625 0.8765625 0.1328125 0.8765625
3 0.4515625 0.775 0.503125 0.775 0.503125 0.853125 0.4515625 0.853125
3 0.38125 0.88125 0.43125 0.88125 0.43125 0.9671875 0.38125 0.9671875
4 0.5515625 0.571875 0.628125 0.571875 0.628125 0.6734375 0.5515625 0.6734375
4 0.3328125 0.6671875 0.415625 0.6671875 0.415625 0.78125 0.3328125 0.78125
4 0.7546875 0.6515625 0.875 0.6515625 0.875 0.75625 0.7546875 0.75625
5 0.7625 0.859375 0.8515625 0.859375 0.8515625 0.9625 0.7625 0.9625
2 0.6609375 0.86875 0.734375 0.86875 0.734375 0.98125 0.6609375 0.98125
2 0.5484375 0.865625 0.6296875 0.865625 0.6296875 0.9671875 0.5484375 0.9671875
6 0.3421875 0.5765625 0.409375 0.5765625 0.409375 0.646875 0.3421875 0.646875
6 0.4515625 0.6578125 0.5109375 0.6578125 0.5109375 0.740625 0.4515625 0.740625
6 0.2296875 0.41875 0.309375 0.41875 0.309375 0.478125 0.2296875 0.478125
6 0.5484375 0.759375 0.609375 0.759375 0.609375 0.8546875 0.5484375 0.8546875
6 0.8703125 0.6515625 0.9703125 0.6515625 0.9703125 0.7390625 0.8703125 0.7390625
10 0.3234375 0.49375 0.4125 0.49375 0.4125 0.5703125 0.3234375 0.5703125
8 0.33125 0.39375 0.4078125 0.39375 0.4078125 0.465625 0.33125 0.465625
8 0.0828125 0.4859375 0.178125 0.4859375 0.178125 0.5609375 0.0828125 0.5609375
8 0.85625 0.5515625 0.959375 0.5515625 0.959375 0.6328125 0.85625 0.6328125
8 0.734375 0.45625 0.8296875 0.45625 0.8296875 0.5265625 0.734375 0.5265625
9 0.453125 0.8625 0.503125 0.8625 0.503125 0.9421875 0.453125 0.9421875
9 0.2546875 0.8890625 0.3140625 0.8890625 0.3140625 0.9671875 0.2546875 0.9671875
9 0.3765625 0.7765625 0.434375 0.7765625 0.434375 0.8484375 0.3765625 0.8484375
9 0.878125 0.86875 0.953125 0.86875 0.953125 0.9515625 0.878125 0.9515625
9 0.8734375 0.7625 0.95 0.7625 0.95 0.8375 0.8734375 0.8375
1 0.6421875 0.7609375 0.7421875 0.7609375 0.7421875 0.8890625 0.6421875 0.8890625
2 0.2046875 0.678125 0.3015625 0.678125 0.3015625 0.7546875 0.2046875 0.7546875
7 0.43125 0.575 0.50625 0.575 0.50625 0.6703125 0.43125 0.6703125
11 0.115625 0.9 0.20625 0.9 0.20625 0.9984375 0.115625 0.9984375
9 0.11875 0.5828125 0.196875 0.5828125 0.196875 0.6421875 0.11875 0.6421875
9 0.8421875 0.14375 0.9171875 0.14375 0.9171875 0.2140625 0.8421875 0.2140625
9 0.3296875 0.1625 0.39375 0.1625 0.39375 0.2328125 0.3296875 0.2328125
9 0.5421875 0.1578125 0.603125 0.1578125 0.603125 0.2265625 0.5421875 0.2265625
9 0.096875 0.2953125 0.18125 0.2953125 0.18125 0.359375 0.096875 0.359375
9 0.8453125 0.3328125 0.91875 0.3328125 0.91875 0.3921875 0.8453125 0.3921875
11 0.5296875 0.35625 0.5953125 0.35625 0.5953125 0.41875 0.5296875 0.41875
11 0.3 0.265625 0.378125 0.265625 0.378125 0.34375 0.3 0.34375
8 0.2375 0.2609375 0.315625 0.2609375 0.315625 0.3484375 0.2375 0.3484375
8 0.6296875 0.25625 0.7046875 0.25625 0.7046875 0.3328125 0.6296875 0.3328125
6 0.6328125 0.134375 0.7078125 0.134375 0.7078125 0.2265625 0.6328125 0.2265625
11 0.08125 0.384375 0.1828125 0.384375 0.1828125 0.453125 0.08125 0.453125
2 0.7515625 0.1515625 0.853125 0.1515625 0.853125 0.23125 0.7515625 0.23125
0 0.421875 0.240625 0.4828125 0.240625 0.4828125 0.321875 0.421875 0.321875
0 0.5265625 0.25625 0.5890625 0.25625 0.5890625 0.3328125 0.5265625 0.3328125
10 0.053125 0.13125 0.1828125 0.13125 0.1828125 0.2453125 0.053125 0.2453125
7 0.8375 0.2296875 0.975 0.2296875 0.975 0.3265625 0.8375 0.3265625
10 0.6359375 0.659375 0.7328125 0.659375 0.7328125 0.7734375 0.6359375 0.7734375