10 0.0703125 0.0890625 0.1890625 0.0890625 0.1890625 0.209375 0.0703125 0.209375
0 0.209375 0.0984375 0.2890625 0.0984375 0.2890625 0.2046875 0.209375 0.2046875
7 0.3140625 0.0953125 0.403125 0.0953125 0.403125 0.21875 0.3140625 0.21875
7 0.415625 0.103125 0.4953125 0.103125 0.4953125 0.21875 0.415625 0.21875
8 0.5109375 0.115625 0.590625 0.115625 0.590625 0.2 0.5109375 0.2
11 0.59375 0.1203125 0.65625 0.1203125 0.65625 0.2078125 0.59375 0.2078125
5 0.6859375 0.1 0.7703125 0.1 0.7703125 0.19375 0.6859375 0.19375
0 0.1140625 0.2296875 0.2078125 0.2296875 0.2078125 0.3125 0.1140625 0.3125
0 0.225 0.2421875 0.3078125 0.2421875 0.3078125 0.321875 0.225 0.321875
8 0.3984375 0.21875 0.4859375 0.21875 0.4859375 0.3046875 0.3984375 0.3046875
2 0.49375 0.2140625 0.5734375 0.2140625 0.5734375 0.296875 0.49375 0.296875
5 0.109375 0.3296875 0.20625 0.3296875 0.20625 0.40625 0.109375 0.40625
6 0.3203125 0.328125 0.3953125 0.328125 0.3953125 0.3984375 0.3203125 0.3984375
4 0.4046875 0.303125 0.4796875 0.303125 0.4796875 0.3890625 0.4046875 0.3890625
8 0.5046875 0.3046875 0.5890625 0.3046875 0.5890625 0.3765625 0.5046875 0.3765625
11 0.6125 0.3125 0.6875 0.3125 0.6875 0.384375 0.6125 0.384375
9 0.684375 0.325 0.7453125 0.325 0.7453125 0.3859375 0.684375 0.3859375
6 0.775 0.3078125 0.86875 0.3078125 0.86875 0.3875 0.775 0.3875
8 0.1109375 0.41875 0.2 0.41875 0.2 0.4890625 0.1109375 0.4890625
3 0.2234375 0.4171875 0.2953125 0.4171875 0.2953125 0.4796875 0.2234375 0.4796875
11 0.3421875 0.4234375 0.4171875 0.4234375 0.4171875 0.490625 0.3421875 0.490625
8 0.4171875 0.3984375 0.4890625 0.3984375 0.4890625 0.4734375 0.4171875 0.4734375
8 0.5 0.421875 0.5703125 0.421875 0.5703125 0.49375 0.5 0.49375
1 0.59375 0.41875 0.684375 0.41875 0.684375 0.49375 0.59375 0.49375
2 0.6921875 0.415625 0.7671875 0.415625 0.7671875 0.4828125 0.6921875 0.4828125
5 0.1171875 0.5296875 0.2140625 0.5296875 0.2140625 0.6 0.1171875 0.6
9 0.24375 0.5140625 0.309375 0.5140625 0.309375 0.5765625 0.24375 0.5765625
11 0.328125 0.50625 0.4078125 0.50625 0.4078125 0.5765625 0.328125 0.5765625
6 0.434375 0.5234375 0.5 0.5234375 0.5 0.59375 0.434375 0.59375
3 0.6125 0.5109375 0.678125 0.5109375 0.678125 0.5734375 0.6125 0.5734375
9 0.678125 0.5 0.740625 0.5 0.740625 0.55625 0.678125 0.55625
0 0.2078125 0.61875 0.296875 0.61875 0.296875 0.690625 0.2078125 0.690625
7 0.325 0.6125 0.4109375 0.6125 0.4109375 0.70625 0.325 0.70625
6 0.421875 0.6015625 0.484375 0.6015625 0.484375 0.6765625 0.421875 0.6765625
0 0.6765625 0.6015625 0.7640625 0.6015625 0.7640625 0.671875 0.6765625 0.671875
10 0.778125 0.58125 0.903125 0.58125 0.903125 0.66875 0.778125 0.66875
4 0.0953125 0.7125 0.2015625 0.7125 0.2015625 0.815625 0.0953125 0.815625
3 0.2546875 0.7015625 0.321875 0.7015625 0.321875 0.771875 0.2546875 0.771875
5 0.3625 0.7 0.425 0.7 0.425 0.7796875 0.3625 0.7796875
2 0.51875 0.7109375 0.59375 0.7109375 0.59375 0.809375 0.51875 0.809375
1 0.6 0.690625 0.690625 0.690625 0.690625 0.796875 0.6 0.796875
2 0.79375 0.6921875 0.9078125 0.6921875 0.9078125 0.771875 0.79375 0.771875
10 0.1296875 0.796875 0.2328125 0.796875 0.2328125 0.9140625 0.1296875 0.9140625
6 0.23125 0.8046875 0.315625 0.8046875 0.315625 0.8984375 0.23125 0.8984375
4 0.3296875 0.8046875 0.4140625 0.8046875 0.4140625 0.928125 0.3296875 0.928125
1 0.434375 0.7828125 0.5109375 0.7828125 0.5109375 0.9015625 0.434375 0.9015625
6 0.5328125 0.8015625 0.603125 0.8015625 0.603125 0.8890625 0.5328125 0.8890625
5 0.6140625 0.7875 0.690625 0.7875 0.690625 0.8796875 0.6140625 0.8796875
5 0.7015625 0.7859375 0.7859375 0.7859375 0.7859375 0.875 0.7015625 0.875