11 0.3234375 0.065625 0.3953125 0.065625 0.3953125 0.1609375 0.3234375 0.1609375
11 0.81875 0.2828125 0.91875 0.2828125 0.91875 0.3609375 0.81875 0.3609375
11 0.825 0.6828125 0.928125 0.6828125 0.928125 0.7828125 0.825 0.7828125
11 0.8375 0.7984375 0.940625 0.7984375 0.940625 0.903125 0.8375 0.903125
10 0.046875 0.371875 0.1921875 0.371875 0.1921875 0.4609375 0.046875 0.4609375
10 0.7171875 0.2625 0.8328125 0.2625 0.8328125 0.3625 0.7171875 0.3625
10 0.284375 0.5921875 0.39375 0.5921875 0.39375 0.684375 0.284375 0.684375
9 0.73125 0.5859375 0.8 0.5859375 0.8 0.6609375 0.73125 0.6609375
8 0.409375 0.065625 0.484375 0.065625 0.484375 0.1734375 0.409375 0.1734375
8 0.525 0.1625 0.603125 0.1625 0.603125 0.265625 0.525 0.265625
8 0.625 0.4828125 0.7 0.4828125 0.7 0.56875 0.625 0.56875
8 0.6140625 0.571875 0.6953125 0.571875 0.6953125 0.659375 0.6140625 0.659375
8 0.2109375 0.778125 0.290625 0.778125 0.290625 0.878125 0.2109375 0.878125
8 0.0875 0.6875 0.1984375 0.6875 0.1984375 0.7796875 0.0875 0.7796875
7 0.0421875 0.4859375 0.18125 0.4859375 0.18125 0.5671875 0.0421875 0.5671875
7 0.2875 0.390625 0.3859375 0.390625 0.3859375 0.4828125 0.2875 0.4828125
7 0.7234375 0.6828125 0.8328125 0.6828125 0.8328125 0.8046875 0.7234375 0.8046875
6 0.1984375 0.3859375 0.278125 0.3859375 0.278125 0.4578125 0.1984375 0.4578125
6 0.5171875 0.0578125 0.596875 0.0578125 0.596875 0.1625 0.5171875 0.1625
6 0.80625 0.390625 0.9 0.390625 0.9 0.4625 0.80625 0.4625
6 0.3 0.778125 0.3859375 0.778125 0.3859375 0.878125 0.3 0.878125
6 0.1015625 0.7984375 0.1984375 0.7984375 0.1984375 0.903125 0.1015625 0.903125
6 0.1953125 0.6 0.2828125 0.6 0.2828125 0.675 0.1953125 0.675
5 0.5328125 0.3828125 0.6046875 0.3828125 0.6046875 0.4578125 0.5328125 0.4578125
5 0.721875 0.1921875 0.815625 0.1921875 0.815625 0.2796875 0.721875 0.2796875
5 0.734375 0.49375 0.821875 0.49375 0.821875 0.571875 0.734375 0.571875
5 0.825 0.484375 0.9203125 0.484375 0.9203125 0.56875 0.825 0.56875
5 0.73125 0.803125 0.815625 0.803125 0.815625 0.9046875 0.73125 0.9046875
4 0.18125 0.2515625 0.296875 0.2515625 0.296875 0.35625 0.18125 0.35625
4 0.175 0.0140625 0.290625 0.0140625 0.290625 0.1546875 0.175 0.1546875
4 0.03125 0.58125 0.175 0.58125 0.175 0.6875 0.03125 0.6875
3 0.3203125 0.690625 0.390625 0.690625 0.390625 0.753125 0.3203125 0.753125
3 0.8390625 0.071875 0.928125 0.071875 0.928125 0.153125 0.8390625 0.153125
2 0.4078125 0.1734375 0.478125 0.1734375 0.478125 0.2671875 0.4078125 0.2671875
2 0.81875 0.1734375 0.928125 0.1734375 0.928125 0.2546875 0.81875 0.2546875
2 0.5203125 0.5765625 0.5953125 0.5765625 0.5953125 0.6671875 0.5203125 0.6671875
2 0.8171875 0.578125 0.915625 0.578125 0.915625 0.6640625 0.8171875 0.6640625
1 0.41875 0.26875 0.49375 0.26875 0.49375 0.3703125 0.41875 0.3703125
1 0.3921875 0.6671875 0.475 0.6671875 0.475 0.7734375 0.3921875 0.7734375
1 0.296875 0.4890625 0.396875 0.4890625 0.396875 0.5734375 0.296875 0.5734375
0 0.3 0.16875 0.3828125 0.16875 0.3828125 0.2625 0.3 0.2625
0 0.6125 0.18125 0.675 0.18125 0.675 0.265625 0.6125 0.265625
0 0.503125 0.2796875 0.578125 0.2796875 0.578125 0.3515625 0.503125 0.3515625
0 0.63125 0.384375 0.690625 0.384375 0.690625 0.459375 0.63125 0.459375
0 0.509375 0.6890625 0.575 0.6890625 0.575 0.7828125 0.509375 0.7828125
5 0.7265625 0.403125 0.815625 0.403125 0.815625 0.478125 0.7265625 0.478125