5 0.584375 0.421875 0.68125 0.421875 0.68125 0.49375 0.584375 0.49375
5 0.4984375 0.4984375 0.5796875 0.4984375 0.5796875 0.5671875 0.4984375 0.5671875
3 0.684375 0.1875 0.7796875 0.1875 0.7796875 0.25625 0.684375 0.25625
3 0.603125 0.1921875 0.6734375 0.1921875 0.6734375 0.2765625 0.603125 0.2765625
3 0.484375 0.2015625 0.578125 0.2015625 0.578125 0.2609375 0.484375 0.2609375
3 0.3984375 0.1984375 0.478125 0.1984375 0.478125 0.2828125 0.3984375 0.2828125
3 0.290625 0.2015625 0.378125 0.2015625 0.378125 0.2671875 0.290625 0.2671875
3 0.1921875 0.196875 0.26875 0.196875 0.26875 0.2671875 0.1921875 0.2671875
3 0.08125 0.209375 0.178125 0.209375 0.178125 0.28125 0.08125 0.28125
2 0.0890625 0.7 0.1984375 0.7 0.1984375 0.7921875 0.0890625 0.7921875
2 0.290625 0.6328125 0.38125 0.6328125 0.38125 0.7109375 0.290625 0.7109375
2 0.4 0.565625 0.4859375 0.565625 0.4859375 0.6359375 0.4 0.6359375
0 0.6859375 0.2703125 0.7890625 0.2703125 0.7890625 0.3390625 0.6859375 0.3390625
0 0.7 0.35 0.796875 0.35 0.796875 0.421875 0.7 0.421875
0 0.696875 0.421875 0.784375 0.421875 0.784375 0.4921875 0.696875 0.4921875
0 0.678125 0.4953125 0.775 0.4953125 0.775 0.5734375 0.678125 0.5734375
0 0.703125 0.58125 0.7859375 0.58125 0.7859375 0.65 0.703125 0.65
0 0.6765625 0.634375 0.778125 0.634375 0.778125 0.7125 0.6765625 0.7125
0 0.6921875 0.721875 0.7734375 0.721875 0.7734375 0.803125 0.6921875 0.803125