3 0.246875 0.0515625 0.278125 0.0515625 0.278125 0.128125 0.246875 0.128125
3 0.2984375 0.0671875 0.3265625 0.0671875 0.3265625 0.1390625 0.2984375 0.1390625
3 0.3421875 0.04375 0.36875 0.04375 0.36875 0.11875 0.3421875 0.11875
3 0.4203125 0.0421875 0.4453125 0.0421875 0.4453125 0.11875 0.4203125 0.11875
3 0.2015625 0.1546875 0.2328125 0.1546875 0.2328125 0.2328125 0.2015625 0.2328125
3 0.246875 0.23125 0.278125 0.23125 0.278125 0.3 0.246875 0.3
3 0.30625 0.1640625 0.3328125 0.1640625 0.3328125 0.234375 0.30625 0.234375
3 0.3390625 0.1484375 0.365625 0.1484375 0.365625 0.221875 0.3390625 0.221875
3 0.4296875 0.1546875 0.4578125 0.1546875 0.4578125 0.225 0.4296875 0.225
3 0.4703125 0.153125 0.4953125 0.153125 0.4953125 0.225 0.4703125 0.225
3 0.5109375 0.159375 0.5375 0.159375 0.5375 0.23125 0.5109375 0.23125
3 0.484375 0.2421875 0.509375 0.2421875 0.509375 0.3171875 0.484375 0.3171875
3 0.428125 0.253125 0.4578125 0.253125 0.4578125 0.321875 0.428125 0.321875
3 0.3875 0.2484375 0.4140625 0.2484375 0.4140625 0.3234375 0.3875 0.3234375
3 0.3859375 0.34375 0.4140625 0.34375 0.4140625 0.4078125 0.3859375 0.4078125
3 0.2984375 0.4296875 0.328125 0.4296875 0.328125 0.5 0.2984375 0.5
3 0.353125 0.446875 0.3796875 0.446875 0.3796875 0.509375 0.353125 0.509375
3 0.2953125 0.5328125 0.3265625 0.5328125 0.3265625 0.5984375 0.2953125 0.5984375
3 0.4390625 0.615625 0.4671875 0.615625 0.4671875 0.6796875 0.4390625 0.6796875
3 0.5234375 0.4515625 0.55 0.4515625 0.55 0.5140625 0.5234375 0.5140625
3 0.4796875 0.7171875 0.50625 0.7171875 0.50625 0.7859375 0.4796875 0.7859375
3 0.1921875 0.540625 0.2296875 0.540625 0.2296875 0.603125 0.1921875 0.603125
3 0.1984375 0.753125 0.234375 0.753125 0.234375 0.8171875 0.1984375 0.8171875
3 0.246875 0.753125 0.2796875 0.753125 0.2796875 0.8171875 0.246875 0.8171875
9 0.2984375 0.3421875 0.33125 0.3421875 0.33125 0.409375 0.2984375 0.409375
9 0.253125 0.4421875 0.284375 0.4421875 0.284375 0.5078125 0.253125 0.5078125
9 0.2546875 0.5453125 0.284375 0.5453125 0.284375 0.6109375 0.2546875 0.6109375
9 0.203125 0.6546875 0.2359375 0.6546875 0.2359375 0.71875 0.203125 0.71875
9 0.25 0.6375 0.28125 0.6375 0.28125 0.7140625 0.25 0.7140625
9 0.3 0.6609375 0.33125 0.6609375 0.33125 0.7171875 0.3 0.7171875
9 0.3359375 0.6359375 0.3625 0.6359375 0.3625 0.6953125 0.3359375 0.6953125
9 0.3453125 0.5390625 0.3734375 0.5390625 0.3734375 0.5984375 0.3453125 0.5984375
9 0.39375 0.5390625 0.41875 0.5390625 0.41875 0.6046875 0.39375 0.6046875
9 0.43125 0.3640625 0.4578125 0.3640625 0.4578125 0.43125 0.43125 0.43125
9 0.4375 0.4546875 0.465625 0.4546875 0.465625 0.521875 0.4375 0.521875
9 0.478125 0.3671875 0.503125 0.3671875 0.503125 0.421875 0.478125 0.421875
9 0.515625 0.3453125 0.5453125 0.3453125 0.5453125 0.4125 0.515625 0.4125
9 0.4265625 0.546875 0.4546875 0.546875 0.4546875 0.60625 0.4265625 0.60625
9 0.4734375 0.45625 0.5015625 0.45625 0.5015625 0.5140625 0.4734375 0.5140625
9 0.48125 0.5265625 0.5078125 0.5265625 0.5078125 0.584375 0.48125 0.584375
9 0.521875 0.53125 0.546875 0.53125 0.546875 0.590625 0.521875 0.590625
9 0.475 0.6328125 0.503125 0.6328125 0.503125 0.696875 0.475 0.696875
9 0.528125 0.6171875 0.55 0.6171875 0.55 0.675 0.528125 0.675
9 0.390625 0.6359375 0.415625 0.6359375 0.415625 0.690625 0.390625 0.690625
9 0.2875 0.7609375 0.3171875 0.7609375 0.3171875 0.8171875 0.2875 0.8171875
9 0.3375 0.7328125 0.359375 0.7328125 0.359375 0.7921875 0.3375 0.7921875
9 0.3875 0.7609375 0.4171875 0.7609375 0.4171875 0.8125 0.3875 0.8125
9 0.440625 0.7234375 0.46875 0.7234375 0.46875 0.790625 0.440625 0.790625