11 0.309375 0.7421875 0.396875 0.7421875 0.396875 0.8140625 0.309375 0.8140625
11 0.309375 0.5125 0.40625 0.5125 0.40625 0.578125 0.309375 0.578125
11 0.4015625 0.44375 0.490625 0.44375 0.490625 0.503125 0.4015625 0.503125
11 0.7875 0.359375 0.88125 0.359375 0.88125 0.434375 0.7875 0.434375
9 0.4015625 0.734375 0.4859375 0.734375 0.4859375 0.8015625 0.4015625 0.8015625
9 0.603125 0.584375 0.665625 0.584375 0.665625 0.6375 0.603125 0.6375
9 0.590625 0.4421875 0.671875 0.4421875 0.671875 0.4984375 0.590625 0.4984375
9 0.2265625 0.315625 0.309375 0.315625 0.309375 0.36875 0.2265625 0.36875
9 0.23125 0.2484375 0.3 0.2484375 0.3 0.3015625 0.23125 0.3015625
9 0.115625 0.665625 0.18125 0.665625 0.18125 0.728125 0.115625 0.728125
9 0.6859375 0.725 0.7796875 0.725 0.7796875 0.784375 0.6859375 0.784375
9 0.7703125 0.5875 0.8625 0.5875 0.8625 0.640625 0.7703125 0.640625
9 0.3171875 0.2390625 0.3890625 0.2390625 0.3890625 0.3 0.3171875 0.3
9 0.59375 0.2328125 0.66875 0.2328125 0.66875 0.3078125 0.59375 0.3078125
8 0.790625 0.73125 0.89375 0.73125 0.89375 0.8015625 0.790625 0.8015625
8 0.7921875 0.6625 0.8890625 0.6625 0.8890625 0.725 0.7921875 0.725
8 0.5796875 0.3703125 0.6671875 0.3703125 0.6671875 0.4453125 0.5796875 0.4453125
8 0.6921875 0.3046875 0.7859375 0.3046875 0.7859375 0.3703125 0.6921875 0.3703125
7 0.0703125 0.7359375 0.1984375 0.7359375 0.1984375 0.8203125 0.0703125 0.8203125
6 0.203125 0.734375 0.296875 0.734375 0.296875 0.8171875 0.203125 0.8171875
6 0.1171875 0.3578125 0.2234375 0.3578125 0.2234375 0.428125 0.1171875 0.428125
6 0.3203125 0.3734375 0.390625 0.3734375 0.390625 0.4359375 0.3203125 0.4359375
6 0.5109375 0.4421875 0.5828125 0.4421875 0.5828125 0.503125 0.5109375 0.503125
6 0.4984375 0.51875 0.5828125 0.51875 0.5828125 0.571875 0.4984375 0.571875
5 0.19375 0.66875 0.284375 0.66875 0.284375 0.725 0.19375 0.725
5 0.115625 0.44375 0.228125 0.44375 0.228125 0.50625 0.115625 0.50625
3 0.3125 0.5921875 0.3875 0.5921875 0.3875 0.653125 0.3125 0.653125
3 0.3984375 0.525 0.48125 0.525 0.48125 0.578125 0.3984375 0.578125
3 0.584375 0.5109375 0.68125 0.5109375 0.68125 0.5671875 0.584375 0.5671875
3 0.7 0.671875 0.778125 0.671875 0.778125 0.721875 0.7 0.721875
3 0.6796875 0.2328125 0.7640625 0.2328125 0.7640625 0.2953125 0.6796875 0.2953125
3 0.128125 0.23125 0.2125 0.23125 0.2125 0.296875 0.128125 0.296875
3 0.5125 0.2296875 0.584375 0.2296875 0.584375 0.3015625 0.5125 0.3015625
2 0.50625 0.7234375 0.5875 0.7234375 0.5875 0.79375 0.50625 0.79375
2 0.603125 0.7328125 0.709375 0.7328125 0.709375 0.8046875 0.603125 0.8046875
2 0.7828125 0.2296875 0.8671875 0.2296875 0.8671875 0.3046875 0.7828125 0.3046875
0 0.090625 0.5859375 0.2140625 0.5859375 0.2140625 0.6515625 0.090625 0.6515625
0 0.09375 0.51875 0.209375 0.51875 0.209375 0.571875 0.09375 0.571875
0 0.09375 0.29375 0.209375 0.29375 0.209375 0.359375 0.09375 0.359375
0 0.421875 0.2171875 0.496875 0.2171875 0.496875 0.3 0.421875 0.3
0 0.7640625 0.515625 0.875 0.515625 0.875 0.58125 0.7640625 0.58125
0 0.7640625 0.440625 0.884375 0.440625 0.884375 0.50625 0.7640625 0.50625
0 0.30625 0.434375 0.39375 0.434375 0.39375 0.5 0.30625 0.5