5 0.7953125 0.0953125 0.878125 0.0953125 0.878125 0.1859375 0.7953125 0.1859375
5 0.70625 0.5765625 0.784375 0.5765625 0.784375 0.64375 0.70625 0.64375
5 0.51875 0.5875 0.584375 0.5875 0.584375 0.66875 0.51875 0.66875
5 0.809375 0.3015625 0.896875 0.3015625 0.896875 0.38125 0.809375 0.38125
0 0.59375 0.5875 0.6625 0.5875 0.6625 0.6515625 0.59375 0.6515625
0 0.51875 0.49375 0.5796875 0.49375 0.5796875 0.5578125 0.51875 0.5578125
0 0.5140625 0.7734375 0.5796875 0.7734375 0.5796875 0.85625 0.5140625 0.85625
0 0.43125 0.4890625 0.4890625 0.4890625 0.4890625 0.55 0.43125 0.55
1 0.7859375 0.490625 0.90625 0.490625 0.90625 0.5640625 0.7859375 0.5640625
1 0.7953125 0.7734375 0.9046875 0.7734375 0.9046875 0.8671875 0.7953125 0.8671875
3 0.79375 0.590625 0.8625 0.590625 0.8625 0.6484375 0.79375 0.6484375
3 0.703125 0.3078125 0.765625 0.3078125 0.765625 0.365625 0.703125 0.365625
3 0.7109375 0.678125 0.775 0.678125 0.775 0.740625 0.7109375 0.740625
3 0.6359375 0.509375 0.6921875 0.509375 0.6921875 0.559375 0.6359375 0.559375
3 0.63125 0.675 0.6890625 0.675 0.6890625 0.73125 0.63125 0.73125
3 0.43125 0.1171875 0.484375 0.1171875 0.484375 0.1859375 0.43125 0.1859375
3 0.428125 0.215625 0.478125 0.215625 0.478125 0.2875 0.428125 0.2875
3 0.4484375 0.4234375 0.5015625 0.4234375 0.5015625 0.4765625 0.4484375 0.4765625
3 0.44375 0.684375 0.5 0.684375 0.5 0.74375 0.44375 0.74375
3 0.60625 0.4046875 0.684375 0.4046875 0.684375 0.4828125 0.60625 0.4828125
2 0.7984375 0.6765625 0.9125 0.6765625 0.9125 0.765625 0.7984375 0.765625
4 0.796875 0.215625 0.871875 0.215625 0.871875 0.2796875 0.796875 0.2796875
9 0.7109375 0.121875 0.771875 0.121875 0.771875 0.19375 0.7109375 0.19375
9 0.5359375 0.128125 0.5953125 0.128125 0.5953125 0.2 0.5359375 0.2
9 0.4375 0.765625 0.490625 0.765625 0.490625 0.84375 0.4375 0.84375
7 0.79375 0.4 0.9 0.4 0.9 0.478125 0.79375 0.478125
7 0.6953125 0.771875 0.79375 0.771875 0.79375 0.884375 0.6953125 0.884375
7 0.5125 0.675 0.58125 0.675 0.58125 0.76875 0.5125 0.76875
10 0.703125 0.1953125 0.7984375 0.1953125 0.7984375 0.290625 0.703125 0.290625
10 0.6984375 0.3953125 0.790625 0.3953125 0.790625 0.4671875 0.6984375 0.4671875
10 0.696875 0.48125 0.784375 0.48125 0.784375 0.5546875 0.696875 0.5546875
11 0.609375 0.096875 0.678125 0.096875 0.678125 0.1890625 0.609375 0.1890625
11 0.6125 0.2109375 0.6890625 0.2109375 0.6890625 0.290625 0.6125 0.290625
11 0.4421875 0.596875 0.5078125 0.596875 0.5078125 0.6734375 0.4421875 0.6734375
6 0.60625 0.30625 0.66875 0.30625 0.66875 0.3765625 0.60625 0.3765625
6 0.43125 0.3109375 0.490625 0.3109375 0.490625 0.3765625 0.43125 0.3765625
8 0.615625 0.7515625 0.684375 0.7515625 0.684375 0.8453125 0.615625 0.8453125
8 0.525 0.2125 0.596875 0.2125 0.596875 0.2875 0.525 0.2875
8 0.5171875 0.3015625 0.584375 0.3015625 0.584375 0.38125 0.5171875 0.38125
8 0.5265625 0.396875 0.590625 0.396875 0.590625 0.465625 0.5265625 0.465625
8 0.3453125 0.115625 0.4125 0.115625 0.4125 0.1953125 0.3453125 0.1953125
6 0.3484375 0.3171875 0.415625 0.3171875 0.415625 0.3875 0.3484375 0.3875
6 0.240625 0.2125 0.315625 0.2125 0.315625 0.28125 0.240625 0.28125
6 0.15625 0.1234375 0.2359375 0.1234375 0.2359375 0.2078125 0.15625 0.2078125
11 0.3390625 0.5734375 0.4109375 0.5734375 0.4109375 0.6390625 0.3390625 0.6390625
8 0.240625 0.496875 0.325 0.496875 0.325 0.5640625 0.240625 0.5640625
8 0.13125 0.3171875 0.221875 0.3171875 0.221875 0.3828125 0.13125 0.3828125
8 0.2578125 0.321875 0.31875 0.321875 0.31875 0.384375 0.2578125 0.384375
9 0.253125 0.4140625 0.31875 0.4140625 0.31875 0.475 0.253125 0.475
9 0.1546875 0.234375 0.2234375 0.234375 0.2234375 0.296875 0.1546875 0.296875
9 0.1671875 0.40625 0.2328125 0.40625 0.2328125 0.459375 0.1671875 0.459375
5 0.340625 0.2265625 0.4109375 0.2265625 0.4109375 0.3046875 0.340625 0.3046875
3 0.340625 0.4234375 0.396875 0.4234375 0.396875 0.4796875 0.340625 0.4796875
3 0.253125 0.6 0.31875 0.6 0.31875 0.665625 0.253125 0.665625
3 0.24375 0.121875 0.3046875 0.121875 0.3046875 0.19375 0.24375 0.19375
3 0.15 0.603125 0.225 0.603125 0.225 0.6640625 0.15 0.6640625
5 0.34375 0.5 0.415625 0.5 0.415625 0.5609375 0.34375 0.5609375
5 0.1453125 0.4859375 0.23125 0.4859375 0.23125 0.553125 0.1453125 0.553125
5 0.340625 0.6703125 0.41875 0.6703125 0.41875 0.740625 0.340625 0.740625
2 0.3375 0.7734375 0.4125 0.7734375 0.4125 0.8640625 0.3375 0.8640625
2 0.25 0.690625 0.328125 0.690625 0.328125 0.76875 0.25 0.76875
1 0.23125 0.7734375 0.33125 0.7734375 0.33125 0.88125 0.23125 0.88125
4 0.125 0.68125 0.2375 0.68125 0.2375 0.78125 0.125 0.78125
4 0.1203125 0.7671875 0.2328125 0.7671875 0.2328125 0.8734375 0.1203125 0.8734375