4 0.0453125 0.0625 0.165625 0.0625 0.165625 0.190625 0.0453125 0.190625
4 0.1515625 0.065625 0.265625 0.065625 0.265625 0.1953125 0.1515625 0.1953125
3 0.2890625 0.1125 0.35625 0.1125 0.35625 0.1875 0.2890625 0.1875
3 0.290625 0.2203125 0.3515625 0.2203125 0.3515625 0.2859375 0.290625 0.2859375
3 0.8109375 0.234375 0.8921875 0.234375 0.8921875 0.3046875 0.8109375 0.3046875
3 0.4890625 0.325 0.55 0.325 0.55 0.3921875 0.4890625 0.3921875
3 0.1859375 0.43125 0.25625 0.43125 0.25625 0.4921875 0.1859375 0.4921875
3 0.4890625 0.44375 0.546875 0.44375 0.546875 0.50625 0.4890625 0.50625
3 0.703125 0.43125 0.7796875 0.43125 0.7796875 0.496875 0.703125 0.496875
3 0.80625 0.4375 0.8921875 0.4375 0.8921875 0.5 0.80625 0.5
3 0.184375 0.6390625 0.2640625 0.6390625 0.2640625 0.7125 0.184375 0.7125
3 0.384375 0.64375 0.453125 0.64375 0.453125 0.71875 0.384375 0.71875
5 0.4125 0.1015625 0.4890625 0.1015625 0.4890625 0.203125 0.4125 0.203125
5 0.3984375 0.3265625 0.46875 0.3265625 0.46875 0.403125 0.3984375 0.403125
5 0.2734375 0.5171875 0.3546875 0.5171875 0.3546875 0.5875 0.2734375 0.5875
9 0.5171875 0.1359375 0.5796875 0.1359375 0.5796875 0.2125 0.5171875 0.2125
9 0.7046875 0.1265625 0.7703125 0.1265625 0.7703125 0.20625 0.7046875 0.20625
9 0.496875 0.2359375 0.5625 0.2359375 0.5625 0.303125 0.496875 0.303125
9 0.6046875 0.2421875 0.6734375 0.2421875 0.6734375 0.30625 0.6046875 0.30625
9 0.075 0.4171875 0.159375 0.4171875 0.159375 0.484375 0.075 0.484375
8 0.603125 0.096875 0.678125 0.096875 0.678125 0.2 0.603125 0.2
8 0.4078125 0.2140625 0.4765625 0.2140625 0.4765625 0.3046875 0.4078125 0.3046875
8 0.4984375 0.528125 0.575 0.528125 0.575 0.6046875 0.4984375 0.6046875
8 0.59375 0.51875 0.6734375 0.51875 0.6734375 0.6078125 0.59375 0.6078125
8 0.69375 0.53125 0.778125 0.53125 0.778125 0.621875 0.69375 0.621875
8 0.0609375 0.6171875 0.1703125 0.6171875 0.1703125 0.7078125 0.0609375 0.7078125
6 0.8 0.1328125 0.896875 0.1328125 0.896875 0.228125 0.8 0.228125
6 0.7109375 0.228125 0.796875 0.228125 0.796875 0.3125 0.7109375 0.3125
6 0.5921875 0.3453125 0.6734375 0.3453125 0.6734375 0.421875 0.5921875 0.421875
6 0.796875 0.3453125 0.8921875 0.3453125 0.8921875 0.4171875 0.796875 0.4171875
6 0.596875 0.6203125 0.675 0.6203125 0.675 0.7 0.596875 0.7
1 0.025 0.1921875 0.15625 0.1921875 0.15625 0.2953125 0.025 0.2953125
2 0.1625 0.2078125 0.2578125 0.2078125 0.2578125 0.296875 0.1625 0.296875
2 0.0453125 0.3046875 0.15625 0.3046875 0.15625 0.3875 0.0453125 0.3875
2 0.190625 0.321875 0.278125 0.321875 0.278125 0.40625 0.190625 0.40625
2 0.4828125 0.61875 0.5578125 0.61875 0.5578125 0.7125 0.4828125 0.7125
2 0.3046875 0.3203125 0.384375 0.3203125 0.384375 0.39375 0.3046875 0.39375
11 0.271875 0.4296875 0.3578125 0.4296875 0.3578125 0.503125 0.271875 0.503125
5 0.684375 0.3359375 0.7734375 0.3359375 0.7734375 0.4171875 0.684375 0.4171875
5 0.4078125 0.41875 0.4703125 0.41875 0.4703125 0.4953125 0.4078125 0.4953125
0 0.3984375 0.5171875 0.46875 0.5171875 0.46875 0.590625 0.3984375 0.590625
0 0.284375 0.6046875 0.3640625 0.6046875 0.3640625 0.68125 0.284375 0.68125
6 0.596875 0.4296875 0.678125 0.4296875 0.678125 0.4984375 0.596875 0.4984375
11 0.6828125 0.6359375 0.7765625 0.6359375 0.7765625 0.7203125 0.6828125 0.7203125
11 0.7953125 0.63125 0.9046875 0.63125 0.9046875 0.715625 0.7953125 0.715625
9 0.790625 0.546875 0.8703125 0.546875 0.8703125 0.621875 0.790625 0.621875
9 0.0546875 0.5078125 0.1484375 0.5078125 0.1484375 0.5828125 0.0546875 0.5828125
7 0.15 0.509375 0.2640625 0.509375 0.2640625 0.59375 0.15 0.59375
7 0.01875 0.7078125 0.15 0.7078125 0.15 0.8296875 0.01875 0.8296875
3 0.1875 0.7265625 0.2578125 0.7265625 0.2578125 0.8125 0.1875 0.8125
3 0.596875 0.7234375 0.6625 0.7234375 0.6625 0.8046875 0.596875 0.8046875
3 0.2828125 0.8203125 0.3546875 0.8203125 0.3546875 0.909375 0.2828125 0.909375
5 0.2921875 0.721875 0.378125 0.721875 0.378125 0.81875 0.2921875 0.81875
10 0.3953125 0.7140625 0.4734375 0.7140625 0.4734375 0.8265625 0.3953125 0.8265625
10 0.4875 0.7203125 0.5796875 0.7203125 0.5796875 0.8375 0.4875 0.8375
10 0.684375 0.725 0.796875 0.725 0.796875 0.846875 0.684375 0.846875
9 0.7953125 0.7359375 0.8765625 0.7359375 0.8765625 0.8109375 0.7953125 0.8109375
1 0.03125 0.8234375 0.159375 0.8234375 0.159375 0.9484375 0.03125 0.9484375
1 0.38125 0.8234375 0.4625 0.8234375 0.4625 0.95 0.38125 0.95
1 0.1453125 0.8265625 0.26875 0.8265625 0.26875 0.95625 0.1453125 0.95625
4 0.4859375 0.825 0.5703125 0.825 0.5703125 0.95 0.4859375 0.95
0 0.5875 0.840625 0.671875 0.840625 0.671875 0.95 0.5875 0.95
9 0.6859375 0.8296875 0.7609375 0.8296875 0.7609375 0.9140625 0.6859375 0.9140625
5 0.790625 0.8265625 0.89375 0.8265625 0.89375 0.9296875 0.790625 0.9296875