11 0.13125 0.6046875 0.221875 0.6046875 0.221875 0.68125 0.13125 0.68125
11 0.8109375 0.0734375 0.921875 0.0734375 0.921875 0.1640625 0.8109375 0.1640625
11 0.3296875 0.103125 0.4046875 0.103125 0.4046875 0.19375 0.3296875 0.19375
11 0.790625 0.4953125 0.8796875 0.4953125 0.8796875 0.56875 0.790625 0.56875
10 0.3171875 0.1859375 0.396875 0.1859375 0.396875 0.290625 0.3171875 0.290625
10 0.628125 0.5921875 0.7171875 0.5921875 0.7171875 0.6859375 0.628125 0.6859375
10 0.41875 0.7953125 0.509375 0.7953125 0.509375 0.925 0.41875 0.925
9 0.43125 0.1921875 0.4875 0.1921875 0.4875 0.2640625 0.43125 0.2640625
8 0.2234375 0.4109375 0.3046875 0.4109375 0.3046875 0.4875 0.2234375 0.4875
8 0.521875 0.2953125 0.5875 0.2953125 0.5875 0.3796875 0.521875 0.3796875
8 0.6015625 0.309375 0.6828125 0.309375 0.6828125 0.384375 0.6015625 0.384375
8 0.8078125 0.6890625 0.9046875 0.6890625 0.9046875 0.7609375 0.8078125 0.7609375
8 0.7234375 0.78125 0.8125 0.78125 0.8125 0.8796875 0.7234375 0.8796875
8 0.128125 0.5234375 0.2265625 0.5234375 0.2265625 0.5953125 0.128125 0.5953125
7 0.7109375 0.1734375 0.8296875 0.1734375 0.8296875 0.2734375 0.7109375 0.2734375
7 0.446875 0.609375 0.5203125 0.609375 0.5203125 0.7109375 0.446875 0.7109375
7 0.5296875 0.7953125 0.6125 0.7953125 0.6125 0.9234375 0.5296875 0.9234375
6 0.1328125 0.4234375 0.2171875 0.4234375 0.2171875 0.49375 0.1328125 0.49375
6 0.625 0.5015625 0.69375 0.5015625 0.69375 0.5734375 0.625 0.5734375
6 0.8359375 0.7671875 0.9390625 0.7671875 0.9390625 0.865625 0.8359375 0.865625
6 0.4375 0.7109375 0.503125 0.7109375 0.503125 0.7921875 0.4375 0.7921875
6 0.8140625 0.2109375 0.909375 0.2109375 0.909375 0.290625 0.8140625 0.290625
6 0.640625 0.6921875 0.715625 0.6921875 0.715625 0.784375 0.640625 0.784375
5 0.246875 0.2 0.3171875 0.2 0.3171875 0.290625 0.246875 0.290625
5 0.33125 0.315625 0.40625 0.315625 0.40625 0.3953125 0.33125 0.3953125
5 0.8140625 0.6078125 0.909375 0.6078125 0.909375 0.6890625 0.8140625 0.6890625
5 0.809375 0.425 0.90625 0.425 0.90625 0.4953125 0.809375 0.4953125
5 0.8078125 0.3109375 0.9125 0.3109375 0.9125 0.3921875 0.8078125 0.3921875
5 0.521875 0.090625 0.59375 0.090625 0.59375 0.19375 0.521875 0.19375
4 0.634375 0.803125 0.73125 0.803125 0.73125 0.925 0.634375 0.925
4 0.0921875 0.7015625 0.2109375 0.7015625 0.2109375 0.8296875 0.0921875 0.8296875
3 0.528125 0.525 0.590625 0.525 0.590625 0.5828125 0.528125 0.5828125
3 0.121875 0.1015625 0.203125 0.1015625 0.203125 0.1796875 0.121875 0.1796875
2 0.2234375 0.090625 0.3 0.090625 0.3 0.190625 0.2234375 0.190625
2 0.6125 0.39375 0.6921875 0.39375 0.6921875 0.484375 0.6125 0.484375
2 0.2375 0.5171875 0.3125 0.5171875 0.3125 0.596875 0.2375 0.596875
2 0.415625 0.5078125 0.4859375 0.5078125 0.4859375 0.58125 0.415625 0.58125
1 0.515625 0.4078125 0.6 0.4078125 0.6 0.4859375 0.515625 0.4859375
1 0.70625 0.3125 0.8171875 0.3125 0.8171875 0.39375 0.70625 0.39375
4 0.3125 0.69375 0.3984375 0.69375 0.3984375 0.809375 0.3125 0.809375
1 0.5390625 0.5921875 0.61875 0.5921875 0.61875 0.6859375 0.5390625 0.6859375
0 0.43125 0.3046875 0.496875 0.3046875 0.496875 0.3796875 0.43125 0.3796875
0 0.228125 0.33125 0.3078125 0.33125 0.3078125 0.396875 0.228125 0.396875
0 0.3359375 0.428125 0.4 0.428125 0.4 0.49375 0.3359375 0.49375
0 0.7203125 0.4140625 0.80625 0.4140625 0.80625 0.4890625 0.7203125 0.4890625
0 0.2328125 0.6125 0.3078125 0.6125 0.3078125 0.696875 0.2328125 0.696875