11 0.7125 0.521875 0.8015625 0.521875 0.8015625 0.603125 0.7125 0.603125
11 0.7046875 0.628125 0.7921875 0.628125 0.7921875 0.7125 0.7046875 0.7125
10 0.5 0.1796875 0.590625 0.1796875 0.590625 0.2953125 0.5 0.2953125
10 0.178125 0.634375 0.309375 0.634375 0.309375 0.7453125 0.178125 0.7453125
10 0.2890625 0.4265625 0.3953125 0.4265625 0.3953125 0.51875 0.2890625 0.51875
9 0.8265625 0.0828125 0.9078125 0.0828125 0.9078125 0.1734375 0.8265625 0.1734375
9 0.8578125 0.2078125 0.9421875 0.2078125 0.9421875 0.2921875 0.8578125 0.2921875
9 0.828125 0.428125 0.925 0.428125 0.925 0.5 0.828125 0.5
9 0.8171875 0.51875 0.909375 0.51875 0.909375 0.5890625 0.8171875 0.5890625
9 0.8140625 0.64375 0.9015625 0.64375 0.9015625 0.71875 0.8140625 0.71875
9 0.83125 0.8421875 0.915625 0.8421875 0.915625 0.9390625 0.83125 0.9390625
9 0.4 0.13125 0.4703125 0.13125 0.4703125 0.215625 0.4 0.215625
9 0.4046875 0.2171875 0.4796875 0.2171875 0.4796875 0.2890625 0.4046875 0.2890625
9 0.3015625 0.10625 0.38125 0.10625 0.38125 0.1890625 0.3015625 0.1890625
9 0.31875 0.7484375 0.396875 0.7484375 0.396875 0.8328125 0.31875 0.8328125
9 0.196875 0.328125 0.284375 0.328125 0.284375 0.3953125 0.196875 0.3953125
9 0.190625 0.428125 0.2734375 0.428125 0.2734375 0.5 0.190625 0.5
9 0.0875 0.2390625 0.184375 0.2390625 0.184375 0.3109375 0.0875 0.3109375
9 0.08125 0.8484375 0.16875 0.8484375 0.16875 0.9421875 0.08125 0.9421875
9 0.60625 0.7453125 0.684375 0.7453125 0.684375 0.8203125 0.60625 0.8203125
7 0.5078125 0.6421875 0.5953125 0.6421875 0.5953125 0.7484375 0.5078125 0.7484375
7 0.2703125 0.309375 0.3921875 0.309375 0.3921875 0.409375 0.2703125 0.409375
7 0.2890625 0.51875 0.3953125 0.51875 0.3953125 0.60625 0.2890625 0.60625
6 0.821875 0.7296875 0.9375 0.7296875 0.9375 0.8234375 0.821875 0.8234375
6 0.4 0.3265625 0.484375 0.3265625 0.484375 0.40625 0.4 0.40625
6 0.41875 0.521875 0.484375 0.521875 0.484375 0.5875 0.41875 0.5875
6 0.3984375 0.640625 0.4734375 0.640625 0.4734375 0.715625 0.3984375 0.715625
6 0.30625 0.6296875 0.390625 0.6296875 0.390625 0.709375 0.30625 0.709375
6 0.171875 0.5375 0.278125 0.5375 0.278125 0.61875 0.171875 0.61875
5 0.696875 0.1890625 0.7890625 0.1890625 0.7890625 0.2875 0.696875 0.2875
5 0.6125 0.1703125 0.690625 0.1703125 0.690625 0.2734375 0.6125 0.2734375
5 0.5921875 0.621875 0.6671875 0.621875 0.6671875 0.715625 0.5921875 0.715625
5 0.30625 0.85 0.390625 0.85 0.390625 0.95625 0.30625 0.95625
5 0.1859375 0.8390625 0.2875 0.8390625 0.2875 0.9421875 0.1859375 0.9421875
5 0.0875 0.63125 0.1984375 0.63125 0.1984375 0.7203125 0.0875 0.7203125
4 0.05625 0.528125 0.190625 0.528125 0.190625 0.615625 0.05625 0.615625
4 0.503125 0.41875 0.58125 0.41875 0.58125 0.5125 0.503125 0.5125
4 0.159375 0.1828125 0.2875 0.1828125 0.2875 0.2984375 0.159375 0.2984375
3 0.828125 0.34375 0.909375 0.34375 0.909375 0.415625 0.828125 0.415625
3 0.7375 0.0984375 0.80625 0.0984375 0.80625 0.1828125 0.7375 0.1828125
3 0.71875 0.85 0.8 0.85 0.8 0.9390625 0.71875 0.9390625
3 0.615625 0.0875 0.6875 0.0875 0.6875 0.1625 0.615625 0.1625
3 0.61875 0.8375 0.69375 0.8375 0.69375 0.9203125 0.61875 0.9203125
3 0.528125 0.734375 0.596875 0.734375 0.596875 0.809375 0.528125 0.809375
3 0.51875 0.85625 0.5890625 0.85625 0.5890625 0.9375 0.51875 0.9375
3 0.4125 0.84375 0.478125 0.84375 0.478125 0.91875 0.4125 0.91875
3 0.315625 0.215625 0.384375 0.215625 0.384375 0.29375 0.315625 0.29375
3 0.1921875 0.1 0.2796875 0.1 0.2796875 0.175 0.1921875 0.175
3 0.20625 0.7609375 0.290625 0.7609375 0.290625 0.83125 0.20625 0.83125
3 0.084375 0.1171875 0.159375 0.1171875 0.159375 0.2015625 0.084375 0.2015625
3 0.096875 0.328125 0.184375 0.328125 0.184375 0.39375 0.096875 0.39375
3 0.0703125 0.4375 0.1625 0.4375 0.1625 0.509375 0.0703125 0.509375
2 0.703125 0.7484375 0.7828125 0.7484375 0.7828125 0.85 0.703125 0.85
2 0.5140625 0.0515625 0.5984375 0.0515625 0.5984375 0.1703125 0.5140625 0.1703125
2 0.4078125 0.740625 0.5046875 0.740625 0.5046875 0.840625 0.4078125 0.840625
2 0.071875 0.740625 0.190625 0.740625 0.190625 0.8375 0.071875 0.8375
1 0.7015625 0.3 0.8078125 0.3 0.8078125 0.40625 0.7015625 0.40625
1 0.61875 0.296875 0.703125 0.296875 0.703125 0.390625 0.61875 0.390625
1 0.596875 0.425 0.68125 0.425 0.68125 0.5 0.596875 0.5
0 0.7 0.44375 0.7875 0.44375 0.7875 0.509375 0.7 0.509375
0 0.6375 0.5265625 0.7015625 0.5265625 0.7015625 0.603125 0.6375 0.603125
0 0.50625 0.31875 0.56875 0.31875 0.56875 0.3953125 0.50625 0.3953125
0 0.521875 0.534375 0.603125 0.534375 0.603125 0.6 0.521875 0.6
0 0.409375 0.4375 0.484375 0.4375 0.484375 0.509375 0.409375 0.509375