2 0.0640625 0.7 0.1625 0.7 0.1625 0.809375 0.0640625 0.809375
2 0.1671875 0.684375 0.2671875 0.684375 0.2671875 0.79375 0.1671875 0.79375
2 0.2953125 0.703125 0.3796875 0.703125 0.3796875 0.809375 0.2953125 0.809375
2 0.40625 0.690625 0.4890625 0.690625 0.4890625 0.790625 0.40625 0.790625
2 0.5984375 0.70625 0.6734375 0.70625 0.6734375 0.803125 0.5984375 0.803125
2 0.7109375 0.671875 0.7984375 0.671875 0.7984375 0.790625 0.7109375 0.790625
2 0.8 0.6859375 0.9265625 0.6859375 0.9265625 0.7859375 0.8 0.7859375
2 0.175 0.81875 0.278125 0.81875 0.278125 0.934375 0.175 0.934375
2 0.2875 0.821875 0.38125 0.821875 0.38125 0.9421875 0.2875 0.9421875
2 0.5109375 0.8046875 0.596875 0.8046875 0.596875 0.9109375 0.5109375 0.9109375
2 0.5984375 0.80625 0.6921875 0.80625 0.6921875 0.915625 0.5984375 0.915625
2 0.7046875 0.7953125 0.7984375 0.7953125 0.7984375 0.909375 0.7046875 0.909375
2 0.809375 0.8015625 0.91875 0.8015625 0.91875 0.9125 0.809375 0.9125
8 0.084375 0.153125 0.1640625 0.153125 0.1640625 0.271875 0.084375 0.271875
8 0.19375 0.165625 0.29375 0.165625 0.29375 0.271875 0.19375 0.271875
8 0.2984375 0.178125 0.3828125 0.178125 0.3828125 0.284375 0.2984375 0.284375
8 0.396875 0.1734375 0.4984375 0.1734375 0.4984375 0.2828125 0.396875 0.2828125
8 0.4953125 0.1953125 0.590625 0.1953125 0.590625 0.2984375 0.4953125 0.2984375
8 0.59375 0.1703125 0.6796875 0.1703125 0.6796875 0.2890625 0.59375 0.2890625
8 0.69375 0.1609375 0.775 0.1609375 0.775 0.284375 0.69375 0.284375
8 0.79375 0.2046875 0.915625 0.2046875 0.915625 0.2953125 0.79375 0.2953125
8 0.0734375 0.0453125 0.1640625 0.0453125 0.1640625 0.1515625 0.0734375 0.1515625
8 0.18125 0.0390625 0.2859375 0.0390625 0.2859375 0.1640625 0.18125 0.1640625
8 0.2953125 0.05 0.3796875 0.05 0.3796875 0.1765625 0.2953125 0.1765625
8 0.3859375 0.065625 0.475 0.065625 0.475 0.1765625 0.3859375 0.1765625
8 0.4875 0.075 0.5703125 0.075 0.5703125 0.18125 0.4875 0.18125
8 0.5890625 0.0671875 0.678125 0.0671875 0.678125 0.165625 0.5890625 0.165625
8 0.6984375 0.0546875 0.7890625 0.0546875 0.7890625 0.1765625 0.6984375 0.1765625
8 0.7890625 0.075 0.9046875 0.075 0.9046875 0.1859375 0.7890625 0.1859375