1 0.6171875 0.53125 0.7234375 0.53125 0.7234375 0.58125 0.6171875 0.58125
1 0.1796875 0.48125 0.30625 0.48125 0.30625 0.51875 0.1796875 0.51875
5 0.2109375 0.4375 0.2984375 0.4375 0.2984375 0.46875 0.2109375 0.46875
5 0.6296875 0.49375 0.71875 0.49375 0.71875 0.528125 0.6296875 0.528125
0 0.1828125 0.3734375 0.2859375 0.3734375 0.2859375 0.4046875 0.1828125 0.4046875
0 0.621875 0.3078125 0.709375 0.3078125 0.709375 0.3421875 0.621875 0.3421875
2 0.1859375 0.3203125 0.2796875 0.3203125 0.2796875 0.3546875 0.1859375 0.3546875
2 0.3453125 0.3265625 0.43125 0.3265625 0.43125 0.3609375 0.3453125 0.3609375
2 0.2796875 0.403125 0.371875 0.403125 0.371875 0.4375 0.2796875 0.4375
2 0.425 0.525 0.521875 0.525 0.521875 0.5640625 0.425 0.5640625
4 0.6109375 0.4109375 0.725 0.4109375 0.725 0.4453125 0.6109375 0.4453125
5 0.515625 0.3171875 0.6 0.3171875 0.6 0.353125 0.515625 0.353125
4 0.703125 0.35625 0.815625 0.35625 0.815625 0.39375 0.703125 0.39375