0 0.4921875 0.8203125 0.521875 0.8203125 0.521875 0.934375 0.4921875 0.934375
0 0.628125 0.725 0.659375 0.725 0.659375 0.8375 0.628125 0.8375
0 0.3375 0.5109375 0.375 0.5109375 0.375 0.6109375 0.3375 0.6109375
0 0.384375 0.609375 0.41875 0.609375 0.41875 0.7109375 0.384375 0.7109375
0 0.6875 0.3140625 0.728125 0.3140625 0.728125 0.4 0.6875 0.4
0 0.6640625 0.709375 0.6984375 0.709375 0.6984375 0.821875 0.6640625 0.821875
1 0.5734375 0.709375 0.6109375 0.709375 0.6109375 0.853125 0.5734375 0.853125
1 0.5265625 0.425 0.5640625 0.425 0.5640625 0.55 0.5265625 0.55
1 0.4375 0.5296875 0.4765625 0.5296875 0.4765625 0.65625 0.4375 0.65625
2 0.428125 0.3328125 0.4625 0.3328125 0.4625 0.428125 0.428125 0.428125
2 0.328125 0.33125 0.3671875 0.33125 0.3671875 0.4375 0.328125 0.4375
2 0.6296875 0.6328125 0.6640625 0.6328125 0.6640625 0.73125 0.6296875 0.73125
2 0.5359375 0.5296875 0.571875 0.5296875 0.571875 0.6359375 0.5359375 0.6359375
4 0.684375 0.421875 0.73125 0.421875 0.73125 0.54375 0.684375 0.54375
4 0.6890625 0.221875 0.7375 0.221875 0.7375 0.3390625 0.6890625 0.3390625
5 0.5859375 0.6265625 0.6203125 0.6265625 0.6203125 0.7265625 0.5859375 0.7265625
5 0.3375 0.6125 0.371875 0.6125 0.371875 0.7078125 0.3375 0.7078125
5 0.53125 0.1046875 0.565625 0.1046875 0.565625 0.1953125 0.53125 0.1953125
5 0.5875 0.1078125 0.625 0.1078125 0.625 0.1953125 0.5875 0.1953125
5 0.6453125 0.434375 0.6796875 0.434375 0.6796875 0.53125 0.6453125 0.53125
4 0.4859375 0.2046875 0.525 0.2046875 0.525 0.3234375 0.4859375 0.3234375
11 0.421875 0.1 0.4640625 0.1 0.4640625 0.1890625 0.421875 0.1890625
11 0.5328125 0.6203125 0.565625 0.6203125 0.565625 0.7078125 0.5328125 0.7078125
11 0.39375 0.7046875 0.428125 0.7046875 0.428125 0.815625 0.39375 0.815625
11 0.534375 0.334375 0.56875 0.334375 0.56875 0.425 0.534375 0.425
10 0.5328125 0.215625 0.5734375 0.215625 0.5734375 0.321875 0.5328125 0.321875
10 0.5828125 0.534375 0.6234375 0.534375 0.6234375 0.665625 0.5828125 0.665625
9 0.5953125 0.221875 0.6265625 0.221875 0.6265625 0.303125 0.5953125 0.303125
9 0.584375 0.33125 0.6140625 0.33125 0.6140625 0.4140625 0.584375 0.4140625
9 0.4359375 0.43125 0.46875 0.43125 0.46875 0.50625 0.4359375 0.50625
9 0.634375 0.5328125 0.665625 0.5328125 0.665625 0.6078125 0.634375 0.6078125
9 0.53125 0.8140625 0.559375 0.8140625 0.559375 0.9 0.53125 0.9
9 0.4390625 0.8046875 0.4703125 0.8046875 0.4703125 0.8984375 0.4390625 0.8984375
9 0.3953125 0.815625 0.4265625 0.815625 0.4265625 0.9 0.3953125 0.9
11 0.3578125 0.8296875 0.390625 0.8296875 0.390625 0.9328125 0.3578125 0.9328125
8 0.6296875 0.209375 0.6796875 0.209375 0.6796875 0.3078125 0.6296875 0.3078125
8 0.621875 0.3125 0.665625 0.3125 0.665625 0.425 0.621875 0.425
8 0.39375 0.521875 0.434375 0.521875 0.434375 0.6328125 0.39375 0.6328125
8 0.48125 0.709375 0.5140625 0.709375 0.5140625 0.8265625 0.48125 0.8265625
8 0.434375 0.6171875 0.46875 0.6171875 0.46875 0.73125 0.434375 0.73125
8 0.5796875 0.421875 0.621875 0.421875 0.621875 0.5171875 0.5796875 0.5171875
10 0.3671875 0.1015625 0.4109375 0.1015625 0.4109375 0.225 0.3671875 0.225
7 0.434375 0.215625 0.471875 0.215625 0.471875 0.3375 0.434375 0.3375
7 0.4359375 0.7078125 0.475 0.7078125 0.475 0.8421875 0.4359375 0.8421875
7 0.3421875 0.7109375 0.384375 0.7109375 0.384375 0.8265625 0.3421875 0.8265625
6 0.3265625 0.23125 0.3640625 0.23125 0.3640625 0.3203125 0.3265625 0.3203125
6 0.375 0.328125 0.4125 0.328125 0.4125 0.425 0.375 0.425
6 0.3359375 0.446875 0.375 0.446875 0.375 0.54375 0.3359375 0.54375
6 0.484375 0.55625 0.5140625 0.55625 0.5140625 0.65 0.484375 0.65
6 0.66875 0.8 0.703125 0.8 0.703125 0.9078125 0.66875 0.9078125
6 0.628125 0.815625 0.6609375 0.815625 0.6609375 0.928125 0.628125 0.928125
11 0.4828125 0.31875 0.5140625 0.31875 0.5140625 0.40625 0.4828125 0.40625