7 0.25 0.7046875 0.3625 0.7046875 0.3625 0.7875 0.25 0.7875
7 0.365625 0.2015625 0.465625 0.2015625 0.465625 0.2875 0.365625 0.2875
7 0.3578125 0.4328125 0.4578125 0.4328125 0.4578125 0.496875 0.3578125 0.496875
7 0.2515625 0.565625 0.359375 0.565625 0.359375 0.6359375 0.2515625 0.6359375
9 0.1953125 0.70625 0.2671875 0.70625 0.2671875 0.7578125 0.1953125 0.7578125
9 0.0859375 0.5828125 0.16875 0.5828125 0.16875 0.6296875 0.0859375 0.6296875
9 0.0890625 0.4375 0.16875 0.4375 0.16875 0.484375 0.0890625 0.484375
9 0.19375 0.5765625 0.2734375 0.5765625 0.2734375 0.6234375 0.19375 0.6234375
9 0.196875 0.5 0.26875 0.5 0.26875 0.55 0.196875 0.55
9 0.2890625 0.5078125 0.3546875 0.5078125 0.3546875 0.553125 0.2890625 0.553125
9 0.2890625 0.4390625 0.353125 0.4390625 0.353125 0.4859375 0.2890625 0.4859375
9 0.29375 0.3015625 0.3703125 0.3015625 0.3703125 0.3546875 0.29375 0.3546875
9 0.384375 0.3625 0.4484375 0.3625 0.4484375 0.41875 0.384375 0.41875
9 0.5578125 0.4375 0.6265625 0.4375 0.6265625 0.490625 0.5578125 0.490625
9 0.65625 0.36875 0.7265625 0.36875 0.7265625 0.421875 0.65625 0.421875
6 0.1796875 0.371875 0.2734375 0.371875 0.2734375 0.421875 0.1796875 0.421875
6 0.55 0.509375 0.634375 0.509375 0.634375 0.565625 0.55 0.565625
6 0.6421875 0.4359375 0.725 0.4359375 0.725 0.490625 0.6421875 0.490625
6 0.75 0.3625 0.83125 0.3625 0.83125 0.421875 0.75 0.421875
10 0.0578125 0.7078125 0.175 0.7078125 0.175 0.7921875 0.0578125 0.7921875
10 0.0734375 0.203125 0.1921875 0.203125 0.1921875 0.28125 0.0734375 0.28125
10 0.725 0.1953125 0.8203125 0.1953125 0.8203125 0.284375 0.725 0.284375
10 0.7390625 0.7265625 0.8484375 0.7265625 0.8484375 0.8171875 0.7390625 0.8171875
10 0.45 0.7109375 0.53125 0.7109375 0.53125 0.8 0.45 0.8
10 0.4609375 0.5765625 0.5359375 0.5765625 0.5359375 0.6359375 0.4609375 0.6359375
10 0.45625 0.271875 0.553125 0.271875 0.553125 0.35 0.45625 0.35
4 0.153125 0.6328125 0.2765625 0.6328125 0.2765625 0.7015625 0.153125 0.7015625
4 0.16875 0.2765625 0.284375 0.2765625 0.284375 0.3453125 0.16875 0.3453125
4 0.6375 0.6359375 0.73125 0.6359375 0.73125 0.7125 0.6375 0.7125
4 0.65 0.2703125 0.734375 0.2703125 0.734375 0.3484375 0.65 0.3484375
1 0.6484375 0.5015625 0.734375 0.5015625 0.734375 0.5625 0.6484375 0.5625
7 0.540625 0.70625 0.634375 0.70625 0.634375 0.7984375 0.540625 0.7984375