1 0.5828125 0.8328125 0.675 0.8328125 0.675 0.984375 0.5828125 0.984375
1 0.25 0.73125 0.340625 0.73125 0.340625 0.859375 0.25 0.859375
1 0.590625 0.0328125 0.675 0.0328125 0.675 0.1796875 0.590625 0.1796875
1 0.43125 0.1515625 0.5015625 0.1515625 0.5015625 0.28125 0.43125 0.28125
4 0.5125 0.415625 0.58125 0.415625 0.58125 0.503125 0.5125 0.503125
0 0.159375 0.6125 0.24375 0.6125 0.24375 0.7 0.159375 0.7
0 0.7609375 0.08125 0.8484375 0.08125 0.8484375 0.1828125 0.7609375 0.1828125
2 0.5984375 0.2921875 0.665625 0.2921875 0.665625 0.3953125 0.5984375 0.3953125
2 0.2640625 0.2890625 0.3390625 0.2890625 0.3390625 0.3953125 0.2640625 0.3953125
2 0.428125 0.515625 0.503125 0.515625 0.503125 0.6046875 0.428125 0.6046875
2 0.16875 0.165625 0.25 0.165625 0.25 0.275 0.16875 0.275
1 0.75 0.54375 0.840625 0.54375 0.840625 0.621875 0.75 0.621875
1 0.146875 0.8328125 0.240625 0.8328125 0.240625 0.953125 0.146875 0.953125
3 0.746875 0.7265625 0.81875 0.7265625 0.81875 0.8234375 0.746875 0.8234375
3 0.5921875 0.725 0.653125 0.725 0.653125 0.809375 0.5921875 0.809375
3 0.434375 0.7125 0.4953125 0.7125 0.4953125 0.7921875 0.434375 0.7921875
3 0.4328125 0.4140625 0.4859375 0.4140625 0.4859375 0.4796875 0.4328125 0.4796875
3 0.678125 0.425 0.746875 0.425 0.746875 0.5 0.678125 0.5
3 0.525 0.1875 0.58125 0.1875 0.58125 0.275 0.525 0.275
3 0.35 0.184375 0.4078125 0.184375 0.4078125 0.275 0.35 0.275