7 0.1421875 0.471875 0.2453125 0.471875 0.2453125 0.53125 0.1421875 0.53125
7 0.125 0.728125 0.2359375 0.728125 0.2359375 0.8171875 0.125 0.8171875
7 0.778125 0.525 0.89375 0.525 0.89375 0.590625 0.778125 0.590625
7 0.6953125 0.4625 0.7984375 0.4625 0.7984375 0.525 0.6953125 0.525
7 0.434375 0.596875 0.51875 0.596875 0.51875 0.671875 0.434375 0.671875
6 0.60625 0.259375 0.696875 0.259375 0.696875 0.3296875 0.60625 0.3296875
6 0.7921875 0.3953125 0.8890625 0.3953125 0.8890625 0.45625 0.7921875 0.45625
6 0.25625 0.3390625 0.334375 0.3390625 0.334375 0.3984375 0.25625 0.3984375
6 0.2546875 0.46875 0.334375 0.46875 0.334375 0.525 0.2546875 0.525
10 0.153125 0.596875 0.25625 0.596875 0.25625 0.6765625 0.153125 0.6765625
10 0.5125 0.33125 0.6 0.33125 0.6 0.396875 0.5125 0.396875
10 0.609375 0.33125 0.70625 0.33125 0.70625 0.396875 0.609375 0.396875
10 0.784375 0.721875 0.89375 0.721875 0.89375 0.81875 0.784375 0.81875
10 0.115625 0.4015625 0.228125 0.4015625 0.228125 0.4609375 0.115625 0.4609375
10 0.1234375 0.2578125 0.2390625 0.2578125 0.2390625 0.3328125 0.1234375 0.3328125
10 0.24375 0.7203125 0.340625 0.7203125 0.340625 0.8171875 0.24375 0.8171875
9 0.36875 0.459375 0.434375 0.459375 0.434375 0.50625 0.36875 0.50625
9 0.446875 0.4046875 0.5078125 0.4046875 0.5078125 0.4578125 0.446875 0.4578125
9 0.3640625 0.265625 0.4265625 0.265625 0.4265625 0.328125 0.3640625 0.328125
9 0.35625 0.3421875 0.41875 0.3421875 0.41875 0.3859375 0.35625 0.3859375
9 0.3515625 0.6609375 0.421875 0.6609375 0.421875 0.721875 0.3515625 0.721875
9 0.18125 0.66875 0.2515625 0.66875 0.2515625 0.7234375 0.18125 0.7234375
9 0.525 0.66875 0.5953125 0.66875 0.5953125 0.715625 0.525 0.715625
9 0.7015625 0.653125 0.7765625 0.653125 0.7765625 0.7140625 0.7015625 0.7140625
9 0.6125 0.534375 0.68125 0.534375 0.68125 0.5828125 0.6125 0.5828125
9 0.7 0.58125 0.778125 0.58125 0.778125 0.646875 0.7 0.646875
9 0.7859375 0.6625 0.8609375 0.6625 0.8609375 0.715625 0.7859375 0.715625
4 0.3453125 0.5296875 0.4296875 0.5296875 0.4296875 0.6046875 0.3453125 0.6046875
4 0.53125 0.5875 0.60625 0.5875 0.60625 0.671875 0.53125 0.671875
4 0.690625 0.259375 0.796875 0.259375 0.796875 0.3296875 0.690625 0.3296875
4 0.7828125 0.25 0.8984375 0.25 0.8984375 0.334375 0.7828125 0.334375
1 0.525 0.4609375 0.596875 0.4609375 0.596875 0.521875 0.525 0.521875