10 0.0921875 0.18125 0.196875 0.18125 0.196875 0.290625 0.0921875 0.290625
10 0.465625 0.2734375 0.5453125 0.2734375 0.5453125 0.371875 0.465625 0.371875
10 0.640625 0.2640625 0.734375 0.2640625 0.734375 0.3796875 0.640625 0.3796875
10 0.465625 0.1796875 0.5578125 0.1796875 0.5578125 0.2875 0.465625 0.2875
10 0.3859375 0.3671875 0.46875 0.3671875 0.46875 0.45625 0.3859375 0.45625
10 0.55 0.6375 0.653125 0.6375 0.653125 0.7296875 0.55 0.7296875
10 0.6515625 0.653125 0.7515625 0.653125 0.7515625 0.7296875 0.6515625 0.7296875
10 0.5578125 0.559375 0.6546875 0.559375 0.6546875 0.634375 0.5578125 0.634375
10 0.18125 0.365625 0.290625 0.365625 0.290625 0.4546875 0.18125 0.4546875
7 0.0828125 0.4609375 0.2125 0.4609375 0.2125 0.5546875 0.0828125 0.5546875
7 0.1859375 0.5546875 0.2921875 0.5546875 0.2921875 0.6421875 0.1859375 0.6421875
7 0.3859375 0.465625 0.4703125 0.465625 0.4703125 0.5484375 0.3859375 0.5484375
7 0.46875 0.371875 0.55625 0.371875 0.55625 0.4671875 0.46875 0.4671875
7 0.7390625 0.26875 0.84375 0.26875 0.84375 0.3734375 0.7390625 0.3734375
7 0.46875 0.5515625 0.5640625 0.5515625 0.5640625 0.640625 0.46875 0.640625
7 0.2890625 0.2703125 0.3828125 0.2703125 0.3828125 0.3765625 0.2890625 0.3765625
7 0.2890625 0.3703125 0.375 0.3703125 0.375 0.4546875 0.2890625 0.4546875
4 0.09375 0.26875 0.2171875 0.26875 0.2171875 0.375 0.09375 0.375
4 0.2875 0.64375 0.3875 0.64375 0.3875 0.734375 0.2875 0.734375
4 0.2875 0.471875 0.375 0.471875 0.375 0.5625 0.2875 0.5625
4 0.5625 0.371875 0.646875 0.371875 0.646875 0.4671875 0.5625 0.4671875
4 0.3859375 0.2765625 0.4703125 0.2765625 0.4703125 0.371875 0.3859375 0.371875
4 0.3859375 0.1703125 0.475 0.1703125 0.475 0.284375 0.3859375 0.284375
1 0.75 0.7359375 0.884375 0.7359375 0.884375 0.840625 0.75 0.840625
1 0.7328125 0.3640625 0.8421875 0.3640625 0.8421875 0.4640625 0.7328125 0.4640625
1 0.6578125 0.4640625 0.74375 0.4640625 0.74375 0.5421875 0.6578125 0.5421875
1 0.39375 0.5546875 0.4625 0.5546875 0.4625 0.6296875 0.39375 0.6296875
1 0.1734375 0.7296875 0.2765625 0.7296875 0.2765625 0.83125 0.1734375 0.83125
1 0.084375 0.5546875 0.2015625 0.5546875 0.2015625 0.634375 0.084375 0.634375
1 0.396875 0.746875 0.4765625 0.746875 0.4765625 0.846875 0.396875 0.846875
1 0.46875 0.4671875 0.5578125 0.4671875 0.5578125 0.5453125 0.46875 0.5453125