11 0.5421875 0.6265625 0.621875 0.6265625 0.621875 0.6984375 0.5421875 0.6984375
11 0.709375 0.4125 0.8140625 0.4125 0.8140625 0.475 0.709375 0.475
11 0.6265625 0.1859375 0.7109375 0.1859375 0.7109375 0.2578125 0.6265625 0.2578125
11 0.1421875 0.5671875 0.2390625 0.5671875 0.2390625 0.634375 0.1421875 0.634375
9 0.3515625 0.7046875 0.434375 0.7046875 0.434375 0.7609375 0.3515625 0.7609375
9 0.63125 0.6859375 0.703125 0.6859375 0.703125 0.7515625 0.63125 0.7515625
9 0.7203125 0.6921875 0.796875 0.6921875 0.796875 0.7546875 0.7203125 0.7546875
9 0.7125 0.6296875 0.796875 0.6296875 0.796875 0.68125 0.7125 0.68125
9 0.81875 0.2703125 0.903125 0.2703125 0.903125 0.3296875 0.81875 0.3296875
9 0.5375 0.2046875 0.6078125 0.2046875 0.6078125 0.259375 0.5375 0.259375
9 0.2484375 0.215625 0.3234375 0.215625 0.3234375 0.271875 0.2484375 0.271875
9 0.253125 0.353125 0.33125 0.353125 0.33125 0.421875 0.253125 0.421875
9 0.159375 0.359375 0.25 0.359375 0.25 0.415625 0.159375 0.415625
9 0.2578125 0.41875 0.3390625 0.41875 0.3390625 0.490625 0.2578125 0.490625
9 0.265625 0.5578125 0.340625 0.5578125 0.340625 0.6265625 0.265625 0.6265625
8 0.2296875 0.6265625 0.34375 0.6265625 0.34375 0.6921875 0.2296875 0.6921875
8 0.346875 0.628125 0.4359375 0.628125 0.4359375 0.69375 0.346875 0.69375
8 0.1359375 0.2796875 0.228125 0.2796875 0.228125 0.3453125 0.1359375 0.3453125
8 0.125 0.2046875 0.2234375 0.2046875 0.2234375 0.2703125 0.125 0.2703125
7 0.425 0.421875 0.521875 0.421875 0.521875 0.4921875 0.425 0.4921875
6 0.71875 0.5609375 0.809375 0.5609375 0.809375 0.625 0.71875 0.625
6 0.7171875 0.18125 0.809375 0.18125 0.809375 0.2578125 0.7171875 0.2578125
6 0.8 0.565625 0.903125 0.565625 0.903125 0.6296875 0.8 0.6296875
6 0.621875 0.6203125 0.7109375 0.6203125 0.7109375 0.6859375 0.621875 0.6859375
6 0.4421875 0.625 0.5265625 0.625 0.5265625 0.709375 0.4421875 0.709375
5 0.80625 0.4859375 0.9125 0.4859375 0.9125 0.540625 0.80625 0.540625
5 0.73125 0.2625 0.828125 0.2625 0.828125 0.3375 0.73125 0.3375
3 0.26875 0.7 0.346875 0.7 0.346875 0.759375 0.26875 0.759375
3 0.253125 0.4953125 0.33125 0.4953125 0.33125 0.5484375 0.253125 0.5484375
3 0.2421875 0.278125 0.3171875 0.278125 0.3171875 0.334375 0.2421875 0.334375
3 0.634375 0.275 0.696875 0.275 0.696875 0.3375 0.634375 0.3375
3 0.7296875 0.35625 0.809375 0.35625 0.809375 0.409375 0.7296875 0.409375
3 0.803125 0.696875 0.884375 0.696875 0.884375 0.7578125 0.803125 0.7578125
3 0.4390625 0.6921875 0.5140625 0.6921875 0.5140625 0.759375 0.4390625 0.759375
2 0.146875 0.6890625 0.25 0.6890625 0.25 0.7703125 0.146875 0.7703125
2 0.4265625 0.2046875 0.50625 0.2046875 0.50625 0.275 0.4265625 0.275
2 0.315625 0.19375 0.40625 0.19375 0.40625 0.26875 0.315625 0.26875
0 0.1328125 0.4953125 0.24375 0.4953125 0.24375 0.5578125 0.1328125 0.5578125
0 0.1390625 0.421875 0.2578125 0.421875 0.2578125 0.48125 0.1390625 0.48125
0 0.80625 0.34375 0.9140625 0.34375 0.9140625 0.40625 0.80625 0.40625
0 0.80625 0.4140625 0.9078125 0.4140625 0.9078125 0.4796875 0.80625 0.4796875
0 0.73125 0.4890625 0.8078125 0.4890625 0.8078125 0.553125 0.73125 0.553125
0 0.8046875 0.634375 0.91875 0.634375 0.91875 0.6953125 0.8046875 0.6953125
0 0.5296875 0.696875 0.6078125 0.696875 0.6078125 0.775 0.5296875 0.775