10 0.084375 0.5671875 0.2 0.5671875 0.2 0.6640625 0.084375 0.6640625
10 0.2953125 0.753125 0.3953125 0.753125 0.3953125 0.8796875 0.2953125 0.8796875
10 0.3 0.75625 0.39375 0.75625 0.39375 0.8765625 0.3 0.8765625
10 0.0765625 0.575 0.209375 0.575 0.209375 0.6609375 0.0765625 0.6609375
10 0.5921875 0.746875 0.696875 0.746875 0.696875 0.8671875 0.5921875 0.8671875
10 0.2140625 0.478125 0.3046875 0.478125 0.3046875 0.553125 0.2140625 0.553125
10 0.3984375 0.2796875 0.49375 0.2796875 0.49375 0.36875 0.3984375 0.36875
10 0.5 0.575 0.59375 0.575 0.59375 0.6609375 0.5 0.6609375
10 0.7640625 0.4734375 0.9015625 0.4734375 0.9015625 0.571875 0.7640625 0.571875
10 0.678125 0.184375 0.7984375 0.184375 0.7984375 0.278125 0.678125 0.278125
10 0.78125 0.06875 0.903125 0.06875 0.903125 0.203125 0.78125 0.203125
10 0.7640625 0.465625 0.8984375 0.465625 0.8984375 0.5578125 0.7640625 0.5578125
10 0.4046875 0.1703125 0.4921875 0.1703125 0.4921875 0.284375 0.4046875 0.284375
10 0.5890625 0.74375 0.6921875 0.74375 0.6921875 0.8578125 0.5890625 0.8578125
10 0.5015625 0.56875 0.5921875 0.56875 0.5921875 0.6546875 0.5015625 0.6546875
10 0.496875 0.1578125 0.5921875 0.1578125 0.5921875 0.2765625 0.496875 0.2765625
7 0.084375 0.2625 0.2109375 0.2625 0.2109375 0.3703125 0.084375 0.3703125
10 0.4 0.1640625 0.4921875 0.1640625 0.4921875 0.278125 0.4 0.278125
7 0.5828125 0.28125 0.6859375 0.28125 0.6859375 0.3828125 0.5828125 0.3828125
10 0.503125 0.165625 0.603125 0.165625 0.603125 0.2796875 0.503125 0.2796875
7 0.5796875 0.471875 0.69375 0.471875 0.69375 0.5640625 0.5796875 0.5640625
10 0.6796875 0.18125 0.8 0.18125 0.8 0.2890625 0.6796875 0.2890625
7 0.68125 0.565625 0.8015625 0.565625 0.8015625 0.659375 0.68125 0.659375
10 0.7859375 0.06875 0.90625 0.06875 0.90625 0.1859375 0.7859375 0.1859375
7 0.775 0.65625 0.909375 0.65625 0.909375 0.7578125 0.775 0.7578125
7 0.0859375 0.2671875 0.2109375 0.2671875 0.2109375 0.378125 0.0859375 0.378125
7 0.7734375 0.7578125 0.9109375 0.7578125 0.9109375 0.875 0.7734375 0.875
7 0.5859375 0.465625 0.6984375 0.465625 0.6984375 0.546875 0.5859375 0.546875
7 0.675 0.5578125 0.7984375 0.5578125 0.7984375 0.6484375 0.675 0.6484375
7 0.0703125 0.7546875 0.2 0.7546875 0.2 0.8796875 0.0703125 0.8796875
4 0.5859375 0.65625 0.703125 0.65625 0.703125 0.7765625 0.5859375 0.7765625
7 0.76875 0.646875 0.90625 0.646875 0.90625 0.7546875 0.76875 0.7546875
4 0.4015625 0.2859375 0.5046875 0.2859375 0.5046875 0.378125 0.4015625 0.378125
7 0.5859375 0.65625 0.7015625 0.65625 0.7015625 0.7625 0.5859375 0.7625
4 0.20625 0.4734375 0.3140625 0.4734375 0.3140625 0.5765625 0.20625 0.5765625
7 0.08125 0.7640625 0.196875 0.7640625 0.196875 0.884375 0.08125 0.884375
7 0.578125 0.28125 0.690625 0.28125 0.690625 0.3828125 0.578125 0.3828125
4 0.4875 0.746875 0.5859375 0.746875 0.5859375 0.875 0.4875 0.875
4 0.6859375 0.375 0.8015625 0.375 0.8015625 0.4609375 0.6859375 0.4609375
7 0.78125 0.7546875 0.9140625 0.7546875 0.9140625 0.875 0.78125 0.875
4 0.68125 0.38125 0.7953125 0.38125 0.7953125 0.4671875 0.68125 0.4671875
4 0.6859375 0.071875 0.8015625 0.071875 0.8015625 0.1921875 0.6859375 0.1921875
4 0.303125 0.1703125 0.39375 0.1703125 0.39375 0.28125 0.303125 0.28125
4 0.4921875 0.753125 0.59375 0.753125 0.59375 0.8671875 0.4921875 0.8671875
1 0.403125 0.0546875 0.4859375 0.0546875 0.4859375 0.171875 0.403125 0.171875
4 0.309375 0.165625 0.396875 0.165625 0.396875 0.28125 0.309375 0.28125
4 0.3046875 0.0578125 0.3984375 0.0578125 0.3984375 0.1796875 0.3046875 0.1796875
1 0.296875 0.0546875 0.4046875 0.0546875 0.4046875 0.1765625 0.296875 0.1765625
1 0.2046875 0.159375 0.3046875 0.159375 0.3046875 0.275 0.2046875 0.275
4 0.675 0.065625 0.803125 0.065625 0.803125 0.1796875 0.675 0.1796875
1 0.3015625 0.3734375 0.3953125 0.3734375 0.3953125 0.4671875 0.3015625 0.4671875
1 0.3015625 0.3765625 0.4046875 0.3765625 0.4046875 0.465625 0.3015625 0.465625
1 0.4078125 0.4734375 0.490625 0.4734375 0.490625 0.5625 0.4078125 0.5625
1 0.403125 0.4703125 0.4953125 0.4703125 0.4953125 0.565625 0.403125 0.565625
1 0.4 0.6578125 0.49375 0.6578125 0.49375 0.7625 0.4 0.7625
1 0.2109375 0.15625 0.303125 0.15625 0.303125 0.284375 0.2109375 0.284375
1 0.19375 0.6625 0.3015625 0.6625 0.3015625 0.7734375 0.19375 0.7734375
1 0.1953125 0.6640625 0.29375 0.6640625 0.29375 0.775 0.1953125 0.775
1 0.196875 0.6609375 0.3 0.6609375 0.3 0.7640625 0.196875 0.7640625
1 0.4 0.65625 0.4921875 0.65625 0.4921875 0.7625 0.4 0.7625
1 0.409375 0.059375 0.49375 0.059375 0.49375 0.18125 0.409375 0.18125
1 0.403125 0.659375 0.4875 0.659375 0.4875 0.7640625 0.403125 0.7640625
1 0.684375 0.7453125 0.8125 0.7453125 0.8125 0.8671875 0.684375 0.8671875