11 0.459375 0.790625 0.50625 0.790625 0.50625 0.8859375 0.459375 0.8859375
11 0.459375 0.6828125 0.515625 0.6828125 0.515625 0.778125 0.459375 0.778125
11 0.515625 0.7046875 0.578125 0.7046875 0.578125 0.7921875 0.515625 0.7921875
11 0.521875 0.4296875 0.571875 0.4296875 0.571875 0.5015625 0.521875 0.5015625
9 0.3875 0.434375 0.434375 0.434375 0.434375 0.509375 0.3875 0.509375
9 0.315625 0.4390625 0.375 0.4390625 0.375 0.5140625 0.315625 0.5140625
9 0.246875 0.525 0.30625 0.525 0.30625 0.6125 0.246875 0.6125
9 0.25 0.621875 0.3125 0.621875 0.3125 0.7046875 0.25 0.7046875
9 0.65625 0.325 0.715625 0.325 0.715625 0.4171875 0.65625 0.4171875
9 0.728125 0.33125 0.790625 0.33125 0.790625 0.4109375 0.728125 0.4109375
9 0.721875 0.4203125 0.78125 0.4203125 0.78125 0.490625 0.721875 0.490625
9 0.65625 0.4125 0.7171875 0.4125 0.7171875 0.496875 0.65625 0.496875
9 0.7296875 0.6109375 0.7875 0.6109375 0.7875 0.68125 0.7296875 0.68125
9 0.6625 0.609375 0.7171875 0.609375 0.7171875 0.6875 0.6625 0.6875
9 0.725 0.7890625 0.784375 0.7890625 0.784375 0.8765625 0.725 0.8765625
8 0.6703125 0.784375 0.7234375 0.784375 0.7234375 0.8875 0.6703125 0.8875
8 0.5953125 0.7953125 0.653125 0.7953125 0.653125 0.8953125 0.5953125 0.8953125
8 0.521875 0.7921875 0.584375 0.7921875 0.584375 0.89375 0.521875 0.89375
8 0.25 0.7 0.325 0.7 0.325 0.8109375 0.25 0.8109375
7 0.315625 0.796875 0.384375 0.796875 0.384375 0.925 0.315625 0.925
6 0.4546875 0.525 0.5015625 0.525 0.5015625 0.609375 0.4546875 0.609375
6 0.321875 0.5203125 0.38125 0.5203125 0.38125 0.60625 0.321875 0.60625
6 0.3828125 0.61875 0.44375 0.61875 0.44375 0.69375 0.3828125 0.69375
6 0.5921875 0.6109375 0.646875 0.6109375 0.646875 0.6921875 0.5921875 0.6921875
6 0.3921875 0.78125 0.4515625 0.78125 0.4515625 0.896875 0.3921875 0.896875
5 0.2484375 0.8125 0.309375 0.8125 0.309375 0.9015625 0.2484375 0.9015625
5 0.3875 0.528125 0.4453125 0.528125 0.4453125 0.6078125 0.3875 0.6078125
3 0.2328125 0.44375 0.3078125 0.44375 0.3078125 0.525 0.2328125 0.525
3 0.45625 0.603125 0.5109375 0.603125 0.5109375 0.6828125 0.45625 0.6828125
3 0.3953125 0.70625 0.44375 0.70625 0.44375 0.7796875 0.3953125 0.7796875
3 0.725 0.684375 0.79375 0.684375 0.79375 0.7640625 0.725 0.7640625
3 0.6609375 0.6953125 0.715625 0.6953125 0.715625 0.765625 0.6609375 0.765625
3 0.521875 0.521875 0.575 0.521875 0.575 0.6015625 0.521875 0.6015625
3 0.51875 0.33125 0.575 0.33125 0.575 0.425 0.51875 0.425
2 0.5875 0.5171875 0.6484375 0.5171875 0.6484375 0.6015625 0.5875 0.6015625
2 0.6609375 0.5140625 0.715625 0.5140625 0.715625 0.5984375 0.6609375 0.5984375
2 0.728125 0.50625 0.79375 0.50625 0.79375 0.5953125 0.728125 0.5953125
0 0.5890625 0.328125 0.64375 0.328125 0.64375 0.415625 0.5890625 0.415625
0 0.5921875 0.4265625 0.6453125 0.4265625 0.6453125 0.5125 0.5921875 0.5125
0 0.4515625 0.4265625 0.5046875 0.4265625 0.5046875 0.5109375 0.4515625 0.5109375
0 0.5203125 0.609375 0.5828125 0.609375 0.5828125 0.6921875 0.5203125 0.6921875
0 0.315625 0.621875 0.375 0.621875 0.375 0.69375 0.315625 0.69375
0 0.3296875 0.7 0.3875 0.7 0.3875 0.7890625 0.3296875 0.7890625
0 0.59375 0.696875 0.653125 0.696875 0.653125 0.784375 0.59375 0.784375