0 0.1 0.840625 0.20625 0.840625 0.20625 0.9515625 0.1 0.9515625
0 0.0625 0.096875 0.1765625 0.096875 0.1765625 0.209375 0.0625 0.209375
0 0.1 0.5296875 0.203125 0.5296875 0.203125 0.615625 0.1 0.615625
0 0.4859375 0.425 0.5828125 0.425 0.5828125 0.5078125 0.4859375 0.5078125
0 0.6765625 0.40625 0.76875 0.40625 0.76875 0.4875 0.6765625 0.4875
1 0.6890625 0.3015625 0.8109375 0.3015625 0.8109375 0.409375 0.6890625 0.409375
1 0.378125 0.53125 0.475 0.53125 0.475 0.615625 0.378125 0.615625
1 0.2890625 0.7203125 0.39375 0.7203125 0.39375 0.8453125 0.2890625 0.8453125
2 0.79375 0.2984375 0.9046875 0.2984375 0.9046875 0.3984375 0.79375 0.3984375
2 0.0828125 0.4171875 0.2125 0.4171875 0.2125 0.5171875 0.0828125 0.5171875
2 0.7734375 0.4125 0.88125 0.4125 0.88125 0.5078125 0.7734375 0.5078125
2 0.19375 0.825 0.3015625 0.825 0.3015625 0.940625 0.19375 0.940625
3 0.371875 0.0828125 0.4703125 0.0828125 0.4703125 0.1890625 0.371875 0.1890625
3 0.6921875 0.228125 0.7640625 0.228125 0.7640625 0.309375 0.6921875 0.309375
3 0.4921875 0.2296875 0.5671875 0.2296875 0.5671875 0.3078125 0.4921875 0.3078125
3 0.2140625 0.228125 0.303125 0.228125 0.303125 0.3171875 0.2140625 0.3171875
3 0.3078125 0.3171875 0.3875 0.3171875 0.3875 0.39375 0.3078125 0.39375
3 0.19375 0.5171875 0.2890625 0.5171875 0.2890625 0.5890625 0.19375 0.5890625
3 0.6046875 0.5046875 0.6859375 0.5046875 0.6859375 0.5921875 0.6046875 0.5921875
3 0.8015625 0.6 0.890625 0.6 0.890625 0.6671875 0.8015625 0.6671875
3 0.4015625 0.73125 0.4765625 0.73125 0.4765625 0.821875 0.4015625 0.821875
3 0.596875 0.8140625 0.6953125 0.8140625 0.6953125 0.9015625 0.596875 0.9015625
4 0.171875 0.7078125 0.30625 0.7078125 0.30625 0.840625 0.171875 0.840625
4 0.5796875 0.0578125 0.690625 0.0578125 0.690625 0.2140625 0.5796875 0.2140625
4 0.0625 0.325 0.20625 0.325 0.20625 0.4203125 0.0625 0.4203125
5 0.7765625 0.0875 0.8890625 0.0875 0.8890625 0.2109375 0.7765625 0.2109375
5 0.4890625 0.7109375 0.5828125 0.7109375 0.5828125 0.8109375 0.4890625 0.8109375
5 0.7109375 0.715625 0.815625 0.715625 0.815625 0.8140625 0.7109375 0.8140625
5 0.6859375 0.5078125 0.790625 0.5078125 0.790625 0.5875 0.6859375 0.5875
5 0.4015625 0.409375 0.4734375 0.409375 0.4734375 0.4953125 0.4015625 0.4953125
5 0.4078125 0.321875 0.49375 0.321875 0.49375 0.4046875 0.4078125 0.4046875
6 0.5859375 0.2 0.6796875 0.2 0.6796875 0.3078125 0.5859375 0.3078125
6 0.6140625 0.434375 0.7 0.434375 0.7 0.50625 0.6140625 0.50625
6 0.484375 0.296875 0.5765625 0.296875 0.5765625 0.3984375 0.484375 0.3984375
6 0.3171875 0.6203125 0.3984375 0.6203125 0.3984375 0.7078125 0.3171875 0.7078125
6 0.5015625 0.821875 0.59375 0.821875 0.59375 0.9265625 0.5015625 0.9265625
7 0.3875 0.19375 0.4890625 0.19375 0.4890625 0.309375 0.3875 0.309375
7 0.4953125 0.515625 0.5921875 0.515625 0.5921875 0.621875 0.4953125 0.621875
7 0.28125 0.5203125 0.3875 0.5203125 0.3875 0.6359375 0.28125 0.6359375
8 0.1828125 0.08125 0.28125 0.08125 0.28125 0.2046875 0.1828125 0.2046875
8 0.49375 0.084375 0.5796875 0.084375 0.5796875 0.1953125 0.49375 0.1953125
8 0.30625 0.19375 0.3828125 0.19375 0.3828125 0.309375 0.30625 0.309375
8 0.7 0.8109375 0.8 0.8109375 0.8 0.921875 0.7 0.921875
8 0.3796875 0.8234375 0.48125 0.8234375 0.48125 0.934375 0.3796875 0.934375
8 0.190625 0.6140625 0.2984375 0.6140625 0.2984375 0.70625 0.190625 0.70625
9 0.2796875 0.1171875 0.3609375 0.1171875 0.3609375 0.2125 0.2796875 0.2125
9 0.69375 0.0953125 0.778125 0.0953125 0.778125 0.1859375 0.69375 0.1859375
9 0.778125 0.2125 0.871875 0.2125 0.871875 0.3015625 0.778125 0.3015625
9 0.0828125 0.225 0.178125 0.225 0.178125 0.3015625 0.0828125 0.3015625
9 0.303125 0.4046875 0.3734375 0.4046875 0.3734375 0.4703125 0.303125 0.4703125
9 0.1640625 0.3171875 0.2671875 0.3171875 0.2671875 0.3984375 0.1640625 0.3984375
9 0.7765625 0.5234375 0.875 0.5234375 0.875 0.5984375 0.7765625 0.5984375
9 0.6046875 0.5953125 0.6796875 0.5953125 0.6796875 0.6671875 0.6046875 0.6671875
9 0.7125 0.6078125 0.8015625 0.6078125 0.8015625 0.696875 0.7125 0.696875
9 0.8 0.715625 0.8859375 0.715625 0.8859375 0.796875 0.8 0.796875
9 0.315625 0.8265625 0.396875 0.8265625 0.396875 0.91875 0.315625 0.91875
10 0.503125 0.615625 0.6 0.615625 0.6 0.7234375 0.503125 0.7234375
10 0.421875 0.6125 0.515625 0.6125 0.515625 0.728125 0.421875 0.728125
10 0.5890625 0.3125 0.69375 0.3125 0.69375 0.41875 0.5890625 0.41875
11 0.2046875 0.4234375 0.30625 0.4234375 0.30625 0.5140625 0.2046875 0.5140625
11 0.09375 0.7078125 0.1953125 0.7078125 0.1953125 0.8015625 0.09375 0.8015625
11 0.09375 0.6234375 0.19375 0.6234375 0.19375 0.715625 0.09375 0.715625
11 0.8078125 0.8078125 0.925 0.8078125 0.925 0.921875 0.8078125 0.921875
6 0.59375 0.7171875 0.6921875 0.7171875 0.6921875 0.8171875 0.59375 0.8171875