5 0.640625 0.1875 0.746875 0.1875 0.746875 0.271875 0.640625 0.271875
5 0.5234375 0.2671875 0.609375 0.2671875 0.609375 0.3484375 0.5234375 0.3484375
5 0.74375 0.2828125 0.8546875 0.2828125 0.8546875 0.359375 0.74375 0.359375
5 0.5140625 0.45 0.5984375 0.45 0.5984375 0.515625 0.5140625 0.515625
5 0.4046875 0.53125 0.503125 0.53125 0.503125 0.60625 0.4046875 0.60625
5 0.628125 0.5359375 0.7265625 0.5359375 0.7265625 0.6078125 0.628125 0.6078125
5 0.278125 0.6125 0.378125 0.6125 0.378125 0.6875 0.278125 0.6875
5 0.615625 0.6890625 0.7109375 0.6890625 0.7109375 0.7703125 0.615625 0.7703125
5 0.2703125 0.76875 0.36875 0.76875 0.36875 0.8671875 0.2703125 0.8671875
5 0.50625 0.7703125 0.6015625 0.7703125 0.6015625 0.86875 0.50625 0.86875
5 0.715625 0.7828125 0.81875 0.7828125 0.81875 0.8765625 0.715625 0.8765625