6 0.59375 0.2875 0.6625 0.2875 0.6625 0.353125 0.59375 0.353125
6 0.4921875 0.284375 0.5609375 0.284375 0.5609375 0.359375 0.4921875 0.359375
6 0.375 0.2765625 0.4515625 0.2765625 0.4515625 0.353125 0.375 0.353125
6 0.2859375 0.2796875 0.365625 0.2796875 0.365625 0.346875 0.2859375 0.346875
4 0.6859375 0.4296875 0.7765625 0.4296875 0.7765625 0.5015625 0.6859375 0.5015625
4 0.5765625 0.4359375 0.665625 0.4359375 0.665625 0.490625 0.5765625 0.490625
4 0.278125 0.4171875 0.365625 0.4171875 0.365625 0.4828125 0.278125 0.4828125
4 0.559375 0.721875 0.6515625 0.721875 0.6515625 0.809375 0.559375 0.809375
7 0.0703125 0.4140625 0.165625 0.4140625 0.165625 0.4921875 0.0703125 0.4921875
7 0.1390625 0.7078125 0.26875 0.7078125 0.26875 0.796875 0.1390625 0.796875
7 0.4734375 0.7203125 0.5546875 0.7203125 0.5546875 0.8109375 0.4734375 0.8109375
7 0.6609375 0.728125 0.7609375 0.728125 0.7609375 0.8125 0.6609375 0.8125
7 0.2609375 0.71875 0.365625 0.71875 0.365625 0.80625 0.2609375 0.80625
1 0.4765625 0.428125 0.5578125 0.428125 0.5578125 0.49375 0.4765625 0.49375
10 0.778125 0.4375 0.8875 0.4375 0.8875 0.503125 0.778125 0.503125
10 0.775 0.721875 0.88125 0.721875 0.88125 0.8046875 0.775 0.8046875
10 0.371875 0.715625 0.4578125 0.715625 0.4578125 0.803125 0.371875 0.803125
10 0.0328125 0.7171875 0.1453125 0.7171875 0.1453125 0.8078125 0.0328125 0.8078125
10 0.065625 0.175 0.18125 0.175 0.18125 0.28125 0.065625 0.28125
10 0.171875 0.4171875 0.275 0.4171875 0.275 0.4890625 0.171875 0.4890625
10 0.3796875 0.4296875 0.471875 0.4296875 0.471875 0.4890625 0.3796875 0.4890625
9 0.765625 0.596875 0.8390625 0.596875 0.8390625 0.65625 0.765625 0.65625
9 0.6703125 0.6515625 0.740625 0.6515625 0.740625 0.7078125 0.6703125 0.7078125
9 0.6640625 0.51875 0.7390625 0.51875 0.7390625 0.56875 0.6640625 0.56875
9 0.571875 0.584375 0.63125 0.584375 0.63125 0.6265625 0.571875 0.6265625
9 0.475 0.6515625 0.54375 0.6515625 0.54375 0.7 0.475 0.7
9 0.4875 0.509375 0.5515625 0.509375 0.5515625 0.5546875 0.4875 0.5546875
9 0.384375 0.5875 0.4546875 0.5875 0.4546875 0.634375 0.384375 0.634375
9 0.29375 0.503125 0.3515625 0.503125 0.3515625 0.55625 0.29375 0.55625
9 0.259375 0.6515625 0.334375 0.6515625 0.334375 0.7046875 0.259375 0.7046875
9 0.1890625 0.5765625 0.2640625 0.5765625 0.2640625 0.63125 0.1890625 0.63125
9 0.096875 0.503125 0.178125 0.503125 0.178125 0.55625 0.096875 0.55625