3 0.125 0.046875 0.2 0.046875 0.2 0.1453125 0.125 0.1453125
3 0.2453125 0.04375 0.3140625 0.04375 0.3140625 0.1375 0.2453125 0.1375
3 0.4484375 0.046875 0.5109375 0.046875 0.5109375 0.146875 0.4484375 0.146875
3 0.54375 0.053125 0.6125 0.053125 0.6125 0.14375 0.54375 0.14375
3 0.6421875 0.0359375 0.7125 0.0359375 0.7125 0.1390625 0.6421875 0.1390625
3 0.7390625 0.053125 0.809375 0.053125 0.809375 0.146875 0.7390625 0.146875
3 0.8265625 0.0578125 0.903125 0.0578125 0.903125 0.1515625 0.8265625 0.1515625
3 0.1484375 0.15625 0.2296875 0.15625 0.2296875 0.2375 0.1484375 0.2375
3 0.2453125 0.1515625 0.31875 0.1515625 0.31875 0.2375 0.2453125 0.2375
3 0.353125 0.15 0.41875 0.15 0.41875 0.2375 0.353125 0.2375
3 0.146875 0.2515625 0.225 0.2515625 0.225 0.3296875 0.146875 0.3296875
3 0.2390625 0.365625 0.3171875 0.365625 0.3171875 0.4375 0.2390625 0.4375
3 0.2359375 0.578125 0.3171875 0.578125 0.3171875 0.65 0.2359375 0.65
3 0.1109375 0.7875 0.2015625 0.7875 0.2015625 0.871875 0.1109375 0.871875
3 0.2375 0.7828125 0.321875 0.7828125 0.321875 0.8546875 0.2375 0.8546875
3 0.6515625 0.15 0.7203125 0.15 0.7203125 0.2375 0.6515625 0.2375
3 0.8390625 0.153125 0.9203125 0.153125 0.9203125 0.2375 0.8390625 0.2375
3 0.740625 0.265625 0.81875 0.265625 0.81875 0.3421875 0.740625 0.3421875
3 0.8390625 0.3515625 0.9296875 0.3515625 0.9296875 0.41875 0.8390625 0.41875
3 0.7328125 0.45 0.8140625 0.45 0.8140625 0.515625 0.7328125 0.515625
3 0.859375 0.571875 0.95 0.571875 0.95 0.634375 0.859375 0.634375
3 0.7671875 0.678125 0.853125 0.678125 0.853125 0.746875 0.7671875 0.746875
3 0.85625 0.66875 0.946875 0.66875 0.946875 0.7390625 0.85625 0.7390625
2 0.1265625 0.3375 0.2203125 0.3375 0.2203125 0.44375 0.1265625 0.44375
2 0.2296875 0.4609375 0.3265625 0.4609375 0.3265625 0.54375 0.2296875 0.54375
2 0.225 0.6578125 0.3203125 0.6578125 0.3203125 0.75625 0.225 0.75625
8 0.5296875 0.140625 0.615625 0.140625 0.615625 0.25 0.5296875 0.25
8 0.2453125 0.246875 0.3296875 0.246875 0.3296875 0.353125 0.2453125 0.353125
8 0.11875 0.45 0.21875 0.45 0.21875 0.54375 0.11875 0.54375
8 0.7390625 0.56875 0.859375 0.56875 0.859375 0.65 0.7390625 0.65
5 0.7453125 0.7796875 0.8484375 0.7796875 0.8484375 0.8828125 0.7453125 0.8828125
5 0.846875 0.4609375 0.95625 0.4609375 0.95625 0.5421875 0.846875 0.5421875
11 0.73125 0.1375 0.83125 0.1375 0.83125 0.24375 0.73125 0.24375
9 0.353125 0.0375 0.41875 0.0375 0.41875 0.140625 0.353125 0.140625
9 0.125 0.56875 0.215625 0.56875 0.215625 0.646875 0.125 0.646875
9 0.115625 0.66875 0.20625 0.66875 0.20625 0.7453125 0.115625 0.7453125
9 0.7265625 0.3515625 0.8140625 0.3515625 0.8140625 0.434375 0.7265625 0.434375
9 0.859375 0.7671875 0.9609375 0.7671875 0.9609375 0.8546875 0.859375 0.8546875
4 0.828125 0.221875 0.971875 0.221875 0.971875 0.34375 0.828125 0.34375