11 0.3203125 0.528125 0.403125 0.528125 0.403125 0.596875 0.3203125 0.596875
11 0.409375 0.4265625 0.4890625 0.4265625 0.4890625 0.5015625 0.409375 0.5015625
11 0.4046875 0.725 0.4796875 0.725 0.4796875 0.809375 0.4046875 0.809375
10 0.7921875 0.3125 0.9 0.3125 0.9 0.40625 0.7921875 0.40625
10 0.796875 0.8171875 0.9125 0.8171875 0.9125 0.95 0.796875 0.95
10 0.59375 0.0734375 0.678125 0.0734375 0.678125 0.2015625 0.59375 0.2015625
8 0.09375 0.121875 0.1953125 0.121875 0.1953125 0.21875 0.09375 0.21875
0 0.0875 0.621875 0.203125 0.621875 0.203125 0.703125 0.0875 0.703125
1 0.2875 0.61875 0.4 0.61875 0.4 0.721875 0.2875 0.721875
1 0.175 0.603125 0.30625 0.603125 0.30625 0.71875 0.175 0.71875
1 0.2734375 0.0875 0.3875 0.0875 0.3875 0.234375 0.2734375 0.234375
2 0.0921875 0.43125 0.215625 0.43125 0.215625 0.515625 0.0921875 0.515625
3 0.2203125 0.44375 0.3078125 0.44375 0.3078125 0.515625 0.2203125 0.515625
0 0.4984375 0.3265625 0.56875 0.3265625 0.56875 0.3921875 0.4984375 0.3921875
3 0.2078125 0.246875 0.3015625 0.246875 0.3015625 0.328125 0.2078125 0.328125
4 0.7875 0.0546875 0.915625 0.0546875 0.915625 0.2046875 0.7875 0.2046875
4 0.4796875 0.6140625 0.578125 0.6140625 0.578125 0.7125 0.4796875 0.7125
4 0.384375 0.2234375 0.475 0.2234375 0.475 0.3265625 0.384375 0.3265625
5 0.69375 0.6 0.796875 0.6 0.796875 0.715625 0.69375 0.715625
5 0.603125 0.61875 0.6828125 0.61875 0.6828125 0.696875 0.603125 0.696875
5 0.5 0.53125 0.565625 0.53125 0.565625 0.6015625 0.5 0.6015625
5 0.6046875 0.815625 0.690625 0.815625 0.690625 0.925 0.6046875 0.925
5 0.084375 0.5234375 0.20625 0.5234375 0.20625 0.6140625 0.084375 0.6140625
6 0.8 0.615625 0.896875 0.615625 0.896875 0.690625 0.8 0.690625
6 0.7859375 0.73125 0.884375 0.73125 0.884375 0.821875 0.7859375 0.821875
6 0.2921875 0.803125 0.4078125 0.803125 0.4078125 0.9125 0.2921875 0.9125
6 0.18125 0.69375 0.2921875 0.69375 0.2921875 0.7875 0.18125 0.7875
6 0.0890625 0.225 0.1953125 0.225 0.1953125 0.315625 0.0890625 0.315625
6 0.290625 0.3171875 0.3796875 0.3171875 0.3796875 0.396875 0.290625 0.396875
7 0.78125 0.50625 0.903125 0.50625 0.903125 0.590625 0.78125 0.590625
0 0.6953125 0.1140625 0.7703125 0.1140625 0.7703125 0.2125 0.6953125 0.2125
7 0.1390625 0.8 0.2890625 0.8 0.2890625 0.9453125 0.1390625 0.9453125
0 0.490625 0.125 0.559375 0.125 0.559375 0.2140625 0.490625 0.2140625
7 0.378125 0.10625 0.4796875 0.10625 0.4796875 0.234375 0.378125 0.234375
0 0.0734375 0.346875 0.1796875 0.346875 0.1796875 0.415625 0.0734375 0.415625
8 0.60625 0.315625 0.6875 0.315625 0.6875 0.39375 0.60625 0.39375
8 0.596875 0.421875 0.671875 0.421875 0.671875 0.49375 0.596875 0.49375
8 0.609375 0.521875 0.70625 0.521875 0.70625 0.6 0.609375 0.6
8 0.59375 0.7140625 0.68125 0.7140625 0.68125 0.8109375 0.59375 0.8109375
2 0.7140625 0.4359375 0.8046875 0.4359375 0.8046875 0.5109375 0.7140625 0.5109375
8 0.190625 0.11875 0.3125 0.11875 0.3125 0.215625 0.190625 0.215625
2 0.3953125 0.6234375 0.475 0.6234375 0.475 0.6953125 0.3953125 0.6953125
9 0.2921875 0.234375 0.371875 0.234375 0.371875 0.309375 0.2921875 0.309375
2 0.4921875 0.80625 0.5671875 0.80625 0.5671875 0.903125 0.4921875 0.903125
5 0.08125 0.8078125 0.190625 0.8078125 0.190625 0.9140625 0.08125 0.9140625
11 0.8203125 0.1828125 0.9125 0.1828125 0.9125 0.28125 0.8203125 0.28125