5 0.459375 0.3765625 0.5796875 0.3765625 0.5796875 0.4234375 0.459375 0.4234375
5 0.334375 0.38125 0.459375 0.38125 0.459375 0.425 0.334375 0.425
5 0.4796875 0.678125 0.60625 0.678125 0.60625 0.73125 0.4796875 0.73125
5 0.35625 0.68125 0.4828125 0.68125 0.4828125 0.73125 0.35625 0.73125
1 0.890625 0.5546875 0.99375 0.5546875 0.99375 0.6125 0.890625 0.6125
4 0.871875 0.496875 0.9953125 0.496875 0.9953125 0.5453125 0.871875 0.5453125
3 0.2546875 0.634375 0.3546875 0.634375 0.3546875 0.6671875 0.2546875 0.6671875
3 0.3890625 0.640625 0.4796875 0.640625 0.4796875 0.6734375 0.3890625 0.6734375
3 0.5015625 0.615625 0.6015625 0.615625 0.6015625 0.65 0.5015625 0.65
3 0.35 0.565625 0.453125 0.565625 0.453125 0.6 0.35 0.6
3 0.6203125 0.61875 0.715625 0.61875 0.715625 0.65625 0.6203125 0.65625
3 0.7796875 0.61875 0.8671875 0.61875 0.8671875 0.6578125 0.7796875 0.6578125
3 0.771875 0.553125 0.8609375 0.553125 0.8609375 0.59375 0.771875 0.59375
3 0.4875 0.49375 0.5875 0.49375 0.5875 0.534375 0.4875 0.534375
0 0.5984375 0.5578125 0.7234375 0.5578125 0.7234375 0.603125 0.5984375 0.603125
0 0.6109375 0.4984375 0.728125 0.4984375 0.728125 0.534375 0.6109375 0.534375
9 0.746875 0.4984375 0.840625 0.4984375 0.840625 0.5375 0.746875 0.5375
9 0.7515625 0.371875 0.8484375 0.371875 0.8484375 0.409375 0.7515625 0.409375
9 0.628125 0.43125 0.73125 0.43125 0.73125 0.46875 0.628125 0.46875
9 0.484375 0.44375 0.590625 0.44375 0.590625 0.4765625 0.484375 0.4765625
9 0.365625 0.44375 0.4546875 0.44375 0.4546875 0.4828125 0.365625 0.4828125
9 0.2484375 0.4515625 0.3546875 0.4515625 0.3546875 0.4890625 0.2484375 0.4890625
9 0.3609375 0.50625 0.4640625 0.50625 0.4640625 0.54375 0.3609375 0.54375
9 0.2578125 0.5125 0.3640625 0.5125 0.3640625 0.5453125 0.2578125 0.5453125
6 0.615625 0.68125 0.7390625 0.68125 0.7390625 0.734375 0.615625 0.734375
6 0.4609375 0.559375 0.5828125 0.559375 0.5828125 0.6 0.4609375 0.6
7 0.071875 0.56875 0.2625 0.56875 0.2625 0.621875 0.071875 0.621875
10 0.0828125 0.503125 0.2609375 0.503125 0.2609375 0.5484375 0.0828125 0.5484375