9 0.2453125 0.1359375 0.2859375 0.1359375 0.2859375 0.240625 0.2453125 0.240625
9 0.3015625 0.134375 0.340625 0.134375 0.340625 0.228125 0.3015625 0.228125
9 0.359375 0.128125 0.4 0.128125 0.4 0.228125 0.359375 0.228125
9 0.2953125 0.3609375 0.340625 0.3609375 0.340625 0.471875 0.2953125 0.471875
6 0.2265625 0.3484375 0.28125 0.3484375 0.28125 0.4703125 0.2265625 0.4703125
5 0.284375 0.228125 0.328125 0.228125 0.328125 0.340625 0.284375 0.340625
0 0.41875 0.2578125 0.453125 0.2578125 0.453125 0.3609375 0.41875 0.3609375
3 0.3578125 0.384375 0.3921875 0.384375 0.3921875 0.465625 0.3578125 0.465625
1 0.40625 0.084375 0.45 0.084375 0.45 0.246875 0.40625 0.246875
4 0.4609375 0.075 0.503125 0.075 0.503125 0.23125 0.4609375 0.23125
0 0.4078125 0.365625 0.44375 0.365625 0.44375 0.4671875 0.4078125 0.4671875
8 0.53125 0.340625 0.571875 0.340625 0.571875 0.459375 0.53125 0.459375
8 0.521875 0.2296875 0.565625 0.2296875 0.565625 0.3375 0.521875 0.3375
5 0.471875 0.2359375 0.50625 0.2359375 0.50625 0.3484375 0.471875 0.3484375
5 0.5828125 0.2390625 0.625 0.2390625 0.625 0.353125 0.5828125 0.353125
7 0.51875 0.06875 0.565625 0.06875 0.565625 0.225 0.51875 0.225
3 0.471875 0.359375 0.50625 0.359375 0.50625 0.440625 0.471875 0.440625