11 0.29375 0.18125 0.334375 0.18125 0.334375 0.2453125 0.29375 0.2453125
5 0.3375 0.1796875 0.3796875 0.1796875 0.3796875 0.2390625 0.3375 0.2390625
6 0.3828125 0.165625 0.4203125 0.165625 0.4203125 0.2328125 0.3828125 0.2328125
9 0.4265625 0.1734375 0.459375 0.1734375 0.459375 0.23125 0.4265625 0.23125
8 0.459375 0.1625 0.5015625 0.1625 0.5015625 0.2390625 0.459375 0.2390625
5 0.5015625 0.15625 0.5421875 0.15625 0.5421875 0.23125 0.5015625 0.23125
1 0.54375 0.2390625 0.5890625 0.2390625 0.5890625 0.3046875 0.54375 0.3046875
10 0.5046875 0.2328125 0.5453125 0.2328125 0.5453125 0.3125 0.5046875 0.3125
1 0.4609375 0.246875 0.50625 0.246875 0.50625 0.321875 0.4609375 0.321875
7 0.4203125 0.2421875 0.4578125 0.2421875 0.4578125 0.3140625 0.4203125 0.3140625
6 0.3796875 0.246875 0.4203125 0.246875 0.4203125 0.3203125 0.3796875 0.3203125
1 0.3359375 0.2515625 0.378125 0.2515625 0.378125 0.325 0.3359375 0.325
11 0.421875 0.325 0.4640625 0.325 0.4640625 0.4046875 0.421875 0.4046875
2 0.29375 0.334375 0.328125 0.334375 0.328125 0.3921875 0.29375 0.3921875
9 0.3359375 0.33125 0.378125 0.33125 0.378125 0.4140625 0.3359375 0.4140625
9 0.3359375 0.4203125 0.3765625 0.4203125 0.3765625 0.4921875 0.3359375 0.4921875
6 0.465625 0.3296875 0.50625 0.3296875 0.50625 0.4015625 0.465625 0.4015625
5 0.50625 0.31875 0.5484375 0.31875 0.5484375 0.396875 0.50625 0.396875
0 0.5515625 0.3140625 0.590625 0.3140625 0.590625 0.3921875 0.5515625 0.3921875
8 0.5921875 0.3984375 0.6375 0.3984375 0.6375 0.475 0.5921875 0.475
7 0.55 0.3984375 0.5953125 0.3984375 0.5953125 0.4796875 0.55 0.4796875
0 0.5078125 0.4015625 0.5515625 0.4015625 0.5515625 0.484375 0.5078125 0.484375
9 0.465625 0.40625 0.5109375 0.40625 0.5109375 0.4890625 0.465625 0.4890625
4 0.421875 0.409375 0.465625 0.409375 0.465625 0.490625 0.421875 0.490625
6 0.378125 0.41875 0.421875 0.41875 0.421875 0.4984375 0.378125 0.4984375
4 0.2890625 0.5125 0.334375 0.5125 0.334375 0.6 0.2890625 0.6
9 0.334375 0.50625 0.3796875 0.50625 0.3796875 0.59375 0.334375 0.59375
2 0.3796875 0.503125 0.425 0.503125 0.425 0.5859375 0.3796875 0.5859375
5 0.421875 0.4953125 0.46875 0.4953125 0.46875 0.5828125 0.421875 0.5828125
9 0.46875 0.4953125 0.5109375 0.4953125 0.5109375 0.578125 0.46875 0.578125
0 0.5109375 0.490625 0.5546875 0.490625 0.5546875 0.5703125 0.5109375 0.5703125
0 0.5546875 0.2859375 0.58125 0.2859375 0.58125 0.3703125 0.5546875 0.3703125
2 0.46875 0.5859375 0.5140625 0.5859375 0.5140625 0.66875 0.46875 0.66875
10 0.515625 0.58125 0.559375 0.58125 0.559375 0.6671875 0.515625 0.6671875
0 0.3765625 0.571875 0.4109375 0.571875 0.4109375 0.6515625 0.3765625 0.6515625
8 0.5546875 0.484375 0.6 0.484375 0.6 0.56875 0.5546875 0.56875
0 0.2875 0.8015625 0.321875 0.8015625 0.321875 0.8765625 0.2875 0.8765625
0 0.3890625 0.6875 0.4234375 0.6875 0.4234375 0.76875 0.3890625 0.76875
6 0.596875 0.4796875 0.64375 0.4796875 0.64375 0.5640625 0.596875 0.5640625
0 0.515625 0.4890625 0.546875 0.4890625 0.546875 0.56875 0.515625 0.56875
9 0.6015625 0.5734375 0.6484375 0.5734375 0.6484375 0.659375 0.6015625 0.659375
8 0.559375 0.575 0.6015625 0.575 0.6015625 0.659375 0.559375 0.659375
0 0.5171875 0.3765625 0.546875 0.3765625 0.546875 0.4671875 0.5171875 0.4671875
11 0.425 0.5921875 0.46875 0.5921875 0.46875 0.6765625 0.425 0.6765625
1 0.3328125 0.196875 0.3734375 0.196875 0.3734375 0.3234375 0.3328125 0.3234375
1 0.459375 0.178125 0.490625 0.178125 0.490625 0.3 0.459375 0.3
0 0.3796875 0.59375 0.4234375 0.59375 0.4234375 0.6828125 0.3796875 0.6828125
7 0.334375 0.5984375 0.378125 0.5984375 0.378125 0.6875 0.334375 0.6875
1 0.55625 0.1703125 0.5875 0.1703125 0.5875 0.29375 0.55625 0.29375
8 0.2859375 0.6984375 0.3296875 0.6984375 0.3296875 0.7890625 0.2859375 0.7890625
2 0.4796875 0.55625 0.5125 0.55625 0.5125 0.64375 0.4796875 0.64375
2 0.3328125 0.6953125 0.3796875 0.6953125 0.3796875 0.7875 0.3328125 0.7875
2 0.38125 0.4875 0.415625 0.4875 0.415625 0.5859375 0.38125 0.5859375
2 0.290625 0.2921875 0.321875 0.2921875 0.321875 0.39375 0.290625 0.39375
0 0.38125 0.690625 0.4234375 0.690625 0.4234375 0.78125 0.38125 0.78125
5 0.3328125 0.7953125 0.3796875 0.7953125 0.3796875 0.890625 0.3328125 0.890625
4 0.275 0.5015625 0.31875 0.5015625 0.31875 0.6078125 0.275 0.6078125
10 0.3796875 0.7921875 0.425 0.7921875 0.425 0.884375 0.3796875 0.884375
4 0.4234375 0.3578125 0.459375 0.3578125 0.459375 0.4703125 0.4234375 0.4703125
4 0.425 0.6828125 0.471875 0.6828125 0.471875 0.775 0.425 0.775
5 0.328125 0.8109375 0.365625 0.8109375 0.365625 0.884375 0.328125 0.884375
11 0.4703125 0.678125 0.51875 0.678125 0.51875 0.771875 0.4703125 0.771875
5 0.421875 0.471875 0.4515625 0.471875 0.4515625 0.571875 0.421875 0.571875
6 0.5609375 0.66875 0.6078125 0.66875 0.6078125 0.7609375 0.5609375 0.7609375
5 0.340625 0.1234375 0.3734375 0.1234375 0.3734375 0.2171875 0.340625 0.2171875
11 0.51875 0.775 0.56875 0.775 0.56875 0.8671875 0.51875 0.8671875
5 0.496875 0.1140625 0.5265625 0.1140625 0.5265625 0.209375 0.496875 0.209375
8 0.471875 0.778125 0.5203125 0.778125 0.5203125 0.8734375 0.471875 0.8734375
5 0.5171875 0.2859375 0.5453125 0.2859375 0.5453125 0.3765625 0.5171875 0.3765625
11 0.290625 0.4203125 0.33125 0.4203125 0.33125 0.5046875 0.290625 0.5046875
11 0.5359375 0.7796875 0.5703125 0.7796875 0.5703125 0.853125 0.5359375 0.853125