3 0.1328125 0.1640625 0.2203125 0.1640625 0.2203125 0.2515625 0.1328125 0.2515625
3 0.228125 0.053125 0.3125 0.053125 0.3125 0.15625 0.228125 0.15625
3 0.5984375 0.040625 0.7015625 0.040625 0.7015625 0.134375 0.5984375 0.134375
3 0.621875 0.14375 0.7 0.14375 0.7 0.240625 0.621875 0.240625
3 0.7109375 0.1609375 0.7984375 0.1609375 0.7984375 0.24375 0.7109375 0.24375
3 0.8125 0.1609375 0.903125 0.1609375 0.903125 0.2515625 0.8125 0.2515625
3 0.684375 0.2484375 0.8078125 0.2484375 0.8078125 0.34375 0.684375 0.34375
3 0.6265625 0.3515625 0.69375 0.3515625 0.69375 0.4328125 0.6265625 0.4328125
3 0.715625 0.459375 0.8046875 0.459375 0.8046875 0.528125 0.715625 0.528125
3 0.83125 0.5625 0.9296875 0.5625 0.9296875 0.63125 0.83125 0.63125
3 0.8375 0.6546875 0.934375 0.6546875 0.934375 0.7359375 0.8375 0.7359375
3 0.6171875 0.659375 0.7015625 0.659375 0.7015625 0.734375 0.6171875 0.734375
3 0.521875 0.6734375 0.590625 0.6734375 0.590625 0.740625 0.521875 0.740625
3 0.4140625 0.68125 0.49375 0.68125 0.49375 0.7515625 0.4140625 0.7515625
3 0.4140625 0.575 0.5015625 0.575 0.5015625 0.646875 0.4140625 0.646875
3 0.5140625 0.475 0.5828125 0.475 0.5828125 0.5484375 0.5140625 0.5484375
3 0.3296875 0.55625 0.3953125 0.55625 0.3953125 0.63125 0.3296875 0.63125
3 0.2 0.7671875 0.296875 0.7671875 0.296875 0.8484375 0.2 0.8484375
3 0.321875 0.771875 0.403125 0.771875 0.403125 0.8546875 0.321875 0.8546875
3 0.121875 0.35625 0.203125 0.35625 0.203125 0.44375 0.121875 0.44375
3 0.21875 0.35625 0.30625 0.35625 0.30625 0.440625 0.21875 0.440625
3 0.20625 0.6453125 0.2953125 0.6453125 0.2953125 0.74375 0.20625 0.74375
3 0.0953125 0.775 0.1859375 0.775 0.1859375 0.8578125 0.0953125 0.8578125
9 0.109375 0.5640625 0.19375 0.5640625 0.19375 0.6375 0.109375 0.6375
9 0.325 0.3515625 0.3921875 0.3515625 0.3921875 0.4234375 0.325 0.4234375
9 0.521875 0.5625 0.590625 0.5625 0.590625 0.634375 0.521875 0.634375
9 0.521875 0.759375 0.5953125 0.759375 0.5953125 0.8359375 0.521875 0.8359375
9 0.6203125 0.5609375 0.6984375 0.5609375 0.6984375 0.6359375 0.6203125 0.6359375
2 0.2234375 0.45625 0.309375 0.45625 0.309375 0.5421875 0.2234375 0.5421875
2 0.315625 0.659375 0.4125 0.659375 0.4125 0.75 0.315625 0.75
2 0.8140625 0.4578125 0.9171875 0.4578125 0.9171875 0.5359375 0.8140625 0.5359375
2 0.7125 0.771875 0.821875 0.771875 0.821875 0.85625 0.7125 0.85625
8 0.19375 0.5640625 0.303125 0.5640625 0.303125 0.6421875 0.19375 0.6421875
8 0.821875 0.7625 0.9265625 0.7625 0.9265625 0.88125 0.821875 0.88125
8 0.521875 0.3671875 0.6125 0.3671875 0.6125 0.4515625 0.521875 0.4515625
4 0.5171875 0.2265625 0.6046875 0.2265625 0.6046875 0.35625 0.5171875 0.35625
11 0.4140625 0.4640625 0.5 0.4640625 0.5 0.55 0.4140625 0.55
5 0.7359375 0.559375 0.834375 0.559375 0.834375 0.646875 0.7359375 0.646875
5 0.815625 0.34375 0.921875 0.34375 0.921875 0.4296875 0.815625 0.4296875