0 0.71875 0.29375 0.809375 0.29375 0.809375 0.3328125 0.71875 0.3328125
0 0.6125 0.45 0.709375 0.45 0.709375 0.484375 0.6125 0.484375
0 0.721875 0.5828125 0.8078125 0.5828125 0.8078125 0.621875 0.721875 0.621875
0 0.5265625 0.2359375 0.6078125 0.2359375 0.6078125 0.278125 0.5265625 0.278125
0 0.2921875 0.4890625 0.3609375 0.4890625 0.3609375 0.5234375 0.2921875 0.5234375
0 0.1 0.4890625 0.1875 0.4890625 0.1875 0.5265625 0.1 0.5265625
1 0.6359375 0.2421875 0.74375 0.2421875 0.74375 0.2921875 0.6359375 0.2921875
1 0.83125 0.29375 0.959375 0.29375 0.959375 0.3421875 0.83125 0.3421875
1 0.1921875 0.578125 0.2890625 0.578125 0.2890625 0.6296875 0.1921875 0.6296875
2 0.23125 0.24375 0.321875 0.24375 0.321875 0.2875 0.23125 0.2875
2 0.30625 0.5296875 0.3859375 0.5296875 0.3859375 0.5625 0.30625 0.5625
2 0.615625 0.575 0.7 0.575 0.7 0.6171875 0.615625 0.6171875
2 0.6359375 0.4015625 0.7078125 0.4015625 0.7078125 0.4359375 0.6359375 0.4359375
4 0.4359375 0.284375 0.5203125 0.284375 0.5203125 0.3328125 0.4359375 0.3328125
4 0.409375 0.3328125 0.4984375 0.3328125 0.4984375 0.375 0.409375 0.375
4 0.403125 0.590625 0.4859375 0.590625 0.4859375 0.6359375 0.403125 0.6359375
5 0.3203125 0.4390625 0.3984375 0.4390625 0.3984375 0.478125 0.3203125 0.478125
5 0.421875 0.484375 0.5 0.484375 0.5 0.51875 0.421875 0.51875
5 0.6359375 0.3453125 0.725 0.3453125 0.725 0.38125 0.6359375 0.38125
5 0.6265625 0.296875 0.7234375 0.296875 0.7234375 0.3390625 0.6265625 0.3390625
11 0.0921875 0.228125 0.1921875 0.228125 0.1921875 0.275 0.0921875 0.275
11 0.075 0.3953125 0.15625 0.3953125 0.15625 0.428125 0.075 0.428125
11 0.321875 0.3375 0.4015625 0.3375 0.4015625 0.378125 0.321875 0.378125
11 0.515625 0.5296875 0.603125 0.5296875 0.603125 0.565625 0.515625 0.565625
11 0.521875 0.584375 0.603125 0.584375 0.603125 0.625 0.521875 0.625
10 0.703125 0.49375 0.821875 0.49375 0.821875 0.528125 0.703125 0.528125
10 0.321875 0.3875 0.4125 0.3875 0.4125 0.425 0.321875 0.425
10 0.203125 0.4796875 0.3 0.4796875 0.3 0.528125 0.203125 0.528125
9 0.234375 0.2953125 0.3125 0.2953125 0.3125 0.328125 0.234375 0.328125
9 0.21875 0.3375 0.3 0.3375 0.3 0.375 0.21875 0.375
9 0.103125 0.4390625 0.1796875 0.4390625 0.1796875 0.471875 0.103125 0.471875
9 0.5234375 0.4484375 0.596875 0.4484375 0.596875 0.48125 0.5234375 0.48125
9 0.825 0.5375 0.915625 0.5375 0.915625 0.571875 0.825 0.571875
9 0.81875 0.4875 0.9 0.4875 0.9 0.521875 0.81875 0.521875
11 0.403125 0.528125 0.48125 0.528125 0.48125 0.5609375 0.403125 0.5609375
8 0.3203125 0.2890625 0.40625 0.2890625 0.40625 0.33125 0.3203125 0.33125
8 0.315625 0.5765625 0.39375 0.5765625 0.39375 0.6171875 0.315625 0.6171875
8 0.5078125 0.34375 0.5953125 0.34375 0.5953125 0.384375 0.5078125 0.384375
8 0.7125 0.4375 0.8109375 0.4375 0.8109375 0.471875 0.7125 0.471875
8 0.6015625 0.53125 0.6859375 0.53125 0.6859375 0.5703125 0.6015625 0.5703125
8 0.8109375 0.4015625 0.9109375 0.4015625 0.9109375 0.4390625 0.8109375 0.4390625
7 0.21875 0.53125 0.29375 0.53125 0.29375 0.56875 0.21875 0.56875
7 0.715625 0.3921875 0.83125 0.3921875 0.83125 0.4359375 0.715625 0.4359375
7 0.41875 0.225 0.51875 0.225 0.51875 0.2796875 0.41875 0.2796875
6 0.3203125 0.2234375 0.3875 0.2234375 0.3875 0.26875 0.3203125 0.26875
6 0.20625 0.390625 0.29375 0.390625 0.29375 0.425 0.20625 0.425
6 0.709375 0.5375 0.7984375 0.5375 0.7984375 0.575 0.709375 0.575
6 0.8046875 0.4421875 0.8859375 0.4421875 0.8859375 0.475 0.8046875 0.475
6 0.51875 0.2921875 0.596875 0.2921875 0.596875 0.33125 0.51875 0.33125
6 0.078125 0.3328125 0.15625 0.3328125 0.15625 0.3703125 0.078125 0.3703125
9 0.4125 0.4375 0.496875 0.4375 0.496875 0.46875 0.4125 0.46875
5 0.090625 0.578125 0.178125 0.578125 0.178125 0.621875 0.090625 0.621875