11 0.35625 0.1375 0.43125 0.1375 0.43125 0.2484375 0.35625 0.2484375
11 0.746875 0.6296875 0.8203125 0.6296875 0.8203125 0.709375 0.746875 0.709375
11 0.5265625 0.71875 0.5890625 0.71875 0.5890625 0.81875 0.5265625 0.81875
11 0.3 0.5515625 0.365625 0.5515625 0.365625 0.6296875 0.3 0.6296875
9 0.2328125 0.3625 0.296875 0.3625 0.296875 0.428125 0.2328125 0.428125
9 0.375 0.271875 0.440625 0.271875 0.440625 0.35 0.375 0.35
9 0.509375 0.26875 0.5796875 0.26875 0.5796875 0.34375 0.509375 0.34375
9 0.5796875 0.265625 0.6421875 0.265625 0.6421875 0.3375 0.5796875 0.3375
9 0.728125 0.2515625 0.784375 0.2515625 0.784375 0.3296875 0.728125 0.3296875
9 0.7296875 0.5375 0.8 0.5375 0.8 0.6109375 0.7296875 0.6109375
9 0.6703125 0.8296875 0.7296875 0.8296875 0.7296875 0.909375 0.6703125 0.909375
9 0.240625 0.71875 0.3125 0.71875 0.3125 0.8078125 0.240625 0.8078125
9 0.3140625 0.7171875 0.3796875 0.7171875 0.3796875 0.803125 0.3140625 0.803125
9 0.2390625 0.6265625 0.3046875 0.6265625 0.3046875 0.7046875 0.2390625 0.7046875
9 0.5859375 0.1546875 0.6359375 0.1546875 0.6359375 0.240625 0.5859375 0.240625
8 0.2984375 0.2421875 0.3671875 0.2421875 0.3671875 0.3453125 0.2984375 0.3453125
8 0.6546875 0.128125 0.715625 0.128125 0.715625 0.225 0.6546875 0.225
8 0.7203125 0.1265625 0.7859375 0.1265625 0.7859375 0.221875 0.7203125 0.221875
8 0.3 0.3484375 0.375 0.3484375 0.375 0.44375 0.3 0.44375
7 0.5046875 0.434375 0.5765625 0.434375 0.5765625 0.5328125 0.5046875 0.5328125
6 0.309375 0.621875 0.375 0.621875 0.375 0.7140625 0.309375 0.7140625
6 0.38125 0.7140625 0.4359375 0.7140625 0.4359375 0.8078125 0.38125 0.8078125
6 0.746875 0.725 0.8171875 0.725 0.8171875 0.8109375 0.746875 0.8109375
6 0.365625 0.8140625 0.4375 0.8140625 0.4375 0.9046875 0.365625 0.9046875
6 0.29375 0.4484375 0.371875 0.4484375 0.371875 0.515625 0.29375 0.515625
5 0.6640625 0.7296875 0.7375 0.7296875 0.7375 0.81875 0.6640625 0.81875
5 0.453125 0.8046875 0.5125 0.8046875 0.5125 0.9140625 0.453125 0.9140625
3 0.234375 0.271875 0.2953125 0.271875 0.2953125 0.340625 0.234375 0.340625
3 0.446875 0.259375 0.5046875 0.259375 0.5046875 0.3375 0.446875 0.3375
3 0.6703125 0.24375 0.7171875 0.24375 0.7171875 0.3234375 0.6703125 0.3234375
3 0.6609375 0.63125 0.7265625 0.63125 0.7265625 0.7109375 0.6609375 0.7109375
3 0.5875 0.7265625 0.646875 0.7265625 0.646875 0.8109375 0.5875 0.8109375
3 0.2375 0.8078125 0.3046875 0.8078125 0.3046875 0.896875 0.2375 0.896875
3 0.2421875 0.4390625 0.3046875 0.4390625 0.3046875 0.5140625 0.2421875 0.5140625
2 0.228125 0.153125 0.303125 0.153125 0.303125 0.2484375 0.228125 0.2484375
2 0.734375 0.31875 0.8 0.31875 0.8 0.396875 0.734375 0.396875
2 0.725 0.43125 0.790625 0.43125 0.790625 0.5109375 0.725 0.5109375
0 0.4359375 0.1421875 0.4953125 0.1421875 0.4953125 0.2515625 0.4359375 0.2515625
0 0.51875 0.159375 0.575 0.159375 0.575 0.253125 0.51875 0.253125
0 0.225 0.5359375 0.296875 0.5359375 0.296875 0.6171875 0.225 0.6171875
0 0.3046875 0.8125 0.3703125 0.8125 0.3703125 0.9265625 0.3046875 0.9265625
0 0.5953125 0.8203125 0.6546875 0.8203125 0.6546875 0.9171875 0.5953125 0.9171875
0 0.4484375 0.7234375 0.5109375 0.7234375 0.5109375 0.81875 0.4484375 0.81875
0 0.5125 0.8078125 0.58125 0.8078125 0.58125 0.921875 0.5125 0.921875