6 0.346875 0.625 0.39375 0.625 0.39375 0.70625 0.346875 0.70625
6 0.3609375 0.4203125 0.4203125 0.4203125 0.4203125 0.515625 0.3609375 0.515625
6 0.19375 0.6109375 0.2671875 0.6109375 0.2671875 0.6859375 0.19375 0.6859375
6 0.571875 0.6265625 0.6203125 0.6265625 0.6203125 0.690625 0.571875 0.690625
4 0.4109375 0.6171875 0.475 0.6171875 0.475 0.696875 0.4109375 0.696875
4 0.434375 0.3140625 0.4921875 0.3140625 0.4921875 0.41875 0.434375 0.41875
4 0.4296875 0.221875 0.496875 0.221875 0.496875 0.309375 0.4296875 0.309375
4 0.7046875 0.3375 0.7953125 0.3375 0.7953125 0.4140625 0.7046875 0.4140625
7 0.4125 0.8109375 0.471875 0.8109375 0.471875 0.9125 0.4125 0.9125
7 0.7171875 0.2265625 0.7953125 0.2265625 0.7953125 0.315625 0.7171875 0.315625
7 0.7125 0.425 0.79375 0.425 0.79375 0.521875 0.7125 0.521875
7 0.7078125 0.6234375 0.7859375 0.6234375 0.7859375 0.71875 0.7078125 0.71875
7 0.703125 0.7234375 0.784375 0.7234375 0.784375 0.8296875 0.703125 0.8296875
1 0.425 0.434375 0.4859375 0.434375 0.4859375 0.5140625 0.425 0.5140625
10 0.4125 0.7125 0.475 0.7125 0.475 0.80625 0.4125 0.80625
10 0.265625 0.41875 0.346875 0.41875 0.346875 0.5140625 0.265625 0.5140625
10 0.41875 0.5140625 0.48125 0.5140625 0.48125 0.6 0.41875 0.6
10 0.4296875 0.1078125 0.4984375 0.1078125 0.4984375 0.2015625 0.4296875 0.2015625
10 0.7140625 0.10625 0.796875 0.10625 0.796875 0.2125 0.7140625 0.2125
10 0.70625 0.534375 0.784375 0.534375 0.784375 0.6171875 0.70625 0.6171875
9 0.6390625 0.615625 0.6890625 0.615625 0.6890625 0.696875 0.6390625 0.696875
9 0.5015625 0.621875 0.546875 0.621875 0.546875 0.696875 0.5015625 0.696875
9 0.2796875 0.6125 0.3359375 0.6125 0.3359375 0.6890625 0.2796875 0.6890625
9 0.209375 0.41875 0.2703125 0.41875 0.2703125 0.50625 0.209375 0.50625
9 0.3546875 0.1453125 0.4140625 0.1453125 0.4140625 0.2265625 0.3546875 0.2265625
9 0.290625 0.146875 0.34375 0.146875 0.34375 0.2203125 0.290625 0.2203125
9 0.5109375 0.1421875 0.5640625 0.1421875 0.5640625 0.2234375 0.5109375 0.2234375
9 0.5921875 0.14375 0.6359375 0.14375 0.6359375 0.2265625 0.5921875 0.2265625
9 0.5078125 0.4328125 0.5484375 0.4328125 0.5484375 0.50625 0.5078125 0.50625
9 0.5734375 0.45 0.615625 0.45 0.615625 0.51875 0.5734375 0.51875
9 0.64375 0.4453125 0.6875 0.4453125 0.6875 0.515625 0.64375 0.515625