3 0.703125 0.3234375 0.76875 0.3234375 0.76875 0.4046875 0.703125 0.4046875
3 0.6375 0.3171875 0.696875 0.3171875 0.696875 0.3984375 0.6375 0.3984375
3 0.5515625 0.7125 0.6109375 0.7125 0.6109375 0.7953125 0.5515625 0.7953125
3 0.628125 0.8109375 0.6921875 0.8109375 0.6921875 0.9046875 0.628125 0.9046875
3 0.559375 0.4171875 0.615625 0.4171875 0.615625 0.4890625 0.559375 0.4890625
3 0.4046875 0.6140625 0.4734375 0.6140625 0.4734375 0.6890625 0.4046875 0.6890625
3 0.409375 0.309375 0.4609375 0.309375 0.4609375 0.384375 0.409375 0.384375
1 0.615625 0.5125 0.7125 0.5125 0.7125 0.60625 0.615625 0.60625
1 0.325 0.190625 0.3984375 0.190625 0.3984375 0.303125 0.325 0.303125
1 0.321875 0.5140625 0.3984375 0.5140625 0.3984375 0.6078125 0.321875 0.6078125
1 0.3125 0.615625 0.3875 0.615625 0.3875 0.7203125 0.3125 0.7203125
2 0.5625 0.21875 0.640625 0.21875 0.640625 0.309375 0.5625 0.309375
2 0.23125 0.815625 0.315625 0.815625 0.315625 0.915625 0.23125 0.915625
2 0.2484375 0.615625 0.3171875 0.615625 0.3171875 0.7125 0.2484375 0.7125
2 0.2421875 0.190625 0.3203125 0.190625 0.3203125 0.2921875 0.2421875 0.2921875
5 0.4953125 0.5171875 0.5484375 0.5171875 0.5484375 0.5875 0.4953125 0.5875
5 0.23125 0.4203125 0.309375 0.4203125 0.309375 0.5046875 0.23125 0.5046875
4 0.48125 0.4 0.55 0.4 0.55 0.496875 0.48125 0.496875
0 0.325 0.81875 0.4 0.81875 0.4 0.9421875 0.325 0.9421875
0 0.2453125 0.075 0.3203125 0.075 0.3203125 0.178125 0.2453125 0.178125