10 0.609375 0.4375 0.7109375 0.4375 0.7109375 0.509375 0.609375 0.509375
10 0.4078125 0.4421875 0.5015625 0.4421875 0.5015625 0.5078125 0.4078125 0.5078125
10 0.20625 0.5234375 0.309375 0.5234375 0.309375 0.59375 0.20625 0.59375
10 0.3125 0.659375 0.3953125 0.659375 0.3953125 0.74375 0.3125 0.74375
10 0.415625 0.59375 0.49375 0.59375 0.49375 0.6734375 0.415625 0.6734375
10 0.509375 0.728125 0.59375 0.728125 0.59375 0.83125 0.509375 0.83125
10 0.6015625 0.5921875 0.7078125 0.5921875 0.7078125 0.6765625 0.6015625 0.6765625
7 0.7859375 0.5890625 0.9203125 0.5890625 0.9203125 0.66875 0.7859375 0.66875
7 0.096875 0.74375 0.21875 0.74375 0.21875 0.8421875 0.096875 0.8421875
7 0.2109375 0.3671875 0.3078125 0.3671875 0.3078125 0.4328125 0.2109375 0.4328125
7 0.29375 0.1921875 0.409375 0.1921875 0.409375 0.2953125 0.29375 0.2953125
7 0.50625 0.51875 0.6125 0.51875 0.6125 0.584375 0.50625 0.584375
6 0.7015625 0.6625 0.7953125 0.6625 0.7953125 0.740625 0.7015625 0.740625
6 0.3078125 0.51875 0.3984375 0.51875 0.3984375 0.5890625 0.3078125 0.5890625
6 0.10625 0.5171875 0.20625 0.5171875 0.20625 0.5890625 0.10625 0.5890625
6 0.5125 0.296875 0.6046875 0.296875 0.6046875 0.3625 0.5125 0.3625
4 0.8 0.440625 0.934375 0.440625 0.934375 0.5 0.8 0.5
4 0.4109375 0.3703125 0.509375 0.3703125 0.509375 0.4296875 0.4109375 0.4296875
4 0.075 0.2734375 0.2046875 0.2734375 0.2046875 0.3609375 0.075 0.3609375
4 0.790625 0.203125 0.9375 0.203125 0.9375 0.29375 0.790625 0.29375
1 0.40625 0.5140625 0.496875 0.5140625 0.496875 0.5890625 0.40625 0.5890625