0 0.08125 0.6890625 0.2109375 0.6890625 0.2109375 0.7828125 0.08125 0.7828125
0 0.071875 0.5515625 0.21875 0.5515625 0.21875 0.6265625 0.071875 0.6265625
0 0.0515625 0.465625 0.2109375 0.465625 0.2109375 0.5484375 0.0515625 0.5484375
0 0.0875 0.4140625 0.203125 0.4140625 0.203125 0.4671875 0.0875 0.4671875
0 0.075 0.31875 0.203125 0.31875 0.203125 0.39375 0.075 0.39375
0 0.0671875 0.24375 0.2015625 0.24375 0.2015625 0.3109375 0.0671875 0.3109375
0 0.059375 0.1453125 0.2046875 0.1453125 0.2046875 0.2421875 0.059375 0.2421875
2 0.390625 0.309375 0.503125 0.309375 0.503125 0.396875 0.390625 0.396875
2 0.396875 0.21875 0.5109375 0.21875 0.5109375 0.309375 0.396875 0.309375
2 0.38125 0.1375 0.5109375 0.1375 0.5109375 0.2140625 0.38125 0.2140625
3 0.8234375 0.634375 0.9140625 0.634375 0.9140625 0.7046875 0.8234375 0.7046875
3 0.8328125 0.553125 0.9265625 0.553125 0.9265625 0.615625 0.8328125 0.615625
3 0.8125 0.4875 0.9203125 0.4875 0.9203125 0.55 0.8125 0.55
3 0.825 0.3921875 0.9375 0.3921875 0.9375 0.4578125 0.825 0.4578125
3 0.828125 0.3140625 0.9296875 0.3140625 0.9296875 0.38125 0.828125 0.38125
3 0.8234375 0.221875 0.934375 0.221875 0.934375 0.3046875 0.8234375 0.3046875
3 0.8125 0.1375 0.909375 0.1375 0.909375 0.2234375 0.8125 0.2234375
5 0.4984375 0.7078125 0.5828125 0.7078125 0.5828125 0.7953125 0.4984375 0.7953125
5 0.4875 0.625 0.590625 0.625 0.590625 0.70625 0.4875 0.70625