9 0.053125 0.0875 0.1375 0.0875 0.1375 0.1625 0.053125 0.1625
10 0.028125 0.1390625 0.15625 0.1390625 0.15625 0.246875 0.028125 0.246875
11 0.0328125 0.3 0.134375 0.3 0.134375 0.371875 0.0328125 0.371875
2 0.046875 0.403125 0.1421875 0.403125 0.1421875 0.471875 0.046875 0.471875
5 0.0578125 0.5 0.1515625 0.5 0.1515625 0.571875 0.0578125 0.571875
9 0.0703125 0.6125 0.1484375 0.6125 0.1484375 0.6734375 0.0703125 0.6734375
3 0.075 0.7265625 0.14375 0.7265625 0.14375 0.790625 0.075 0.790625
11 0.0484375 0.8296875 0.1421875 0.8296875 0.1421875 0.9265625 0.0484375 0.9265625
0 0.159375 0.084375 0.246875 0.084375 0.246875 0.171875 0.159375 0.171875
11 0.1640625 0.1671875 0.2515625 0.1671875 0.2515625 0.253125 0.1640625 0.253125
6 0.190625 0.340625 0.271875 0.340625 0.271875 0.403125 0.190625 0.403125
3 0.16875 0.4046875 0.2328125 0.4046875 0.2328125 0.459375 0.16875 0.459375
5 0.165625 0.5015625 0.25 0.5015625 0.25 0.5671875 0.165625 0.5671875
8 0.1734375 0.596875 0.26875 0.596875 0.26875 0.66875 0.1734375 0.66875
5 0.1640625 0.721875 0.253125 0.721875 0.253125 0.8078125 0.1640625 0.8078125
9 0.1875 0.8171875 0.25 0.8171875 0.25 0.890625 0.1875 0.890625
8 0.275 0.0796875 0.3578125 0.0796875 0.3578125 0.18125 0.275 0.18125
4 0.2546875 0.171875 0.3453125 0.171875 0.3453125 0.278125 0.2546875 0.278125
1 0.2671875 0.303125 0.359375 0.303125 0.359375 0.39375 0.2671875 0.39375
10 0.2796875 0.41875 0.36875 0.41875 0.36875 0.49375 0.2796875 0.49375
8 0.29375 0.5 0.3703125 0.5 0.3703125 0.571875 0.29375 0.571875
6 0.3 0.6078125 0.36875 0.6078125 0.36875 0.6796875 0.3 0.6796875
9 0.315625 0.7109375 0.3765625 0.7109375 0.3765625 0.7765625 0.315625 0.7765625
3 0.315625 0.8203125 0.375 0.8203125 0.375 0.8984375 0.315625 0.8984375
0 0.3890625 0.090625 0.4484375 0.090625 0.4484375 0.1828125 0.3890625 0.1828125
9 0.4109375 0.2125 0.465625 0.2125 0.465625 0.271875 0.4109375 0.271875
7 0.3828125 0.28125 0.4609375 0.28125 0.4609375 0.3734375 0.3828125 0.3734375
4 0.371875 0.41875 0.45 0.41875 0.45 0.49375 0.371875 0.49375
7 0.378125 0.5109375 0.4546875 0.5109375 0.4546875 0.59375 0.378125 0.59375
6 0.4015625 0.596875 0.4609375 0.596875 0.4609375 0.66875 0.4015625 0.66875
3 0.39375 0.7140625 0.4484375 0.7140625 0.4484375 0.78125 0.39375 0.78125
9 0.3890625 0.8 0.446875 0.8 0.446875 0.8796875 0.3890625 0.8796875
6 0.49375 0.078125 0.55625 0.078125 0.55625 0.1734375 0.49375 0.1734375
0 0.4890625 0.2 0.553125 0.2 0.553125 0.271875 0.4890625 0.271875
11 0.4890625 0.2875 0.553125 0.2875 0.553125 0.3640625 0.4890625 0.3640625
3 0.5203125 0.4015625 0.575 0.4015625 0.575 0.4578125 0.5203125 0.4578125
1 0.478125 0.5171875 0.5546875 0.5171875 0.5546875 0.596875 0.478125 0.596875
0 0.5015625 0.625 0.5625 0.625 0.5625 0.6984375 0.5015625 0.6984375
6 0.490625 0.703125 0.5546875 0.703125 0.5546875 0.7875 0.490625 0.7875
2 0.490625 0.8046875 0.5625 0.8046875 0.5625 0.9015625 0.490625 0.9015625
9 0.59375 0.121875 0.646875 0.121875 0.646875 0.2 0.59375 0.2
2 0.5984375 0.190625 0.6890625 0.190625 0.6890625 0.26875 0.5984375 0.26875
8 0.5875 0.2953125 0.671875 0.2953125 0.671875 0.3734375 0.5875 0.3734375
5 0.5984375 0.4234375 0.6703125 0.4234375 0.6703125 0.4859375 0.5984375 0.4859375
5 0.5875 0.5296875 0.659375 0.5296875 0.659375 0.5953125 0.5875 0.5953125
10 0.575 0.6046875 0.6640625 0.6046875 0.6640625 0.7015625 0.575 0.7015625
1 0.5875 0.709375 0.675 0.709375 0.675 0.8171875 0.5875 0.8171875
2 0.5984375 0.8125 0.6703125 0.8125 0.6703125 0.9203125 0.5984375 0.9203125
0 0.70625 0.078125 0.7890625 0.078125 0.7890625 0.175 0.70625 0.175
3 0.69375 0.19375 0.759375 0.19375 0.759375 0.259375 0.69375 0.259375
3 0.7015625 0.309375 0.7671875 0.309375 0.7671875 0.36875 0.7015625 0.36875
7 0.6765625 0.3875 0.778125 0.3875 0.778125 0.46875 0.6765625 0.46875
3 0.6984375 0.4984375 0.7625 0.4984375 0.7625 0.553125 0.6984375 0.553125
4 0.70625 0.6015625 0.815625 0.6015625 0.815625 0.690625 0.70625 0.690625
3 0.69375 0.7046875 0.7671875 0.7046875 0.7671875 0.7703125 0.69375 0.7703125
5 0.7015625 0.8171875 0.784375 0.8171875 0.784375 0.9125 0.7015625 0.9125
9 0.8015625 0.090625 0.878125 0.090625 0.878125 0.1703125 0.8015625 0.1703125
8 0.7984375 0.2 0.9046875 0.2 0.9046875 0.275 0.7984375 0.275
9 0.8015625 0.2890625 0.878125 0.2890625 0.878125 0.3453125 0.8015625 0.3453125
3 0.7875 0.4140625 0.8578125 0.4140625 0.8578125 0.46875 0.7875 0.46875
8 0.8078125 0.5046875 0.90625 0.5046875 0.90625 0.578125 0.8078125 0.578125
6 0.815625 0.6078125 0.909375 0.6078125 0.909375 0.6796875 0.815625 0.6796875
9 0.8203125 0.7203125 0.89375 0.7203125 0.89375 0.78125 0.8203125 0.78125
9 0.815625 0.8296875 0.8875 0.8296875 0.8875 0.8953125 0.815625 0.8953125