11 0.7953125 0.625 0.8984375 0.625 0.8984375 0.69375 0.7953125 0.69375
11 0.8078125 0.71875 0.9046875 0.71875 0.9046875 0.796875 0.8078125 0.796875
11 0.821875 0.81875 0.925 0.81875 0.925 0.909375 0.821875 0.909375
11 0.3234375 0.146875 0.4015625 0.146875 0.4015625 0.2328125 0.3234375 0.2328125
10 0.6953125 0.3265625 0.8046875 0.3265625 0.8046875 0.4203125 0.6953125 0.4203125
10 0.3109375 0.640625 0.4046875 0.640625 0.4046875 0.71875 0.3109375 0.71875
10 0.0890625 0.4296875 0.2078125 0.4296875 0.2078125 0.5171875 0.0890625 0.5171875
9 0.6140625 0.428125 0.6734375 0.428125 0.6734375 0.4921875 0.6140625 0.4921875
8 0.40625 0.15 0.48125 0.15 0.48125 0.2515625 0.40625 0.2515625
8 0.6109375 0.6359375 0.6890625 0.6359375 0.6890625 0.715625 0.6109375 0.715625
8 0.609375 0.7203125 0.684375 0.7203125 0.684375 0.8140625 0.609375 0.8140625
8 0.696875 0.528125 0.7734375 0.528125 0.7734375 0.6 0.696875 0.6
8 0.1171875 0.7375 0.2171875 0.7375 0.2171875 0.8171875 0.1171875 0.8171875
8 0.5125 0.725 0.5890625 0.725 0.5890625 0.796875 0.5125 0.796875
7 0.709375 0.7171875 0.8171875 0.7171875 0.8171875 0.825 0.709375 0.825
7 0.2984375 0.453125 0.3890625 0.453125 0.3890625 0.528125 0.2984375 0.528125
7 0.08125 0.54375 0.20625 0.54375 0.20625 0.6234375 0.08125 0.6234375
6 0.6 0.23125 0.675 0.23125 0.675 0.3171875 0.6 0.3171875
6 0.5921875 0.34375 0.6671875 0.34375 0.6671875 0.4078125 0.5921875 0.4078125
6 0.8078125 0.34375 0.9015625 0.34375 0.9015625 0.415625 0.8078125 0.415625
6 0.5109375 0.8171875 0.5828125 0.8171875 0.5828125 0.90625 0.5109375 0.90625
6 0.225 0.6515625 0.29375 0.6515625 0.29375 0.7171875 0.225 0.7171875
6 0.2109375 0.4484375 0.2875 0.4484375 0.2875 0.5140625 0.2109375 0.5140625
5 0.525 0.4375 0.59375 0.4375 0.59375 0.503125 0.525 0.503125
5 0.6109375 0.534375 0.68125 0.534375 0.68125 0.5984375 0.6109375 0.5984375
5 0.4203125 0.546875 0.4859375 0.546875 0.4859375 0.6109375 0.4203125 0.6109375
5 0.709375 0.628125 0.7921875 0.628125 0.7921875 0.6921875 0.709375 0.6921875
5 0.7890625 0.53125 0.896875 0.53125 0.896875 0.596875 0.7890625 0.596875
5 0.7140625 0.8296875 0.8125 0.8296875 0.8125 0.921875 0.7140625 0.921875
4 0.1984375 0.10625 0.2984375 0.10625 0.2984375 0.23125 0.1984375 0.23125
4 0.203125 0.3171875 0.3125 0.3171875 0.3125 0.4171875 0.203125 0.4171875
4 0.06875 0.6390625 0.19375 0.6390625 0.19375 0.7328125 0.06875 0.7328125
3 0.7984375 0.146875 0.8796875 0.146875 0.8796875 0.23125 0.7984375 0.23125
3 0.334375 0.728125 0.3984375 0.728125 0.3984375 0.8 0.334375 0.8
2 0.6890625 0.4390625 0.784375 0.4390625 0.784375 0.5140625 0.6890625 0.5140625
2 0.51875 0.359375 0.5828125 0.359375 0.5828125 0.428125 0.51875 0.428125
2 0.209375 0.734375 0.2921875 0.734375 0.2921875 0.821875 0.209375 0.821875
2 0.525 0.6375 0.596875 0.6375 0.596875 0.703125 0.525 0.703125
1 0.41875 0.3390625 0.49375 0.3390625 0.49375 0.425 0.41875 0.425
1 0.31875 0.54375 0.409375 0.54375 0.409375 0.625 0.31875 0.625
1 0.3140625 0.821875 0.409375 0.821875 0.409375 0.9515625 0.3140625 0.9515625
0 0.6171875 0.8171875 0.6859375 0.8171875 0.6859375 0.90625 0.6171875 0.90625
0 0.7140625 0.1453125 0.79375 0.1453125 0.79375 0.2328125 0.7140625 0.2328125
0 0.590625 0.140625 0.671875 0.140625 0.671875 0.2265625 0.590625 0.2265625
0 0.309375 0.25625 0.3890625 0.25625 0.3890625 0.3265625 0.309375 0.3265625
0 0.5125 0.5625 0.571875 0.5625 0.571875 0.625 0.5125 0.625