0 0.29375 0.24375 0.3640625 0.24375 0.3640625 0.3171875 0.29375 0.3171875
0 0.496875 0.5359375 0.5546875 0.5359375 0.5546875 0.603125 0.496875 0.603125
0 0.60625 0.7890625 0.675 0.7890625 0.675 0.86875 0.60625 0.86875
0 0.571875 0.128125 0.6359375 0.128125 0.6359375 0.2171875 0.571875 0.2171875
0 0.690625 0.125 0.759375 0.125 0.759375 0.2140625 0.690625 0.2140625
1 0.315625 0.5265625 0.3953125 0.5265625 0.3953125 0.60625 0.315625 0.60625
1 0.309375 0.803125 0.3953125 0.803125 0.3953125 0.9171875 0.309375 0.9171875
1 0.4015625 0.3234375 0.471875 0.3234375 0.471875 0.409375 0.4015625 0.409375
2 0.4953125 0.340625 0.5609375 0.340625 0.5609375 0.4109375 0.4953125 0.4109375
2 0.5125 0.6109375 0.584375 0.6109375 0.584375 0.68125 0.5125 0.68125
2 0.2015625 0.7125 0.2859375 0.7125 0.2859375 0.7984375 0.2015625 0.7984375
2 0.675 0.4171875 0.759375 0.4171875 0.759375 0.484375 0.675 0.484375
8 0.1140625 0.721875 0.2078125 0.721875 0.2078125 0.809375 0.1140625 0.809375
8 0.384375 0.1453125 0.45625 0.1453125 0.45625 0.234375 0.384375 0.234375
8 0.603125 0.6125 0.671875 0.6125 0.671875 0.68125 0.603125 0.68125
8 0.5984375 0.69375 0.6703125 0.69375 0.6703125 0.7796875 0.5984375 0.7796875
8 0.50625 0.7 0.58125 0.7 0.58125 0.771875 0.50625 0.771875
8 0.678125 0.50625 0.75 0.50625 0.75 0.56875 0.678125 0.56875
11 0.784375 0.5875 0.88125 0.5875 0.88125 0.6578125 0.784375 0.6578125
11 0.790625 0.6828125 0.88125 0.6828125 0.88125 0.759375 0.790625 0.759375
11 0.809375 0.78125 0.9078125 0.78125 0.9078125 0.8734375 0.809375 0.8734375
11 0.3 0.140625 0.375 0.140625 0.375 0.23125 0.3 0.23125
5 0.709375 0.7921875 0.79375 0.7921875 0.79375 0.8796875 0.709375 0.8796875
5 0.771875 0.503125 0.8625 0.503125 0.8625 0.56875 0.771875 0.56875
5 0.5125 0.415625 0.5765625 0.415625 0.5765625 0.4828125 0.5125 0.4828125
5 0.59375 0.5109375 0.66875 0.5109375 0.66875 0.5765625 0.59375 0.5765625
5 0.4078125 0.525 0.475 0.525 0.475 0.59375 0.4078125 0.59375
6 0.5109375 0.7890625 0.5765625 0.7890625 0.5765625 0.875 0.5109375 0.875
6 0.2015625 0.4375 0.278125 0.4375 0.278125 0.4984375 0.2015625 0.4984375
6 0.2125 0.6359375 0.290625 0.6359375 0.290625 0.703125 0.2125 0.703125
7 0.06875 0.5234375 0.19375 0.5234375 0.19375 0.6125 0.06875 0.6125
7 0.284375 0.434375 0.371875 0.434375 0.371875 0.515625 0.284375 0.515625
7 0.6984375 0.684375 0.8046875 0.684375 0.8046875 0.7875 0.6984375 0.7875
10 0.071875 0.4265625 0.196875 0.4265625 0.196875 0.5015625 0.071875 0.5015625
10 0.6734375 0.3046875 0.7765625 0.3046875 0.7765625 0.39375 0.6734375 0.39375
10 0.3015625 0.609375 0.396875 0.609375 0.396875 0.70625 0.3015625 0.70625
6 0.784375 0.31875 0.871875 0.31875 0.871875 0.390625 0.784375 0.390625
6 0.5734375 0.321875 0.6453125 0.321875 0.6453125 0.39375 0.5734375 0.39375
6 0.578125 0.21875 0.6484375 0.21875 0.6484375 0.2984375 0.578125 0.2984375
5 0.6953125 0.59375 0.7671875 0.59375 0.7671875 0.6640625 0.6953125 0.6640625
3 0.328125 0.709375 0.3921875 0.709375 0.3921875 0.775 0.328125 0.775
3 0.7703125 0.1296875 0.8421875 0.1296875 0.8421875 0.2015625 0.7703125 0.2015625
4 0.0625 0.6234375 0.1859375 0.6234375 0.1859375 0.7203125 0.0625 0.7203125
4 0.1859375 0.3125 0.2921875 0.3125 0.2921875 0.40625 0.1859375 0.40625
4 0.1703125 0.109375 0.2765625 0.109375 0.2765625 0.2328125 0.1703125 0.2328125
9 0.59375 0.4109375 0.6546875 0.4109375 0.6546875 0.46875 0.59375 0.46875