3 0.7078125 0.2296875 0.7875 0.2296875 0.7875 0.284375 0.7078125 0.284375
3 0.7125 0.3875 0.7953125 0.3875 0.7953125 0.4375 0.7125 0.4375
3 0.7046875 0.546875 0.7796875 0.546875 0.7796875 0.6 0.7046875 0.6
3 0.71875 0.6859375 0.790625 0.6859375 0.790625 0.74375 0.71875 0.74375
3 0.8078125 0.690625 0.8953125 0.690625 0.8953125 0.75625 0.8078125 0.75625
3 0.815625 0.1375 0.8984375 0.1375 0.8984375 0.21875 0.815625 0.21875
3 0.5015625 0.153125 0.578125 0.153125 0.578125 0.221875 0.5015625 0.221875
3 0.409375 0.4 0.478125 0.4 0.478125 0.446875 0.409375 0.446875
3 0.5203125 0.6890625 0.5921875 0.6890625 0.5921875 0.7515625 0.5203125 0.7515625
3 0.10625 0.6875 0.2 0.6875 0.2 0.7453125 0.10625 0.7453125
3 0.221875 0.6125 0.3046875 0.6125 0.3046875 0.665625 0.221875 0.665625
3 0.2140625 0.48125 0.29375 0.48125 0.29375 0.5265625 0.2140625 0.5265625
3 0.2078125 0.3171875 0.2875 0.3171875 0.2875 0.378125 0.2078125 0.378125
3 0.0921875 0.1640625 0.18125 0.1640625 0.18125 0.2296875 0.0921875 0.2296875
3 0.196875 0.1703125 0.284375 0.1703125 0.284375 0.23125 0.196875 0.23125
5 0.178125 0.228125 0.284375 0.228125 0.284375 0.3 0.178125 0.3
5 0.7046875 0.6125 0.7921875 0.6125 0.7921875 0.678125 0.7046875 0.678125
4 0.49375 0.5359375 0.590625 0.5359375 0.590625 0.6078125 0.49375 0.6078125
2 0.7046875 0.15 0.8015625 0.15 0.8015625 0.225 0.7046875 0.225
2 0.715625 0.3078125 0.803125 0.3078125 0.803125 0.375 0.715625 0.375
2 0.7 0.465625 0.79375 0.465625 0.79375 0.53125 0.7 0.53125
2 0.2109375 0.6875 0.3046875 0.6875 0.3046875 0.7671875 0.2109375 0.7671875
8 0.1953125 0.396875 0.2921875 0.396875 0.2921875 0.46875 0.1953125 0.46875
8 0.190625 0.5453125 0.2875 0.5453125 0.2875 0.6109375 0.190625 0.6109375