3 0.515625 0.246875 0.59375 0.246875 0.59375 0.3109375 0.515625 0.3109375
3 0.403125 0.159375 0.475 0.159375 0.475 0.23125 0.403125 0.23125
3 0.0671875 0.4921875 0.15 0.4921875 0.15 0.5453125 0.0671875 0.5453125
3 0.6296875 0.5703125 0.7015625 0.5703125 0.7015625 0.6234375 0.6296875 0.6234375
3 0.61875 0.4125 0.6953125 0.4125 0.6953125 0.46875 0.61875 0.46875
3 0.73125 0.753125 0.8046875 0.753125 0.8046875 0.815625 0.73125 0.815625
3 0.178125 0.2421875 0.265625 0.2421875 0.265625 0.303125 0.178125 0.303125
1 0.26875 0.3078125 0.384375 0.3078125 0.384375 0.3921875 0.26875 0.3921875
1 0.7171875 0.4890625 0.8453125 0.4890625 0.8453125 0.5640625 0.7171875 0.5640625
1 0.615625 0.7390625 0.7078125 0.7390625 0.7078125 0.8421875 0.615625 0.8421875
1 0.3921875 0.4875 0.48125 0.4875 0.48125 0.55 0.3921875 0.55
2 0.8390625 0.5734375 0.959375 0.5734375 0.959375 0.640625 0.8390625 0.640625
2 0.73125 0.23125 0.8421875 0.23125 0.8421875 0.3140625 0.73125 0.3140625
2 0.159375 0.6515625 0.259375 0.6515625 0.259375 0.7296875 0.159375 0.7296875
2 0.1546875 0.15 0.2703125 0.15 0.2703125 0.234375 0.1546875 0.234375
6 0.16875 0.415625 0.26875 0.415625 0.26875 0.471875 0.16875 0.471875
6 0.5390625 0.3171875 0.6140625 0.3171875 0.6140625 0.3859375 0.5390625 0.3859375
6 0.3875 0.7375 0.46875 0.7375 0.46875 0.8125 0.3875 0.8125
6 0.0234375 0.578125 0.1390625 0.578125 0.1390625 0.634375 0.0234375 0.634375
9 0.5203125 0.5015625 0.59375 0.5015625 0.59375 0.5515625 0.5203125 0.5515625
9 0.409375 0.4140625 0.4796875 0.4140625 0.4796875 0.4671875 0.409375 0.4671875
9 0.4078125 0.571875 0.478125 0.571875 0.478125 0.625 0.4078125 0.625
9 0.184375 0.328125 0.265625 0.328125 0.265625 0.3828125 0.184375 0.3828125
11 0.5109375 0.7375 0.5828125 0.7375 0.5828125 0.821875 0.5109375 0.821875
11 0.8453125 0.671875 0.95625 0.671875 0.95625 0.7421875 0.8453125 0.7421875
11 0.846875 0.1375 0.9609375 0.1375 0.9609375 0.225 0.846875 0.225
0 0.29375 0.571875 0.38125 0.571875 0.38125 0.6296875 0.29375 0.6296875
0 0.515625 0.6671875 0.59375 0.6671875 0.59375 0.734375 0.515625 0.734375
5 0.8484375 0.321875 0.9546875 0.321875 0.9546875 0.390625 0.8484375 0.390625
5 0.4125 0.3125 0.490625 0.3125 0.490625 0.3828125 0.4125 0.3828125
8 0.175 0.5640625 0.2703125 0.5640625 0.2703125 0.6390625 0.175 0.6390625
8 0.7296875 0.6484375 0.8203125 0.6484375 0.8203125 0.7328125 0.7296875 0.7328125
4 0.015625 0.4 0.1625 0.4 0.1625 0.471875 0.015625 0.471875
10 0.121875 0.7328125 0.259375 0.7328125 0.259375 0.8390625 0.121875 0.8390625