11 0.5765625 0.1546875 0.6296875 0.1546875 0.6296875 0.2390625 0.5765625 0.2390625
11 0.4890625 0.7265625 0.5515625 0.7265625 0.5515625 0.8171875 0.4890625 0.8171875
11 0.43125 0.71875 0.48125 0.71875 0.48125 0.809375 0.43125 0.809375
11 0.41875 0.815625 0.484375 0.815625 0.484375 0.896875 0.41875 0.896875
9 0.696875 0.2734375 0.7625 0.2734375 0.7625 0.3296875 0.696875 0.3296875
9 0.6328125 0.2703125 0.6921875 0.2703125 0.6921875 0.3515625 0.6328125 0.3515625
9 0.690625 0.4390625 0.765625 0.4390625 0.765625 0.5234375 0.690625 0.5234375
9 0.634375 0.4390625 0.6890625 0.4390625 0.6890625 0.5375 0.634375 0.5375
9 0.35 0.36875 0.4109375 0.36875 0.4109375 0.4390625 0.35 0.4390625
9 0.2671875 0.36875 0.34375 0.36875 0.34375 0.4546875 0.2671875 0.4546875
9 0.26875 0.5578125 0.3421875 0.5578125 0.3421875 0.6265625 0.26875 0.6265625
9 0.628125 0.6421875 0.6828125 0.6421875 0.6828125 0.70625 0.628125 0.70625
9 0.6984375 0.6265625 0.7640625 0.6265625 0.7640625 0.715625 0.6984375 0.715625
9 0.5734375 0.6453125 0.6265625 0.6453125 0.6265625 0.715625 0.5734375 0.715625
9 0.3484375 0.4578125 0.421875 0.4578125 0.421875 0.540625 0.3484375 0.540625
8 0.4859375 0.1421875 0.5515625 0.1421875 0.5515625 0.240625 0.4859375 0.240625
8 0.428125 0.340625 0.503125 0.340625 0.503125 0.446875 0.428125 0.446875
8 0.4265625 0.45 0.4859375 0.45 0.4859375 0.5375 0.4265625 0.5375
8 0.3546875 0.546875 0.4171875 0.546875 0.4171875 0.63125 0.3546875 0.63125
7 0.703125 0.146875 0.8125 0.146875 0.8125 0.2515625 0.703125 0.2515625
6 0.6375 0.1515625 0.709375 0.1515625 0.709375 0.2515625 0.6375 0.2515625
6 0.5640625 0.45625 0.6234375 0.45625 0.6234375 0.534375 0.5640625 0.534375
6 0.5640625 0.54375 0.6234375 0.54375 0.6234375 0.6375 0.5640625 0.6375
6 0.4203125 0.5484375 0.4859375 0.5484375 0.4859375 0.634375 0.4203125 0.634375
6 0.3609375 0.803125 0.4140625 0.803125 0.4140625 0.9109375 0.3609375 0.9109375
5 0.25 0.15 0.3203125 0.15 0.3203125 0.24375 0.25 0.24375
5 0.265625 0.6359375 0.3421875 0.6359375 0.3421875 0.7203125 0.265625 0.7203125
3 0.171875 0.15625 0.25 0.15625 0.25 0.2515625 0.171875 0.2515625
3 0.49375 0.5515625 0.546875 0.5515625 0.546875 0.6265625 0.49375 0.6265625
3 0.4125 0.634375 0.48125 0.634375 0.48125 0.709375 0.4125 0.709375
3 0.359375 0.728125 0.4125 0.728125 0.4125 0.803125 0.359375 0.803125
3 0.6328125 0.715625 0.6859375 0.715625 0.6859375 0.790625 0.6328125 0.790625
3 0.6921875 0.715625 0.7703125 0.715625 0.7703125 0.7953125 0.6921875 0.7953125
3 0.4953125 0.246875 0.5640625 0.246875 0.5640625 0.3453125 0.4953125 0.3453125
2 0.63125 0.546875 0.696875 0.546875 0.696875 0.634375 0.63125 0.634375
2 0.70625 0.553125 0.771875 0.553125 0.771875 0.628125 0.70625 0.628125
0 0.5625 0.71875 0.621875 0.71875 0.621875 0.825 0.5625 0.825
0 0.409375 0.1703125 0.475 0.1703125 0.475 0.2375 0.409375 0.2375
0 0.3453125 0.134375 0.409375 0.134375 0.409375 0.25 0.3453125 0.25
0 0.265625 0.46875 0.3390625 0.46875 0.3390625 0.5375 0.265625 0.5375
0 0.49375 0.45 0.5640625 0.45 0.5640625 0.54375 0.49375 0.54375
0 0.490625 0.6421875 0.55625 0.6421875 0.55625 0.721875 0.490625 0.721875
0 0.278125 0.7328125 0.359375 0.7328125 0.359375 0.8265625 0.278125 0.8265625
0 0.353125 0.6375 0.409375 0.6375 0.409375 0.7125 0.353125 0.7125