0 0.1171875 0.6375 0.2109375 0.6375 0.2109375 0.70625 0.1171875 0.70625
0 0.515625 0.49375 0.6109375 0.49375 0.6109375 0.5625 0.515625 0.5625
1 0.4171875 0.421875 0.5109375 0.421875 0.5109375 0.4890625 0.4171875 0.4890625
1 0.6171875 0.5671875 0.7125 0.5671875 0.7125 0.6390625 0.6171875 0.6390625
1 0.415625 0.5671875 0.50625 0.5671875 0.50625 0.6453125 0.415625 0.6453125
1 0.4171875 0.3453125 0.5125 0.3453125 0.5125 0.4171875 0.4171875 0.4171875
2 0.5203125 0.1890625 0.6171875 0.1890625 0.6171875 0.2625 0.5203125 0.2625
2 0.3171875 0.2640625 0.4125 0.2640625 0.4125 0.3375 0.3171875 0.3375
2 0.31875 0.4921875 0.409375 0.4921875 0.409375 0.5609375 0.31875 0.5609375
2 0.6265625 0.1828125 0.7171875 0.1828125 0.7171875 0.2640625 0.6265625 0.2640625
3 0.6171875 0.34375 0.715625 0.34375 0.715625 0.41875 0.6171875 0.41875
3 0.7140625 0.4953125 0.809375 0.4953125 0.809375 0.5625 0.7140625 0.5625
3 0.7265625 0.571875 0.8125 0.571875 0.8125 0.6421875 0.7265625 0.6421875
3 0.8125 0.64375 0.90625 0.64375 0.90625 0.7125 0.8125 0.7125
3 0.109375 0.2640625 0.2140625 0.2640625 0.2140625 0.3375 0.109375 0.3375
3 0.5140625 0.56875 0.6078125 0.56875 0.6078125 0.6375 0.5140625 0.6375
3 0.31875 0.41875 0.409375 0.41875 0.409375 0.484375 0.31875 0.484375
4 0.4203125 0.4953125 0.50625 0.4953125 0.50625 0.5609375 0.4203125 0.5609375
5 0.3171875 0.56875 0.4078125 0.56875 0.4078125 0.634375 0.3171875 0.634375
5 0.3171875 0.3453125 0.40625 0.3453125 0.40625 0.4109375 0.3171875 0.4109375
6 0.109375 0.4171875 0.2078125 0.4171875 0.2078125 0.4859375 0.109375 0.4859375
6 0.2171875 0.4171875 0.3078125 0.4171875 0.3078125 0.4890625 0.2171875 0.4890625
6 0.415625 0.6515625 0.5109375 0.6515625 0.5109375 0.7140625 0.415625 0.7140625
6 0.4203125 0.26875 0.5109375 0.26875 0.5109375 0.3359375 0.4203125 0.3359375
8 0.215625 0.340625 0.3125 0.340625 0.3125 0.4109375 0.215625 0.4109375
8 0.6125 0.7140625 0.70625 0.7140625 0.70625 0.790625 0.6125 0.790625
9 0.2171875 0.1828125 0.3125 0.1828125 0.3125 0.259375 0.2171875 0.259375
9 0.5171875 0.421875 0.6109375 0.421875 0.6109375 0.4890625 0.5171875 0.4890625
9 0.61875 0.4265625 0.709375 0.4265625 0.709375 0.4921875 0.61875 0.4921875
9 0.8203125 0.4203125 0.9125 0.4203125 0.9125 0.4921875 0.8203125 0.4921875
10 0.10625 0.49375 0.215625 0.49375 0.215625 0.5625 0.10625 0.5625
11 0.71875 0.4203125 0.809375 0.4203125 0.809375 0.490625 0.71875 0.490625
11 0.6203125 0.2703125 0.7140625 0.2703125 0.7140625 0.3375 0.6203125 0.3375
11 0.8203125 0.571875 0.921875 0.571875 0.921875 0.6375 0.8203125 0.6375