8 0.303125 0.403125 0.3515625 0.403125 0.3515625 0.5859375 0.303125 0.5859375
2 0.6296875 0.421875 0.675 0.421875 0.675 0.5984375 0.6296875 0.5984375
0 0.4296875 0.4875 0.4703125 0.4875 0.4703125 0.690625 0.4296875 0.690625
6 0.5046875 0.4921875 0.5484375 0.4921875 0.5484375 0.6953125 0.5046875 0.6953125
11 0.290625 0.515625 0.3359375 0.515625 0.3359375 0.6921875 0.290625 0.6921875
5 0.6390625 0.5125 0.6875 0.5125 0.6875 0.6953125 0.6390625 0.6953125
1 0.34375 0.0984375 0.3890625 0.0984375 0.3890625 0.3125 0.34375 0.3125
7 0.590625 0.109375 0.63125 0.109375 0.63125 0.3234375 0.590625 0.3234375
9 0.4484375 0.203125 0.475 0.203125 0.475 0.3125 0.4484375 0.3125
3 0.5 0.20625 0.5234375 0.20625 0.5234375 0.3203125 0.5 0.3203125
4 0.4984375 0.284375 0.540625 0.284375 0.540625 0.5078125 0.4984375 0.5078125
10 0.4375 0.29375 0.4828125 0.29375 0.4828125 0.5078125 0.4375 0.5078125