9 0.075 0.80625 0.15625 0.80625 0.15625 0.9 0.075 0.9
9 0.078125 0.7 0.1671875 0.7 0.1671875 0.78125 0.078125 0.78125
9 0.0890625 0.6 0.175 0.6 0.175 0.6734375 0.0890625 0.6734375
9 0.0859375 0.4875 0.1703125 0.4875 0.1703125 0.5703125 0.0859375 0.5703125
9 0.10625 0.3859375 0.190625 0.3859375 0.190625 0.4609375 0.10625 0.4609375
9 0.1 0.2890625 0.1859375 0.2890625 0.1859375 0.3734375 0.1 0.3734375
9 0.10625 0.1890625 0.190625 0.1890625 0.190625 0.2703125 0.10625 0.2703125
9 0.0921875 0.0765625 0.175 0.0765625 0.175 0.1734375 0.0921875 0.1734375
9 0.2 0.7890625 0.2765625 0.7890625 0.2765625 0.8796875 0.2 0.8796875
9 0.20625 0.6953125 0.2796875 0.6953125 0.2796875 0.7765625 0.20625 0.7765625
9 0.190625 0.5796875 0.2734375 0.5796875 0.2734375 0.6671875 0.190625 0.6671875
9 0.2015625 0.471875 0.284375 0.471875 0.284375 0.5546875 0.2015625 0.5546875
9 0.196875 0.3859375 0.2765625 0.3859375 0.2765625 0.4609375 0.196875 0.4609375
9 0.196875 0.278125 0.290625 0.278125 0.290625 0.359375 0.196875 0.359375
9 0.2171875 0.18125 0.290625 0.18125 0.290625 0.2640625 0.2171875 0.2640625
9 0.2125 0.0765625 0.2953125 0.0765625 0.2953125 0.165625 0.2125 0.165625
9 0.3 0.79375 0.375 0.79375 0.375 0.8828125 0.3 0.8828125
9 0.3015625 0.6890625 0.3765625 0.6890625 0.3765625 0.7765625 0.3015625 0.7765625
9 0.3140625 0.590625 0.390625 0.590625 0.390625 0.6671875 0.3140625 0.6671875
9 0.3078125 0.48125 0.384375 0.48125 0.384375 0.56875 0.3078125 0.56875
9 0.3109375 0.3953125 0.38125 0.3953125 0.38125 0.465625 0.3109375 0.465625
9 0.3078125 0.2734375 0.384375 0.2734375 0.384375 0.365625 0.3078125 0.365625
9 0.6125 0.80625 0.6875 0.80625 0.6875 0.890625 0.6125 0.890625
9 0.6109375 0.6953125 0.684375 0.6953125 0.684375 0.7703125 0.6109375 0.7703125
9 0.6171875 0.5859375 0.6875 0.5859375 0.6875 0.6578125 0.6171875 0.6578125
9 0.609375 0.4875 0.68125 0.4875 0.68125 0.5578125 0.609375 0.5578125
9 0.6125 0.375 0.684375 0.375 0.684375 0.45 0.6125 0.45
9 0.6078125 0.275 0.68125 0.275 0.68125 0.359375 0.6078125 0.359375
9 0.7265625 0.7890625 0.8015625 0.7890625 0.8015625 0.8734375 0.7265625 0.8734375
9 0.725 0.6921875 0.7984375 0.6921875 0.7984375 0.76875 0.725 0.76875
9 0.7140625 0.596875 0.790625 0.596875 0.790625 0.671875 0.7140625 0.671875
9 0.709375 0.4828125 0.7828125 0.4828125 0.7828125 0.55625 0.709375 0.55625
9 0.7125 0.3953125 0.7828125 0.3953125 0.7828125 0.4703125 0.7125 0.4703125
9 0.7125 0.278125 0.7875 0.278125 0.7875 0.3625 0.7125 0.3625
9 0.7140625 0.1765625 0.7859375 0.1765625 0.7859375 0.265625 0.7140625 0.265625
9 0.721875 0.0796875 0.7859375 0.0796875 0.7859375 0.165625 0.721875 0.165625
9 0.8421875 0.8 0.934375 0.8 0.934375 0.884375 0.8421875 0.884375
9 0.8234375 0.7078125 0.9171875 0.7078125 0.9171875 0.778125 0.8234375 0.778125
9 0.825 0.590625 0.9109375 0.590625 0.9109375 0.671875 0.825 0.671875
9 0.821875 0.484375 0.9015625 0.484375 0.9015625 0.5640625 0.821875 0.5640625
9 0.8125 0.3625 0.89375 0.3625 0.89375 0.45 0.8125 0.45
9 0.809375 0.26875 0.896875 0.26875 0.896875 0.3515625 0.809375 0.3515625
9 0.821875 0.1703125 0.90625 0.1703125 0.90625 0.2546875 0.821875 0.2546875
9 0.8015625 0.0609375 0.8859375 0.0609375 0.8859375 0.1578125 0.8015625 0.1578125