5 0.0984375 0.69375 0.190625 0.69375 0.190625 0.796875 0.0984375 0.796875
5 0.0984375 0.2796875 0.1828125 0.2796875 0.1828125 0.3765625 0.0984375 0.3765625
5 0.09375 0.165625 0.1921875 0.165625 0.1921875 0.2671875 0.09375 0.2671875
5 0.190625 0.80625 0.2703125 0.80625 0.2703125 0.925 0.190625 0.925
5 0.2765625 0.80625 0.34375 0.80625 0.34375 0.925 0.2765625 0.925
5 0.3640625 0.790625 0.4296875 0.790625 0.4296875 0.915625 0.3640625 0.915625
5 0.58125 0.7875 0.646875 0.7875 0.646875 0.909375 0.58125 0.909375
5 0.575 0.6953125 0.64375 0.6953125 0.64375 0.7828125 0.575 0.7828125
5 0.6578125 0.784375 0.734375 0.784375 0.734375 0.89375 0.6578125 0.89375
5 0.6578125 0.3125 0.7453125 0.3125 0.7453125 0.4015625 0.6578125 0.4015625
5 0.5078125 0.0765625 0.578125 0.0765625 0.578125 0.190625 0.5078125 0.190625
11 0.1015625 0.8125 0.1859375 0.8125 0.1859375 0.934375 0.1015625 0.934375
11 0.2859375 0.178125 0.3484375 0.178125 0.3484375 0.2765625 0.2859375 0.2765625
11 0.2890625 0.059375 0.3546875 0.059375 0.3546875 0.1671875 0.2890625 0.1671875
11 0.365625 0.071875 0.428125 0.071875 0.428125 0.18125 0.365625 0.18125
11 0.434375 0.190625 0.503125 0.190625 0.503125 0.28125 0.434375 0.28125
11 0.5078125 0.803125 0.5734375 0.803125 0.5734375 0.9125 0.5078125 0.9125
11 0.6484375 0.6 0.7234375 0.6 0.7234375 0.678125 0.6484375 0.678125
11 0.6484375 0.503125 0.73125 0.503125 0.73125 0.58125 0.6484375 0.58125
11 0.5765625 0.196875 0.6484375 0.196875 0.6484375 0.290625 0.5765625 0.290625
11 0.5796875 0.078125 0.6546875 0.078125 0.6546875 0.190625 0.5796875 0.190625
11 0.6484375 0.10625 0.7234375 0.10625 0.7234375 0.221875 0.6484375 0.221875