11 0.2359375 0.690625 0.31875 0.690625 0.31875 0.778125 0.2359375 0.778125
11 0.121875 0.409375 0.221875 0.409375 0.221875 0.4921875 0.121875 0.4921875
11 0.5109375 0.2125 0.5765625 0.2125 0.5765625 0.309375 0.5109375 0.309375
11 0.590625 0.203125 0.66875 0.203125 0.66875 0.296875 0.590625 0.296875
10 0.3265625 0.784375 0.415625 0.784375 0.415625 0.9078125 0.3265625 0.9078125
10 0.6890625 0.30625 0.7953125 0.30625 0.7953125 0.390625 0.6890625 0.390625
10 0.11875 0.784375 0.234375 0.784375 0.234375 0.8953125 0.11875 0.8953125
9 0.71875 0.590625 0.790625 0.590625 0.790625 0.659375 0.71875 0.659375
8 0.5234375 0.6734375 0.59375 0.6734375 0.59375 0.771875 0.5234375 0.771875
8 0.2265625 0.790625 0.309375 0.790625 0.309375 0.8875 0.2265625 0.8875
8 0.221875 0.30625 0.29375 0.30625 0.29375 0.39375 0.221875 0.39375
8 0.20625 0.21875 0.28125 0.21875 0.28125 0.303125 0.20625 0.303125
8 0.7953125 0.196875 0.8828125 0.196875 0.8828125 0.2859375 0.7953125 0.2859375
8 0.146875 0.690625 0.23125 0.690625 0.23125 0.78125 0.146875 0.78125
7 0.5984375 0.76875 0.6875 0.76875 0.6875 0.89375 0.5984375 0.89375
7 0.228125 0.6 0.3296875 0.6 0.3296875 0.690625 0.228125 0.690625
7 0.40625 0.190625 0.490625 0.190625 0.490625 0.296875 0.40625 0.296875
6 0.4265625 0.7796875 0.496875 0.7796875 0.496875 0.8765625 0.4265625 0.8765625
6 0.125 0.6171875 0.21875 0.6171875 0.21875 0.6921875 0.125 0.6921875
6 0.11875 0.528125 0.2125 0.528125 0.2125 0.596875 0.11875 0.596875
6 0.715625 0.3953125 0.79375 0.3953125 0.79375 0.4609375 0.715625 0.4609375
6 0.69375 0.0828125 0.778125 0.0828125 0.778125 0.18125 0.69375 0.18125
6 0.1125 0.128125 0.209375 0.128125 0.209375 0.215625 0.1125 0.215625
5 0.703125 0.690625 0.7796875 0.690625 0.7796875 0.7875 0.703125 0.7875
5 0.321875 0.6875 0.396875 0.6875 0.396875 0.771875 0.321875 0.771875
5 0.79375 0.3875 0.8859375 0.3875 0.8859375 0.459375 0.79375 0.459375
5 0.396875 0.103125 0.46875 0.103125 0.46875 0.1953125 0.396875 0.1953125
5 0.1234375 0.3234375 0.215625 0.3234375 0.215625 0.403125 0.1234375 0.403125
5 0.1125 0.2390625 0.203125 0.2390625 0.203125 0.3140625 0.1125 0.3140625
4 0.815625 0.7640625 0.93125 0.7640625 0.93125 0.8875 0.815625 0.8875
4 0.59375 0.0515625 0.6765625 0.0515625 0.6765625 0.1765625 0.59375 0.1765625
4 0.2109375 0.50625 0.3171875 0.50625 0.3171875 0.5875 0.2109375 0.5875
3 0.678125 0.2109375 0.746875 0.2109375 0.746875 0.28125 0.678125 0.28125
3 0.328125 0.2328125 0.390625 0.2328125 0.390625 0.3078125 0.328125 0.3078125
2 0.515625 0.784375 0.578125 0.784375 0.578125 0.89375 0.515625 0.89375
2 0.440625 0.69375 0.515625 0.69375 0.515625 0.778125 0.440625 0.778125
2 0.7984375 0.5875 0.8953125 0.5875 0.8953125 0.6703125 0.7984375 0.6703125
2 0.2328125 0.4140625 0.3125 0.4140625 0.3125 0.4984375 0.2328125 0.4984375
1 0.496875 0.075 0.5640625 0.075 0.5640625 0.203125 0.496875 0.203125
1 0.184375 0.103125 0.2984375 0.103125 0.2984375 0.21875 0.184375 0.21875
1 0.61875 0.678125 0.703125 0.678125 0.703125 0.78125 0.61875 0.78125
0 0.71875 0.7875 0.790625 0.7875 0.790625 0.878125 0.71875 0.878125
0 0.7953125 0.675 0.8875 0.675 0.8875 0.7578125 0.7953125 0.7578125
0 0.6953125 0.4953125 0.7703125 0.4953125 0.7703125 0.5515625 0.6953125 0.5515625
0 0.7875 0.5109375 0.88125 0.5109375 0.88125 0.5828125 0.7875 0.5828125
0 0.303125 0.1046875 0.375 0.1046875 0.375 0.203125 0.303125 0.203125