9 0.2234375 0.21875 0.2921875 0.21875 0.2921875 0.2953125 0.2234375 0.2953125
9 0.2328125 0.3109375 0.2984375 0.3109375 0.2984375 0.3765625 0.2328125 0.3765625
9 0.228125 0.4140625 0.2875 0.4140625 0.2875 0.4796875 0.228125 0.4796875
9 0.2234375 0.5140625 0.29375 0.5140625 0.29375 0.578125 0.2234375 0.578125
9 0.2234375 0.6171875 0.2859375 0.6171875 0.2859375 0.6828125 0.2234375 0.6828125
9 0.6828125 0.2140625 0.74375 0.2140625 0.74375 0.2890625 0.6828125 0.2890625
9 0.6875 0.321875 0.746875 0.321875 0.746875 0.396875 0.6875 0.396875
9 0.690625 0.4203125 0.7546875 0.4203125 0.7546875 0.4859375 0.690625 0.4859375
9 0.6921875 0.5203125 0.7609375 0.5203125 0.7609375 0.5953125 0.6921875 0.5953125
9 0.6859375 0.63125 0.75 0.63125 0.75 0.703125 0.6859375 0.703125
9 0.6890625 0.7203125 0.753125 0.7203125 0.753125 0.796875 0.6890625 0.796875
1 0.690625 0.8265625 0.7796875 0.8265625 0.7796875 0.9515625 0.690625 0.9515625
4 0.2984375 0.0640625 0.38125 0.0640625 0.38125 0.2 0.2984375 0.2
4 0.3875 0.0609375 0.45625 0.0609375 0.45625 0.203125 0.3875 0.203125
4 0.534375 0.834375 0.6015625 0.834375 0.6015625 0.9609375 0.534375 0.9609375
4 0.6125 0.821875 0.690625 0.821875 0.690625 0.9546875 0.6125 0.9546875
6 0.4703125 0.0859375 0.5265625 0.0859375 0.5265625 0.1953125 0.4703125 0.1953125
6 0.5421875 0.41875 0.603125 0.41875 0.603125 0.4984375 0.5421875 0.4984375
6 0.5375 0.5171875 0.5953125 0.5171875 0.5953125 0.5953125 0.5375 0.5953125
6 0.4578125 0.8171875 0.5171875 0.8171875 0.5171875 0.925 0.4578125 0.925
7 0.38125 0.2953125 0.4515625 0.2953125 0.4515625 0.396875 0.38125 0.396875
7 0.378125 0.396875 0.453125 0.396875 0.453125 0.49375 0.378125 0.49375
7 0.4609375 0.403125 0.528125 0.403125 0.528125 0.4953125 0.4609375 0.4953125
7 0.371875 0.60625 0.446875 0.60625 0.446875 0.696875 0.371875 0.696875
7 0.5375 0.0546875 0.603125 0.0546875 0.603125 0.19375 0.5375 0.19375
10 0.459375 0.2890625 0.525 0.2890625 0.525 0.3984375 0.459375 0.3984375
10 0.5421875 0.2 0.6078125 0.2 0.6078125 0.303125 0.5421875 0.303125
10 0.5375 0.3015625 0.60625 0.3015625 0.60625 0.4046875 0.5375 0.4046875
10 0.38125 0.50625 0.453125 0.50625 0.453125 0.596875 0.38125 0.596875
10 0.375 0.6984375 0.446875 0.6984375 0.446875 0.8046875 0.375 0.8046875
10 0.3765625 0.821875 0.4421875 0.821875 0.4421875 0.9421875 0.3765625 0.9421875
10 0.209375 0.065625 0.3046875 0.065625 0.3046875 0.2015625 0.209375 0.2015625