8 0.6234375 0.2375 0.6765625 0.2375 0.6765625 0.365625 0.6234375 0.365625
6 0.6234375 0.10625 0.675 0.10625 0.675 0.225 0.6234375 0.225
8 0.5625 0.259375 0.6125 0.259375 0.6125 0.375 0.5625 0.375
4 0.5703125 0.0890625 0.6234375 0.0890625 0.6234375 0.2453125 0.5703125 0.2453125
5 0.44375 0.1296875 0.490625 0.1296875 0.490625 0.2578125 0.44375 0.2578125
5 0.5046875 0.128125 0.540625 0.128125 0.540625 0.2609375 0.5046875 0.2609375
5 0.509375 0.2484375 0.55625 0.2484375 0.55625 0.38125 0.509375 0.38125
11 0.4546875 0.2578125 0.4984375 0.2578125 0.4984375 0.3859375 0.4546875 0.3859375
11 0.3875 0.28125 0.434375 0.28125 0.434375 0.409375 0.3875 0.409375
10 0.375 0.1171875 0.434375 0.1171875 0.434375 0.2734375 0.375 0.2734375
5 0.325 0.2765625 0.375 0.2765625 0.375 0.4015625 0.325 0.4015625
1 0.3015625 0.1 0.3625 0.1 0.3625 0.275 0.3015625 0.275
0 0.253125 0.284375 0.30625 0.284375 0.30625 0.4125 0.253125 0.4125
0 0.190625 0.153125 0.24375 0.153125 0.24375 0.28125 0.190625 0.28125
6 0.184375 0.309375 0.240625 0.309375 0.240625 0.421875 0.184375 0.421875
7 0.24375 0.1171875 0.30625 0.1171875 0.30625 0.2859375 0.24375 0.2859375