6 0.215625 0.19375 0.3390625 0.19375 0.3390625 0.41875 0.215625 0.41875
6 0.2140625 0.5 0.33125 0.5 0.33125 0.721875 0.2140625 0.721875
6 0.3515625 0.196875 0.4640625 0.196875 0.4640625 0.4375 0.3515625 0.4375
6 0.365625 0.50625 0.4734375 0.50625 0.4734375 0.7125 0.365625 0.7125
6 0.4640625 0.4859375 0.55 0.4859375 0.55 0.7015625 0.4640625 0.7015625
6 0.4609375 0.78125 0.55 0.78125 0.55 0.978125 0.4609375 0.978125
0 0.215625 0.7765625 0.3328125 0.7765625 0.3328125 0.971875 0.215625 0.971875
0 0.3640625 0.7828125 0.45 0.7828125 0.45 0.9765625 0.3640625 0.9765625
0 0.4765625 0.2375 0.5703125 0.2375 0.5703125 0.453125 0.4765625 0.453125
0 0.609375 0.5046875 0.7109375 0.5046875 0.7109375 0.6953125 0.609375 0.6953125
0 0.6109375 0.21875 0.709375 0.21875 0.709375 0.43125 0.6109375 0.43125