4 0.728125 0.3890625 0.8484375 0.3890625 0.8484375 0.4828125 0.728125 0.4828125
0 0.5703125 0.1546875 0.640625 0.1546875 0.640625 0.2515625 0.5703125 0.2515625
0 0.5828125 0.5921875 0.659375 0.5921875 0.659375 0.6859375 0.5828125 0.6859375
1 0.2375 0.2421875 0.3296875 0.2421875 0.3296875 0.3640625 0.2375 0.3640625
1 0.1234375 0.3546875 0.234375 0.3546875 0.234375 0.465625 0.1234375 0.465625
1 0.1359375 0.496875 0.2421875 0.496875 0.2421875 0.5875 0.1359375 0.5875
1 0.25625 0.603125 0.3359375 0.603125 0.3359375 0.7015625 0.25625 0.7015625
2 0.41875 0.0671875 0.4859375 0.0671875 0.4859375 0.16875 0.41875 0.16875
2 0.5015625 0.0640625 0.565625 0.0640625 0.565625 0.175 0.5015625 0.175
2 0.5015625 0.7015625 0.565625 0.7015625 0.565625 0.8046875 0.5015625 0.8046875
2 0.421875 0.7109375 0.4921875 0.7109375 0.4921875 0.8140625 0.421875 0.8140625
3 0.3515625 0.2828125 0.4109375 0.2828125 0.4109375 0.359375 0.3515625 0.359375
3 0.4203125 0.4078125 0.48125 0.4078125 0.48125 0.4875 0.4203125 0.4875
3 0.503125 0.2875 0.559375 0.2875 0.559375 0.371875 0.503125 0.371875
3 0.6515625 0.2890625 0.715625 0.2890625 0.715625 0.3765625 0.6515625 0.3765625
3 0.6484375 0.496875 0.721875 0.496875 0.721875 0.5765625 0.6484375 0.5765625
3 0.5015625 0.5015625 0.565625 0.5015625 0.565625 0.5828125 0.5015625 0.5828125
3 0.35625 0.490625 0.421875 0.490625 0.421875 0.575 0.35625 0.575
5 0.3328125 0.1421875 0.3984375 0.1421875 0.3984375 0.2578125 0.3328125 0.2578125
5 0.340625 0.7109375 0.4 0.7109375 0.4 0.8140625 0.340625 0.8140625