0 0.13125 0.3015625 0.21875 0.3015625 0.21875 0.36875 0.13125 0.36875
0 0.2421875 0.3796875 0.3234375 0.3796875 0.3234375 0.440625 0.2421875 0.440625
0 0.253125 0.5953125 0.3296875 0.5953125 0.3296875 0.65 0.253125 0.65
0 0.621875 0.4421875 0.70625 0.4421875 0.70625 0.503125 0.621875 0.503125
0 0.7140625 0.6359375 0.809375 0.6359375 0.809375 0.7015625 0.7140625 0.7015625
0 0.8015625 0.44375 0.909375 0.44375 0.909375 0.5 0.8015625 0.5
0 0.7984375 0.7109375 0.8984375 0.7109375 0.8984375 0.7796875 0.7984375 0.7796875
2 0.7078125 0.36875 0.796875 0.36875 0.796875 0.4375 0.7078125 0.4375
2 0.5234375 0.3109375 0.61875 0.3109375 0.61875 0.36875 0.5234375 0.36875
2 0.5171875 0.2375 0.6015625 0.2375 0.6015625 0.3 0.5171875 0.3
3 0.3390625 0.4515625 0.425 0.4515625 0.425 0.4984375 0.3390625 0.4984375
3 0.525 0.4515625 0.6125 0.4515625 0.6125 0.4984375 0.525 0.4984375
3 0.6390625 0.5234375 0.7078125 0.5234375 0.7078125 0.5609375 0.6390625 0.5609375
3 0.7078125 0.5828125 0.7890625 0.5828125 0.7890625 0.6234375 0.7078125 0.6234375
3 0.6359375 0.7109375 0.715625 0.7109375 0.715625 0.7703125 0.6359375 0.7703125
3 0.70625 0.30625 0.790625 0.30625 0.790625 0.359375 0.70625 0.359375
3 0.703125 0.2328125 0.778125 0.2328125 0.778125 0.2984375 0.703125 0.2984375
5 0.35625 0.5203125 0.43125 0.5203125 0.43125 0.5671875 0.35625 0.5671875
5 0.625 0.6421875 0.7078125 0.6421875 0.7078125 0.703125 0.625 0.703125
6 0.2515625 0.453125 0.328125 0.453125 0.328125 0.509375 0.2515625 0.509375
6 0.5265625 0.378125 0.60625 0.378125 0.60625 0.428125 0.5265625 0.428125
6 0.79375 0.5859375 0.896875 0.5859375 0.896875 0.6328125 0.79375 0.6328125
6 0.803125 0.371875 0.903125 0.371875 0.903125 0.428125 0.803125 0.428125
6 0.43125 0.38125 0.5078125 0.38125 0.5078125 0.4375 0.43125 0.4375
7 0.5484375 0.5078125 0.6359375 0.5078125 0.6359375 0.5875 0.5484375 0.5875
9 0.3828125 0.6640625 0.4515625 0.6640625 0.4515625 0.7140625 0.3828125 0.7140625
9 0.45 0.5921875 0.528125 0.5921875 0.528125 0.646875 0.45 0.646875
9 0.553125 0.6640625 0.615625 0.6640625 0.615625 0.725 0.553125 0.725
9 0.1515625 0.603125 0.2265625 0.603125 0.2265625 0.65625 0.1515625 0.65625
9 0.2546875 0.321875 0.3234375 0.321875 0.3234375 0.3703125 0.2546875 0.3703125
9 0.240625 0.2421875 0.33125 0.2421875 0.33125 0.3015625 0.240625 0.3015625
9 0.4328125 0.3109375 0.5046875 0.3109375 0.5046875 0.3609375 0.4328125 0.3609375
9 0.428125 0.246875 0.4953125 0.246875 0.4953125 0.2953125 0.428125 0.2953125
9 0.625 0.309375 0.690625 0.309375 0.690625 0.371875 0.625 0.371875
9 0.61875 0.375 0.7 0.375 0.7 0.4390625 0.61875 0.4390625
9 0.621875 0.225 0.690625 0.225 0.690625 0.3 0.621875 0.3
11 0.3390625 0.3703125 0.41875 0.3703125 0.41875 0.4453125 0.3390625 0.4453125
11 0.7875 0.5078125 0.890625 0.5078125 0.890625 0.5640625 0.7875 0.5640625
11 0.7078125 0.5078125 0.7859375 0.5078125 0.7859375 0.5703125 0.7078125 0.5703125
11 0.70625 0.446875 0.79375 0.446875 0.79375 0.503125 0.70625 0.503125
8 0.4359375 0.5203125 0.5296875 0.5203125 0.5296875 0.5796875 0.4359375 0.5796875
8 0.25 0.525 0.325 0.525 0.325 0.58125 0.25 0.58125
8 0.8140625 0.6375 0.903125 0.6375 0.903125 0.7015625 0.8140625 0.7015625
8 0.25625 0.725 0.371875 0.725 0.371875 0.796875 0.25625 0.796875