3 0.5625 0.184375 0.615625 0.184375 0.615625 0.26875 0.5625 0.26875
3 0.653125 0.065625 0.70625 0.065625 0.70625 0.1625 0.653125 0.1625
3 0.6484375 0.7328125 0.7140625 0.7328125 0.7140625 0.815625 0.6484375 0.815625
3 0.496875 0.8484375 0.546875 0.8484375 0.546875 0.928125 0.496875 0.928125
3 0.321875 0.8484375 0.384375 0.8484375 0.384375 0.9375 0.321875 0.9375
3 0.1390625 0.8546875 0.209375 0.8546875 0.209375 0.94375 0.1390625 0.94375
3 0.153125 0.409375 0.228125 0.409375 0.228125 0.484375 0.153125 0.484375
4 0.39375 0.39375 0.471875 0.39375 0.471875 0.48125 0.39375 0.48125
9 0.2390625 0.425 0.3015625 0.425 0.3015625 0.5046875 0.2390625 0.5046875
9 0.2375 0.2953125 0.303125 0.2953125 0.303125 0.3703125 0.2375 0.3703125
9 0.3265625 0.196875 0.384375 0.196875 0.384375 0.2765625 0.3265625 0.2765625
9 0.228125 0.7515625 0.29375 0.7515625 0.29375 0.8390625 0.228125 0.8390625
1 0.5640625 0.509375 0.640625 0.509375 0.640625 0.6 0.5640625 0.6
1 0.1890625 0.6171875 0.3046875 0.6171875 0.3046875 0.7234375 0.1890625 0.7234375
1 0.1125 0.1609375 0.228125 0.1609375 0.228125 0.2859375 0.1125 0.2859375
1 0.478125 0.5109375 0.55 0.5109375 0.55 0.6 0.478125 0.6
2 0.3109375 0.3984375 0.3859375 0.3984375 0.3859375 0.490625 0.3109375 0.490625
2 0.1203125 0.521875 0.2234375 0.521875 0.2234375 0.603125 0.1203125 0.603125
2 0.7296875 0.625 0.828125 0.625 0.828125 0.71875 0.7296875 0.71875
2 0.7265625 0.3 0.8234375 0.3 0.8234375 0.384375 0.7265625 0.384375
6 0.565625 0.409375 0.628125 0.409375 0.628125 0.49375 0.565625 0.49375
6 0.40625 0.534375 0.46875 0.534375 0.46875 0.603125 0.40625 0.603125
6 0.6453125 0.84375 0.721875 0.84375 0.721875 0.9546875 0.6453125 0.9546875
6 0.2140625 0.853125 0.29375 0.853125 0.29375 0.959375 0.2140625 0.959375
11 0.734375 0.5125 0.815625 0.5125 0.815625 0.59375 0.734375 0.59375
11 0.4 0.63125 0.4609375 0.63125 0.4609375 0.715625 0.4 0.715625
11 0.7265625 0.0484375 0.8015625 0.0484375 0.8015625 0.1734375 0.7265625 0.1734375
5 0.4875 0.7390625 0.55625 0.7390625 0.55625 0.8359375 0.4875 0.8359375
5 0.2234375 0.1640625 0.3 0.1640625 0.3 0.2703125 0.2234375 0.2703125
0 0.3921875 0.2859375 0.4671875 0.2859375 0.4671875 0.378125 0.3921875 0.378125
0 0.31875 0.046875 0.390625 0.046875 0.390625 0.159375 0.31875 0.159375
8 0.484375 0.29375 0.54375 0.29375 0.54375 0.384375 0.484375 0.384375
8 0.4 0.840625 0.465625 0.840625 0.465625 0.95 0.4 0.95
10 0.4859375 0.403125 0.553125 0.403125 0.553125 0.496875 0.4859375 0.496875