3 0.546875 0.621875 0.609375 0.621875 0.609375 0.675 0.546875 0.675
3 0.3203125 0.621875 0.3859375 0.621875 0.3859375 0.678125 0.3203125 0.678125
3 0.540625 0.30625 0.6078125 0.30625 0.6078125 0.36875 0.540625 0.36875
3 0.4265625 0.215625 0.496875 0.215625 0.496875 0.275 0.4265625 0.275
3 0.325 0.4671875 0.390625 0.4671875 0.390625 0.515625 0.325 0.515625
3 0.74375 0.4671875 0.828125 0.4671875 0.828125 0.51875 0.74375 0.51875
3 0.640625 0.29375 0.721875 0.29375 0.721875 0.35 0.640625 0.35
1 0.734375 0.18125 0.871875 0.18125 0.871875 0.2875 0.734375 0.2875
1 0.7296875 0.6109375 0.8578125 0.6109375 0.8578125 0.6984375 0.7296875 0.6984375
1 0.428125 0.45625 0.509375 0.45625 0.509375 0.521875 0.428125 0.521875
1 0.0453125 0.5296875 0.178125 0.5296875 0.178125 0.6046875 0.0453125 0.6046875
2 0.4125 0.69375 0.503125 0.69375 0.503125 0.765625 0.4125 0.765625
2 0.428125 0.615625 0.509375 0.615625 0.509375 0.68125 0.428125 0.68125
2 0.190625 0.446875 0.29375 0.446875 0.29375 0.509375 0.190625 0.509375
2 0.3015625 0.190625 0.3890625 0.190625 0.3890625 0.278125 0.3015625 0.278125
6 0.734375 0.546875 0.83125 0.546875 0.83125 0.596875 0.734375 0.596875
6 0.7375 0.375 0.834375 0.375 0.834375 0.434375 0.7375 0.434375
6 0.5421875 0.2 0.61875 0.2 0.61875 0.275 0.5421875 0.275
6 0.8375 0.4625 0.9515625 0.4625 0.9515625 0.51875 0.8375 0.51875
9 0.6328125 0.38125 0.7078125 0.38125 0.7078125 0.434375 0.6328125 0.434375
9 0.31875 0.53125 0.396875 0.53125 0.396875 0.58125 0.31875 0.58125
9 0.4125 0.2984375 0.4875 0.2984375 0.4875 0.353125 0.4125 0.353125
9 0.20625 0.29375 0.28125 0.29375 0.28125 0.35 0.20625 0.35
11 0.640625 0.696875 0.734375 0.696875 0.734375 0.771875 0.640625 0.771875
11 0.634375 0.184375 0.728125 0.184375 0.728125 0.2765625 0.634375 0.2765625
11 0.425 0.3765625 0.4953125 0.3765625 0.4953125 0.4390625 0.425 0.4390625
0 0.1796875 0.615625 0.2765625 0.615625 0.2765625 0.684375 0.1796875 0.684375
0 0.328125 0.284375 0.3984375 0.284375 0.3984375 0.353125 0.328125 0.353125
5 0.3140625 0.378125 0.3890625 0.378125 0.3890625 0.4375 0.3140625 0.4375
5 0.18125 0.5421875 0.278125 0.5421875 0.278125 0.6046875 0.18125 0.6046875
8 0.5234375 0.53125 0.625 0.53125 0.625 0.596875 0.5234375 0.596875
8 0.6375 0.7703125 0.740625 0.7703125 0.740625 0.846875 0.6375 0.846875
4 0.0453125 0.615625 0.1828125 0.615625 0.1828125 0.6953125 0.0453125 0.6953125
10 0.8328125 0.540625 0.9859375 0.540625 0.9859375 0.60625 0.8328125 0.60625