3 0.275 0.584375 0.353125 0.584375 0.353125 0.678125 0.275 0.678125
3 0.2640625 0.709375 0.3359375 0.709375 0.3359375 0.796875 0.2640625 0.796875
3 0.36875 0.578125 0.43125 0.578125 0.43125 0.653125 0.36875 0.653125
3 0.4421875 0.4828125 0.5015625 0.4828125 0.5015625 0.5546875 0.4421875 0.5546875
3 0.359375 0.359375 0.4265625 0.359375 0.4265625 0.440625 0.359375 0.440625
3 0.515625 0.34375 0.575 0.34375 0.575 0.446875 0.515625 0.446875
3 0.6015625 0.153125 0.6640625 0.153125 0.6640625 0.234375 0.6015625 0.234375
3 0.5921875 0.0640625 0.6546875 0.0640625 0.6546875 0.1515625 0.5921875 0.1515625
3 0.2640625 0.715625 0.3265625 0.715625 0.3265625 0.7921875 0.2640625 0.7921875
3 0.6640625 0.065625 0.7203125 0.065625 0.7203125 0.15625 0.6640625 0.15625
3 0.3546875 0.8140625 0.421875 0.8140625 0.421875 0.9015625 0.3546875 0.9015625
3 0.73125 0.025 0.809375 0.025 0.809375 0.140625 0.73125 0.140625
3 0.5375 0.7984375 0.59375 0.7984375 0.59375 0.8859375 0.5375 0.8859375
3 0.6625 0.3609375 0.734375 0.3609375 0.734375 0.4484375 0.6625 0.4484375
3 0.7625 0.7828125 0.84375 0.7828125 0.84375 0.8625 0.7625 0.8625
3 0.6671875 0.253125 0.7328125 0.253125 0.7328125 0.35 0.6671875 0.35
3 0.759375 0.6875 0.8421875 0.6875 0.8421875 0.7625 0.759375 0.7625
3 0.753125 0.4609375 0.8328125 0.4609375 0.8328125 0.5453125 0.753125 0.5453125
3 0.7640625 0.571875 0.8484375 0.571875 0.8484375 0.6515625 0.7640625 0.6515625
3 0.675 0.56875 0.753125 0.56875 0.753125 0.671875 0.675 0.671875
3 0.753125 0.478125 0.828125 0.478125 0.828125 0.54375 0.753125 0.54375
3 0.45 0.675 0.5109375 0.675 0.5109375 0.759375 0.45 0.759375
3 0.6796875 0.584375 0.75 0.584375 0.75 0.65625 0.6796875 0.65625
3 0.5296875 0.78125 0.6 0.78125 0.6 0.89375 0.5296875 0.89375
3 0.453125 0.678125 0.515625 0.678125 0.515625 0.75625 0.453125 0.75625
3 0.353125 0.80625 0.415625 0.80625 0.415625 0.909375 0.353125 0.909375
3 0.271875 0.5875 0.340625 0.5875 0.340625 0.671875 0.271875 0.671875
3 0.2765625 0.3703125 0.3515625 0.3703125 0.3515625 0.4609375 0.2765625 0.4609375
3 0.3671875 0.575 0.4296875 0.575 0.4296875 0.65625 0.3671875 0.65625
3 0.5109375 0.1484375 0.578125 0.1484375 0.578125 0.25 0.5109375 0.25
3 0.440625 0.4890625 0.49375 0.4890625 0.49375 0.5515625 0.440625 0.5515625
3 0.7640625 0.56875 0.8484375 0.56875 0.8484375 0.653125 0.7640625 0.653125
3 0.275 0.371875 0.346875 0.371875 0.346875 0.45 0.275 0.45
3 0.7640625 0.68125 0.8484375 0.68125 0.8484375 0.76875 0.7640625 0.76875
3 0.515625 0.35 0.56875 0.35 0.56875 0.43125 0.515625 0.43125
3 0.76875 0.78125 0.84375 0.78125 0.84375 0.8609375 0.76875 0.8609375
3 0.6640625 0.3671875 0.734375 0.3671875 0.734375 0.4421875 0.6640625 0.4421875
3 0.1828125 0.046875 0.26875 0.046875 0.26875 0.153125 0.1828125 0.153125
3 0.6703125 0.2578125 0.7328125 0.2578125 0.7328125 0.3421875 0.6703125 0.3421875
9 0.35 0.46875 0.4125 0.46875 0.4125 0.5625 0.35 0.5625
3 0.35625 0.3625 0.4171875 0.3625 0.4171875 0.440625 0.35625 0.440625
9 0.36875 0.134375 0.434375 0.134375 0.434375 0.2375 0.36875 0.2375
3 0.1875 0.0484375 0.2640625 0.0484375 0.2640625 0.1453125 0.1875 0.1453125
9 0.2765625 0.0484375 0.3515625 0.0484375 0.3515625 0.1515625 0.2765625 0.1515625
3 0.5171875 0.1515625 0.56875 0.1515625 0.56875 0.2453125 0.5171875 0.2453125
9 0.7484375 0.25625 0.828125 0.25625 0.828125 0.35625 0.7484375 0.35625
3 0.6015625 0.1609375 0.6671875 0.1609375 0.6671875 0.2484375 0.6015625 0.2484375
9 0.175 0.80625 0.259375 0.80625 0.259375 0.9171875 0.175 0.9171875
3 0.5890625 0.059375 0.6515625 0.059375 0.6515625 0.153125 0.5890625 0.153125
8 0.346875 0.6875 0.421875 0.6875 0.421875 0.79375 0.346875 0.79375
3 0.6625 0.065625 0.725 0.065625 0.725 0.159375 0.6625 0.159375
8 0.584375 0.2578125 0.6625 0.2578125 0.6625 0.3640625 0.584375 0.3640625
3 0.740625 0.0296875 0.809375 0.0296875 0.809375 0.1328125 0.740625 0.1328125
8 0.4296875 0.040625 0.5046875 0.040625 0.5046875 0.165625 0.4296875 0.165625
9 0.1765625 0.8171875 0.2515625 0.8171875 0.2515625 0.9171875 0.1765625 0.9171875
2 0.265625 0.265625 0.340625 0.265625 0.340625 0.359375 0.265625 0.359375
9 0.2796875 0.05625 0.3421875 0.05625 0.3421875 0.1484375 0.2796875 0.1484375
2 0.428125 0.25625 0.4953125 0.25625 0.4953125 0.359375 0.428125 0.359375
9 0.353125 0.484375 0.409375 0.484375 0.409375 0.55625 0.353125 0.55625
2 0.509375 0.034375 0.584375 0.034375 0.584375 0.1625 0.509375 0.1625
9 0.3703125 0.1390625 0.428125 0.1390625 0.428125 0.2265625 0.3703125 0.2265625
2 0.5078125 0.459375 0.5828125 0.459375 0.5828125 0.5625 0.5078125 0.5625
9 0.75 0.2578125 0.83125 0.2578125 0.83125 0.3484375 0.75 0.3484375
5 0.1859375 0.465625 0.2796875 0.465625 0.2796875 0.5625 0.1859375 0.5625
11 0.175 0.353125 0.265625 0.353125 0.265625 0.4546875 0.175 0.4546875
5 0.590625 0.565625 0.66875 0.565625 0.66875 0.6625 0.590625 0.6625
5 0.178125 0.4765625 0.271875 0.4765625 0.271875 0.5640625 0.178125 0.5640625
11 0.1796875 0.35 0.2703125 0.35 0.2703125 0.4578125 0.1796875 0.4578125
5 0.5921875 0.58125 0.6671875 0.58125 0.6671875 0.66875 0.5921875 0.66875