3 0.203125 0.5859375 0.2875 0.5859375 0.2875 0.6453125 0.203125 0.6453125
3 0.203125 0.440625 0.28125 0.440625 0.28125 0.496875 0.203125 0.496875
3 0.3046875 0.3578125 0.3796875 0.3578125 0.3796875 0.4078125 0.3046875 0.4078125
3 0.4046875 0.2875 0.475 0.2875 0.475 0.3453125 0.4046875 0.3453125
3 0.509375 0.196875 0.584375 0.196875 0.584375 0.259375 0.509375 0.259375
3 0.5265625 0.5796875 0.5921875 0.5796875 0.5921875 0.6359375 0.5265625 0.6359375
3 0.4203125 0.56875 0.4875 0.56875 0.4875 0.628125 0.4203125 0.628125
3 0.321875 0.5140625 0.39375 0.5140625 0.39375 0.5640625 0.321875 0.5640625
3 0.509375 0.4390625 0.5703125 0.4390625 0.5703125 0.490625 0.509375 0.490625
3 0.5140625 0.3640625 0.584375 0.3640625 0.584375 0.4171875 0.5140625 0.4171875
3 0.6125 0.2859375 0.6765625 0.2859375 0.6765625 0.3484375 0.6125 0.3484375
3 0.696875 0.3625 0.7796875 0.3625 0.7796875 0.4203125 0.696875 0.4203125
3 0.8125 0.5828125 0.9015625 0.5828125 0.9015625 0.6421875 0.8125 0.6421875
3 0.7015625 0.721875 0.7796875 0.721875 0.7796875 0.7984375 0.7015625 0.7984375
3 0.515625 0.7265625 0.5875 0.7265625 0.5875 0.7953125 0.515625 0.7953125
5 0.4 0.65625 0.478125 0.65625 0.478125 0.7265625 0.4 0.7265625
5 0.50625 0.271875 0.5875 0.271875 0.5875 0.3453125 0.50625 0.3453125
2 0.7015625 0.26875 0.7921875 0.26875 0.7921875 0.34375 0.7015625 0.34375
2 0.4078125 0.5046875 0.4921875 0.5046875 0.4921875 0.5640625 0.4078125 0.5640625
2 0.603125 0.6515625 0.684375 0.6515625 0.684375 0.7296875 0.603125 0.7296875
2 0.4 0.43125 0.4875 0.43125 0.4875 0.496875 0.4 0.496875
8 0.803125 0.3484375 0.9109375 0.3484375 0.9109375 0.41875 0.803125 0.41875
8 0.5953125 0.503125 0.690625 0.503125 0.690625 0.5640625 0.5953125 0.5640625
4 0.16875 0.26875 0.290625 0.26875 0.290625 0.3578125 0.16875 0.3578125