11 0.334375 0.1125 0.409375 0.1125 0.409375 0.2046875 0.334375 0.2046875
11 0.8359375 0.784375 0.9296875 0.784375 0.9296875 0.8875 0.8359375 0.8875
11 0.4390625 0.759375 0.5125 0.759375 0.5125 0.86875 0.4390625 0.86875
11 0.809375 0.2984375 0.90625 0.2984375 0.90625 0.3828125 0.809375 0.3828125
10 0.090625 0.4046875 0.215625 0.4046875 0.215625 0.49375 0.090625 0.49375
10 0.325 0.603125 0.4171875 0.603125 0.4171875 0.7015625 0.325 0.7015625
10 0.7125 0.290625 0.8234375 0.290625 0.8234375 0.3859375 0.7125 0.3859375
9 0.7359375 0.4046875 0.80625 0.4046875 0.80625 0.4625 0.7359375 0.4625
8 0.4125 0.1125 0.4921875 0.1125 0.4921875 0.209375 0.4125 0.209375
8 0.53125 0.1921875 0.6015625 0.1921875 0.6015625 0.284375 0.53125 0.284375
8 0.6296875 0.496875 0.7078125 0.496875 0.7078125 0.571875 0.6296875 0.571875
8 0.6234375 0.58125 0.7 0.58125 0.7 0.6609375 0.6234375 0.6609375
8 0.2453125 0.784375 0.3265625 0.784375 0.3265625 0.8875 0.2453125 0.8875
8 0.1375 0.7046875 0.23125 0.7046875 0.23125 0.803125 0.1375 0.803125
7 0.0859375 0.515625 0.2171875 0.515625 0.2171875 0.6015625 0.0859375 0.6015625
7 0.73125 0.6828125 0.8421875 0.6828125 0.8421875 0.7953125 0.73125 0.7953125
7 0.3140625 0.41875 0.4078125 0.41875 0.4078125 0.5046875 0.3140625 0.5046875
6 0.2171875 0.4140625 0.3015625 0.4140625 0.3015625 0.475 0.2171875 0.475
6 0.2328125 0.615625 0.315625 0.615625 0.315625 0.6953125 0.2328125 0.6953125
6 0.4421875 0.6 0.503125 0.6 0.503125 0.6796875 0.4421875 0.6796875
6 0.725 0.7890625 0.809375 0.7890625 0.809375 0.8875 0.725 0.8875
6 0.51875 0.1046875 0.59375 0.1046875 0.59375 0.2015625 0.51875 0.2015625
6 0.1546875 0.8125 0.240625 0.8125 0.240625 0.915625 0.1546875 0.915625
5 0.6171875 0.3078125 0.6984375 0.3078125 0.6984375 0.38125 0.6171875 0.38125
5 0.809375 0.49375 0.9078125 0.49375 0.9078125 0.5671875 0.809375 0.5671875
5 0.71875 0.2234375 0.8046875 0.2234375 0.8046875 0.3046875 0.71875 0.3046875
5 0.6234375 0.7875 0.6953125 0.7875 0.6953125 0.89375 0.6234375 0.89375
5 0.3296875 0.784375 0.4109375 0.784375 0.4109375 0.8921875 0.3296875 0.8921875
5 0.5171875 0.784375 0.5859375 0.784375 0.5859375 0.8828125 0.5171875 0.8828125
4 0.2015625 0.0703125 0.30625 0.0703125 0.30625 0.196875 0.2015625 0.196875
4 0.209375 0.2890625 0.315625 0.2890625 0.315625 0.384375 0.209375 0.384375
4 0.08125 0.6109375 0.2140625 0.6109375 0.2140625 0.7171875 0.08125 0.7171875
3 0.43125 0.509375 0.4875 0.509375 0.4875 0.5734375 0.43125 0.5734375
3 0.8234375 0.1046875 0.903125 0.1046875 0.903125 0.1796875 0.8234375 0.1796875
2 0.4125 0.215625 0.4859375 0.215625 0.4859375 0.3046875 0.4125 0.3046875
2 0.8015625 0.2015625 0.90625 0.2015625 0.90625 0.2796875 0.8015625 0.2796875
2 0.5328125 0.5890625 0.6109375 0.5890625 0.6109375 0.678125 0.5328125 0.678125
1 0.3390625 0.5109375 0.425 0.5109375 0.425 0.5953125 0.3390625 0.5953125
1 0.61875 0.6765625 0.7078125 0.6765625 0.7078125 0.7875 0.61875 0.7875
1 0.5265625 0.490625 0.603125 0.490625 0.603125 0.5734375 0.5265625 0.5734375
0 0.31875 0.2140625 0.3890625 0.2140625 0.3890625 0.2859375 0.31875 0.2859375
0 0.6125 0.2171875 0.68125 0.2171875 0.68125 0.2953125 0.6125 0.2953125
0 0.628125 0.4046875 0.696875 0.4046875 0.696875 0.4703125 0.628125 0.4703125
0 0.5171875 0.30625 0.58125 0.30625 0.58125 0.375 0.5171875 0.375
0 0.53125 0.6921875 0.5921875 0.6921875 0.5921875 0.7796875 0.53125 0.7796875
2 0.4265625 0.3953125 0.5046875 0.3953125 0.5046875 0.465625 0.4265625 0.465625