8 0.7890625 0.0625 0.903125 0.0625 0.903125 0.1796875 0.7890625 0.1796875
8 0.703125 0.184375 0.784375 0.184375 0.784375 0.2828125 0.703125 0.2828125
8 0.6828125 0.296875 0.7765625 0.296875 0.7765625 0.38125 0.6828125 0.38125
8 0.784375 0.39375 0.884375 0.39375 0.884375 0.471875 0.784375 0.471875
8 0.590625 0.190625 0.68125 0.190625 0.68125 0.284375 0.590625 0.284375
8 0.503125 0.0875 0.578125 0.0875 0.578125 0.184375 0.503125 0.184375
8 0.5 0.2921875 0.584375 0.2921875 0.584375 0.3765625 0.5 0.3765625
8 0.4125 0.184375 0.4890625 0.184375 0.4890625 0.278125 0.4125 0.278125
8 0.40625 0.084375 0.4890625 0.084375 0.4890625 0.190625 0.40625 0.190625
8 0.3140625 0.065625 0.3921875 0.065625 0.3921875 0.175 0.3140625 0.175
8 0.2 0.071875 0.28125 0.071875 0.28125 0.18125 0.2 0.18125
8 0.2078125 0.1921875 0.2984375 0.1921875 0.2984375 0.2921875 0.2078125 0.2921875
8 0.2078125 0.2984375 0.2984375 0.2984375 0.2984375 0.3859375 0.2078125 0.3859375
8 0.30625 0.39375 0.384375 0.39375 0.384375 0.484375 0.30625 0.484375
8 0.103125 0.39375 0.196875 0.39375 0.196875 0.475 0.103125 0.475
2 0.5953125 0.4921875 0.678125 0.4921875 0.678125 0.5765625 0.5953125 0.5765625
2 0.7875 0.5859375 0.875 0.5859375 0.875 0.6796875 0.7875 0.6796875
2 0.6890625 0.6828125 0.7734375 0.6828125 0.7734375 0.7921875 0.6890625 0.7921875
2 0.603125 0.7703125 0.68125 0.7703125 0.68125 0.8875 0.603125 0.8875
2 0.50625 0.68125 0.5828125 0.68125 0.5828125 0.7828125 0.50625 0.7828125
2 0.496875 0.5890625 0.578125 0.5890625 0.578125 0.6734375 0.496875 0.6734375
2 0.40625 0.584375 0.484375 0.584375 0.484375 0.6796875 0.40625 0.6796875
2 0.4078125 0.7875 0.4859375 0.7875 0.4859375 0.9125 0.4078125 0.9125
2 0.30625 0.6734375 0.390625 0.6734375 0.390625 0.7765625 0.30625 0.7765625
2 0.20625 0.4984375 0.290625 0.4984375 0.290625 0.5796875 0.20625 0.5796875
2 0.2078125 0.684375 0.2953125 0.684375 0.2953125 0.79375 0.2078125 0.79375
2 0.2046875 0.78125 0.2890625 0.78125 0.2890625 0.9046875 0.2046875 0.9046875
2 0.08125 0.6921875 0.184375 0.6921875 0.184375 0.8171875 0.08125 0.8171875
8 0.0984375 0.05625 0.1859375 0.05625 0.1859375 0.171875 0.0984375 0.171875