10 0.175 0.621875 0.3125 0.621875 0.3125 0.734375 0.175 0.734375
10 0.4921875 0.521875 0.578125 0.521875 0.578125 0.6109375 0.4921875 0.6109375
10 0.7765625 0.3046875 0.915625 0.3046875 0.915625 0.4078125 0.7765625 0.4078125
10 0.0734375 0.2578125 0.225 0.2578125 0.225 0.3609375 0.0734375 0.3609375
10 0.3890625 0.6234375 0.4890625 0.6234375 0.4890625 0.725 0.3890625 0.725
10 0.4921875 0.4171875 0.5765625 0.4171875 0.5765625 0.50625 0.4921875 0.50625
10 0.5765625 0.321875 0.678125 0.321875 0.678125 0.4109375 0.5765625 0.4109375
10 0.678125 0.409375 0.7859375 0.409375 0.7859375 0.515625 0.678125 0.515625
10 0.465625 0.1140625 0.5734375 0.1140625 0.5734375 0.234375 0.465625 0.234375
7 0.50625 0.7046875 0.6015625 0.7046875 0.6015625 0.8203125 0.50625 0.8203125
7 0.678125 0.6046875 0.790625 0.6046875 0.790625 0.7125 0.678125 0.7125
7 0.5875 0.5140625 0.68125 0.5140625 0.68125 0.6109375 0.5875 0.6109375
7 0.3890625 0.515625 0.490625 0.515625 0.490625 0.61875 0.3890625 0.61875
7 0.18125 0.71875 0.3109375 0.71875 0.3109375 0.834375 0.18125 0.834375
7 0.0765625 0.440625 0.228125 0.440625 0.228125 0.528125 0.0765625 0.528125
7 0.1703125 0.140625 0.2953125 0.140625 0.2953125 0.25625 0.1703125 0.25625
7 0.5796875 0.2 0.6640625 0.2 0.6640625 0.31875 0.5796875 0.31875
4 0.4921875 0.821875 0.578125 0.821875 0.578125 0.9359375 0.4921875 0.9359375
4 0.7765625 0.509375 0.9109375 0.509375 0.9109375 0.59375 0.7765625 0.59375
4 0.7890625 0.69375 0.9109375 0.69375 0.9109375 0.8015625 0.7890625 0.8015625
4 0.6734375 0.196875 0.7578125 0.196875 0.7578125 0.3109375 0.6734375 0.3109375
4 0.365625 0.234375 0.478125 0.234375 0.478125 0.340625 0.365625 0.340625
4 0.309375 0.825 0.4140625 0.825 0.4140625 0.946875 0.309375 0.946875
1 0.171875 0.80625 0.3015625 0.80625 0.3015625 0.9390625 0.171875 0.9390625
1 0.6015625 0.628125 0.6859375 0.628125 0.6859375 0.73125 0.6015625 0.73125
1 0.69375 0.803125 0.8109375 0.803125 0.8109375 0.9421875 0.69375 0.9421875
1 0.7671875 0.0734375 0.88125 0.0734375 0.88125 0.2125 0.7671875 0.2125
1 0.18125 0.3421875 0.3109375 0.3421875 0.3109375 0.4390625 0.18125 0.4390625
1 0.209375 0.5296875 0.3359375 0.5296875 0.3359375 0.61875 0.209375 0.61875
1 0.38125 0.11875 0.484375 0.11875 0.484375 0.234375 0.38125 0.234375
1 0.275 0.1359375 0.3765625 0.1359375 0.3765625 0.2359375 0.275 0.2359375