5 0.459375 0.378125 0.58125 0.378125 0.58125 0.421875 0.459375 0.421875
5 0.3359375 0.38125 0.459375 0.38125 0.459375 0.425 0.3359375 0.425
5 0.4796875 0.678125 0.6078125 0.678125 0.6078125 0.73125 0.4796875 0.73125
5 0.35625 0.68125 0.4828125 0.68125 0.4828125 0.7328125 0.35625 0.7328125
1 0.890625 0.5546875 0.99375 0.5546875 0.99375 0.6125 0.890625 0.6125
4 0.871875 0.496875 0.996875 0.496875 0.996875 0.54375 0.871875 0.54375
3 0.253125 0.634375 0.3546875 0.634375 0.3546875 0.665625 0.253125 0.665625
3 0.3890625 0.6390625 0.48125 0.6390625 0.48125 0.6734375 0.3890625 0.6734375
3 0.5 0.6140625 0.603125 0.6140625 0.603125 0.65 0.5 0.65
3 0.3484375 0.565625 0.4515625 0.565625 0.4515625 0.6 0.3484375 0.6
3 0.6203125 0.6171875 0.7171875 0.6171875 0.7171875 0.65625 0.6203125 0.65625
3 0.778125 0.61875 0.86875 0.61875 0.86875 0.659375 0.778125 0.659375
3 0.771875 0.553125 0.8609375 0.553125 0.8609375 0.59375 0.771875 0.59375
3 0.4875 0.49375 0.5875 0.49375 0.5875 0.534375 0.4875 0.534375
0 0.5984375 0.5578125 0.7234375 0.5578125 0.7234375 0.603125 0.5984375 0.603125
0 0.6109375 0.496875 0.7296875 0.496875 0.7296875 0.534375 0.6109375 0.534375
9 0.746875 0.4984375 0.84375 0.4984375 0.84375 0.5390625 0.746875 0.5390625
9 0.7515625 0.371875 0.85 0.371875 0.85 0.409375 0.7515625 0.409375
9 0.628125 0.4296875 0.734375 0.4296875 0.734375 0.46875 0.628125 0.46875
9 0.484375 0.44375 0.590625 0.44375 0.590625 0.478125 0.484375 0.478125
9 0.365625 0.44375 0.4546875 0.44375 0.4546875 0.48125 0.365625 0.48125
9 0.2484375 0.4515625 0.3546875 0.4515625 0.3546875 0.490625 0.2484375 0.490625
9 0.3609375 0.50625 0.4640625 0.50625 0.4640625 0.5421875 0.3609375 0.5421875
9 0.2578125 0.5125 0.3640625 0.5125 0.3640625 0.546875 0.2578125 0.546875
6 0.615625 0.68125 0.740625 0.68125 0.740625 0.734375 0.615625 0.734375
6 0.4609375 0.559375 0.584375 0.559375 0.584375 0.6 0.4609375 0.6
7 0.071875 0.56875 0.2625 0.56875 0.2625 0.621875 0.071875 0.621875
10 0.0828125 0.503125 0.2609375 0.503125 0.2609375 0.546875 0.0828125 0.546875