1 0.14375 0.7625 0.26875 0.7625 0.26875 0.98125 0.14375 0.98125
1 0.4296875 0.7359375 0.5046875 0.7359375 0.5046875 0.9296875 0.4296875 0.9296875
4 0.1765625 0.278125 0.2765625 0.278125 0.2765625 0.503125 0.1765625 0.503125
4 0.5109375 0.0375 0.6078125 0.0375 0.6078125 0.265625 0.5109375 0.265625
4 0.1640625 0.015625 0.2796875 0.015625 0.2796875 0.24375 0.1640625 0.24375
1 0.396875 0.2734375 0.4875 0.2734375 0.4875 0.49375 0.396875 0.49375
10 0.15625 0.5578125 0.284375 0.5578125 0.284375 0.7203125 0.15625 0.7203125
10 0.4046875 0.5328125 0.4890625 0.5328125 0.4890625 0.70625 0.4046875 0.70625
10 0.2953125 0.03125 0.3859375 0.03125 0.3859375 0.284375 0.2953125 0.284375
7 0.5078125 0.778125 0.6015625 0.778125 0.6015625 0.96875 0.5078125 0.96875
7 0.5078125 0.496875 0.609375 0.496875 0.609375 0.690625 0.5078125 0.690625
7 0.5015625 0.240625 0.6 0.240625 0.6 0.453125 0.5015625 0.453125