3 0.55 0.4140625 0.603125 0.4140625 0.603125 0.4984375 0.55 0.4984375
3 0.615625 0.2046875 0.671875 0.2046875 0.671875 0.2921875 0.615625 0.2921875
3 0.615625 0.303125 0.68125 0.303125 0.68125 0.384375 0.615625 0.384375
3 0.621875 0.4046875 0.68125 0.4046875 0.68125 0.4796875 0.621875 0.4796875
3 0.621875 0.525 0.684375 0.525 0.684375 0.596875 0.621875 0.596875
3 0.6125 0.60625 0.671875 0.60625 0.671875 0.678125 0.6125 0.678125
3 0.60625 0.6921875 0.678125 0.6921875 0.678125 0.790625 0.60625 0.790625
5 0.6875 0.803125 0.7625 0.803125 0.7625 0.9328125 0.6875 0.9328125
5 0.7078125 0.065625 0.7921875 0.065625 0.7921875 0.1796875 0.7078125 0.1796875
0 0.11875 0.05625 0.221875 0.05625 0.221875 0.1671875 0.11875 0.1671875
0 0.2109375 0.20625 0.2953125 0.20625 0.2953125 0.28125 0.2109375 0.28125
0 0.30625 0.2984375 0.378125 0.2984375 0.378125 0.39375 0.30625 0.39375
0 0.225 0.4 0.303125 0.4 0.303125 0.4921875 0.225 0.4921875
0 0.140625 0.5125 0.234375 0.5125 0.234375 0.59375 0.140625 0.59375
0 0.2328125 0.603125 0.3078125 0.603125 0.3078125 0.7046875 0.2328125 0.7046875
0 0.325 0.684375 0.396875 0.684375 0.396875 0.8 0.325 0.8
2 0.396875 0.490625 0.465625 0.490625 0.465625 0.596875 0.396875 0.596875
2 0.3859375 0.08125 0.465625 0.08125 0.465625 0.1875 0.3859375 0.1875
2 0.4046875 0.78125 0.4671875 0.78125 0.4671875 0.934375 0.4046875 0.934375