0 0.5421875 0.425 0.571875 0.425 0.571875 0.5375 0.5421875 0.5375
0 0.490625 0.4671875 0.51875 0.4671875 0.51875 0.5796875 0.490625 0.5796875
7 0.6171875 0.74375 0.653125 0.74375 0.653125 0.9046875 0.6171875 0.9046875
4 0.575 0.771875 0.609375 0.771875 0.609375 0.925 0.575 0.925
11 0.7078125 0.6671875 0.74375 0.6671875 0.74375 0.775 0.7078125 0.775
11 0.6828125 0.3 0.7234375 0.3 0.7234375 0.4140625 0.6828125 0.4140625
8 0.728125 0.48125 0.7703125 0.48125 0.7703125 0.609375 0.728125 0.609375
8 0.646875 0.075 0.6921875 0.075 0.6921875 0.209375 0.646875 0.209375
6 0.565625 0.5140625 0.590625 0.5140625 0.590625 0.6359375 0.565625 0.6359375
6 0.6328125 0.3328125 0.6671875 0.3328125 0.6671875 0.4484375 0.6328125 0.4484375
1 0.4890625 0.225 0.528125 0.225 0.528125 0.3890625 0.4890625 0.3890625
10 0.4421875 0.2828125 0.4796875 0.2828125 0.4796875 0.4484375 0.4421875 0.4484375
5 0.671875 0.509375 0.7125 0.509375 0.7125 0.628125 0.671875 0.628125
5 0.6515625 0.43125 0.684375 0.43125 0.684375 0.5375 0.6515625 0.5375
5 0.45625 0.7125 0.48125 0.7125 0.48125 0.815625 0.45625 0.815625
5 0.4328125 0.6359375 0.459375 0.6359375 0.459375 0.7390625 0.4328125 0.7390625
3 0.65625 0.63125 0.68125 0.63125 0.68125 0.725 0.65625 0.725
3 0.6390625 0.53125 0.6640625 0.53125 0.6640625 0.6328125 0.6390625 0.6328125
3 0.596875 0.4734375 0.625 0.4734375 0.625 0.5671875 0.596875 0.5671875
3 0.5859375 0.3921875 0.609375 0.3921875 0.609375 0.4765625 0.5859375 0.4765625
3 0.559375 0.2875 0.5890625 0.2875 0.5890625 0.3828125 0.559375 0.3828125
3 0.590625 0.6203125 0.615625 0.6203125 0.615625 0.7 0.590625 0.7
3 0.51875 0.5625 0.5421875 0.5625 0.5421875 0.6546875 0.51875 0.6546875
3 0.5140625 0.3796875 0.5375 0.3796875 0.5375 0.4375 0.5140625 0.4375
9 0.5234375 0.7390625 0.5421875 0.7390625 0.5421875 0.8375 0.5234375 0.8375
9 0.4984375 0.665625 0.521875 0.665625 0.521875 0.76875 0.4984375 0.76875
9 0.475 0.5875 0.4921875 0.5875 0.4921875 0.6875 0.475 0.6875
9 0.44375 0.50625 0.4671875 0.50625 0.4671875 0.6109375 0.44375 0.6109375
9 0.384375 0.45 0.4140625 0.45 0.4140625 0.55 0.384375 0.55
9 0.5609375 0.7125 0.584375 0.7125 0.584375 0.790625 0.5609375 0.790625
9 0.5375 0.628125 0.565625 0.628125 0.565625 0.728125 0.5375 0.728125
9 0.478125 0.3921875 0.503125 0.3921875 0.503125 0.4828125 0.478125 0.4828125