4 0.815625 0.7984375 0.93125 0.7984375 0.93125 0.903125 0.815625 0.903125
8 0.7125 0.79375 0.80625 0.79375 0.80625 0.875 0.7125 0.875
6 0.534375 0.8046875 0.5984375 0.8046875 0.5984375 0.8859375 0.534375 0.8859375
5 0.45 0.80625 0.5140625 0.80625 0.5140625 0.8875 0.45 0.8875
10 0.346875 0.7921875 0.434375 0.7921875 0.434375 0.9 0.346875 0.9
2 0.246875 0.815625 0.321875 0.815625 0.321875 0.90625 0.246875 0.90625
5 0.8125 0.7109375 0.9125 0.7109375 0.9125 0.7828125 0.8125 0.7828125
11 0.715625 0.709375 0.7984375 0.709375 0.7984375 0.784375 0.715625 0.784375
9 0.6296875 0.7 0.6859375 0.7 0.6859375 0.759375 0.6296875 0.759375
2 0.53125 0.7046875 0.603125 0.7046875 0.603125 0.7828125 0.53125 0.7828125
9 0.4625 0.6921875 0.515625 0.6921875 0.515625 0.7515625 0.4625 0.7515625
5 0.1515625 0.709375 0.2375 0.709375 0.2375 0.79375 0.1515625 0.79375
1 0.525 0.6125 0.59375 0.6125 0.59375 0.69375 0.525 0.69375
3 0.4484375 0.634375 0.5046875 0.634375 0.5046875 0.684375 0.4484375 0.684375
8 0.3484375 0.6140625 0.4203125 0.6140625 0.4203125 0.6890625 0.3484375 0.6890625
1 0.234375 0.6109375 0.334375 0.6109375 0.334375 0.6859375 0.234375 0.6859375
5 0.1578125 0.628125 0.234375 0.628125 0.234375 0.696875 0.1578125 0.696875
8 0.80625 0.534375 0.8890625 0.534375 0.8890625 0.60625 0.80625 0.60625
2 0.7171875 0.5171875 0.7984375 0.5171875 0.7984375 0.5859375 0.7171875 0.5859375
8 0.628125 0.534375 0.70625 0.534375 0.70625 0.6046875 0.628125 0.6046875
11 0.5484375 0.525 0.615625 0.525 0.615625 0.5875 0.5484375 0.5875
6 0.459375 0.528125 0.5203125 0.528125 0.5203125 0.5859375 0.459375 0.5859375
6 0.146875 0.540625 0.228125 0.540625 0.228125 0.60625 0.146875 0.60625
8 0.7015625 0.4328125 0.796875 0.4328125 0.796875 0.5078125 0.7015625 0.5078125
7 0.6140625 0.428125 0.6953125 0.428125 0.6953125 0.4984375 0.6140625 0.4984375
2 0.5234375 0.4390625 0.590625 0.4390625 0.590625 0.5046875 0.5234375 0.5046875
11 0.4390625 0.446875 0.5078125 0.446875 0.5078125 0.515625 0.4390625 0.515625
0 0.2578125 0.4390625 0.3265625 0.4390625 0.3265625 0.509375 0.2578125 0.509375
6 0.353125 0.440625 0.41875 0.440625 0.41875 0.5046875 0.353125 0.5046875
1 0.1375 0.4453125 0.2484375 0.4453125 0.2484375 0.5265625 0.1375 0.5265625
7 0.7921875 0.34375 0.903125 0.34375 0.903125 0.4296875 0.7921875 0.4296875
6 0.609375 0.346875 0.684375 0.346875 0.684375 0.4140625 0.609375 0.4140625
11 0.4453125 0.35625 0.5171875 0.35625 0.5171875 0.425 0.4453125 0.425
7 0.3203125 0.34375 0.4109375 0.34375 0.4109375 0.4328125 0.3203125 0.4328125
4 0.1171875 0.346875 0.23125 0.346875 0.23125 0.43125 0.1171875 0.43125
0 0.815625 0.246875 0.89375 0.246875 0.89375 0.3234375 0.815625 0.3234375
0 0.6875 0.2625 0.7671875 0.2625 0.7671875 0.340625 0.6875 0.340625
3 0.534375 0.2625 0.5984375 0.2625 0.5984375 0.3265625 0.534375 0.3265625
9 0.453125 0.2828125 0.509375 0.2828125 0.509375 0.3390625 0.453125 0.3390625
0 0.334375 0.246875 0.415625 0.246875 0.415625 0.321875 0.334375 0.321875
3 0.26875 0.284375 0.328125 0.284375 0.328125 0.3484375 0.26875 0.3484375
6 0.1546875 0.2609375 0.2390625 0.2609375 0.2390625 0.3359375 0.1546875 0.3359375
10 0.7953125 0.125 0.9109375 0.125 0.9109375 0.2375 0.7953125 0.2375
0 0.6984375 0.1671875 0.7765625 0.1671875 0.7765625 0.2453125 0.6984375 0.2453125
5 0.609375 0.153125 0.6796875 0.153125 0.6796875 0.2453125 0.609375 0.2453125
8 0.5328125 0.1578125 0.603125 0.1578125 0.603125 0.2390625 0.5328125 0.2390625
5 0.43125 0.1625 0.5 0.1625 0.5 0.253125 0.43125 0.253125
4 0.2328125 0.13125 0.3234375 0.13125 0.3234375 0.25 0.2328125 0.25
10 0.13125 0.159375 0.246875 0.159375 0.246875 0.26875 0.13125 0.26875