5 0.5109375 0.45625 0.5953125 0.45625 0.5953125 0.5171875 0.5109375 0.5171875
5 0.290625 0.446875 0.384375 0.446875 0.384375 0.5078125 0.290625 0.5078125
5 0.04375 0.4515625 0.159375 0.4515625 0.159375 0.5234375 0.04375 0.5234375
5 0.6546875 0.3671875 0.7484375 0.3671875 0.7484375 0.4375 0.6546875 0.4375
5 0.403125 0.3703125 0.4890625 0.3703125 0.4890625 0.434375 0.403125 0.434375
5 0.16875 0.3625 0.271875 0.3625 0.271875 0.4328125 0.16875 0.4328125
5 0.7171875 0.284375 0.83125 0.284375 0.83125 0.359375 0.7171875 0.359375
5 0.5140625 0.278125 0.5890625 0.278125 0.5890625 0.35625 0.5140625 0.35625
5 0.83125 0.190625 0.946875 0.190625 0.946875 0.275 0.83125 0.275
5 0.7234375 0.184375 0.8265625 0.184375 0.8265625 0.275 0.7234375 0.275
5 0.6203125 0.1921875 0.71875 0.1921875 0.71875 0.2796875 0.6203125 0.2796875