6 0.1671875 0.3078125 0.265625 0.3078125 0.265625 0.403125 0.1671875 0.403125
6 0.2734375 0.425 0.35625 0.425 0.35625 0.5015625 0.2734375 0.5015625
6 0.675 0.5640625 0.7703125 0.5640625 0.7703125 0.6390625 0.675 0.6390625
6 0.5859375 0.190625 0.6640625 0.190625 0.6640625 0.3015625 0.5859375 0.3015625
11 0.7734375 0.0578125 0.8953125 0.0578125 0.8953125 0.1671875 0.7734375 0.1671875
11 0.8203125 0.765625 0.9359375 0.765625 0.9359375 0.8765625 0.8203125 0.8765625
11 0.3875 0.6828125 0.475 0.6828125 0.475 0.7875 0.3875 0.7875
11 0.6046875 0.6828125 0.696875 0.6828125 0.696875 0.78125 0.6046875 0.78125
10 0.58125 0.48125 0.6765625 0.48125 0.6765625 0.5859375 0.58125 0.5859375
10 0.7875 0.3640625 0.9375 0.3640625 0.9375 0.478125 0.7875 0.478125
10 0.265625 0.284375 0.3796875 0.284375 0.3796875 0.39375 0.265625 0.39375
9 0.1703125 0.1171875 0.2625 0.1171875 0.2625 0.209375 0.1703125 0.209375
9 0.4859375 0.1109375 0.5671875 0.1109375 0.5671875 0.2015625 0.4859375 0.2015625
9 0.675 0.09375 0.7609375 0.09375 0.7609375 0.1859375 0.675 0.1859375
9 0.59375 0.415625 0.66875 0.415625 0.66875 0.490625 0.59375 0.490625
9 0.5546875 0.3015625 0.634375 0.3015625 0.634375 0.3796875 0.5546875 0.3796875
9 0.05 0.2109375 0.1421875 0.2109375 0.1421875 0.3015625 0.05 0.3015625
9 0.496875 0.5953125 0.571875 0.5953125 0.571875 0.68125 0.496875 0.68125
9 0.2890625 0.703125 0.36875 0.703125 0.36875 0.790625 0.2890625 0.790625
9 0.1984375 0.815625 0.28125 0.815625 0.28125 0.9078125 0.1984375 0.9078125
9 0.0828125 0.6359375 0.1703125 0.6359375 0.1703125 0.71875 0.0828125 0.71875
9 0.79375 0.696875 0.8859375 0.696875 0.8859375 0.7859375 0.79375 0.7859375
8 0.7828125 0.1640625 0.8953125 0.1640625 0.8953125 0.265625 0.7828125 0.265625
8 0.0578125 0.403125 0.1671875 0.403125 0.1671875 0.509375 0.0578125 0.509375
8 0.053125 0.709375 0.190625 0.709375 0.190625 0.8171875 0.053125 0.8171875
8 0.5984375 0.7828125 0.7 0.7828125 0.7 0.903125 0.5984375 0.903125
8 0.1625 0.609375 0.2734375 0.609375 0.2734375 0.6984375 0.1625 0.6984375
8 0.6890625 0.2734375 0.790625 0.2734375 0.790625 0.3734375 0.6890625 0.3734375
7 0.4828125 0.384375 0.5890625 0.384375 0.5890625 0.5 0.4828125 0.5
7 0.49375 0.4921875 0.5796875 0.4921875 0.5796875 0.578125 0.49375 0.578125
7 0.259375 0.5875 0.3734375 0.5875 0.3734375 0.6953125 0.259375 0.6953125
5 0.0484375 0.0984375 0.165625 0.0984375 0.165625 0.2140625 0.0484375 0.2140625
5 0.80625 0.4640625 0.928125 0.4640625 0.928125 0.55 0.80625 0.55
5 0.6703125 0.171875 0.771875 0.171875 0.771875 0.2796875 0.6703125 0.2796875
5 0.4671875 0.2 0.55 0.2 0.55 0.290625 0.4671875 0.290625
5 0.2828125 0.496875 0.375 0.496875 0.375 0.5796875 0.2828125 0.5796875
4 0.7 0.678125 0.8203125 0.678125 0.8203125 0.8046875 0.7 0.8046875
4 0.4140625 0.78125 0.50625 0.78125 0.50625 0.9203125 0.4140625 0.9203125
4 0.0296875 0.3046875 0.1734375 0.3046875 0.1734375 0.40625 0.0296875 0.40625
3 0.5609375 0.096875 0.628125 0.096875 0.628125 0.18125 0.5609375 0.18125
3 0.7734375 0.2890625 0.871875 0.2890625 0.871875 0.365625 0.7734375 0.365625
3 0.7078125 0.5078125 0.7828125 0.5078125 0.7828125 0.571875 0.7078125 0.571875
3 0.496875 0.703125 0.5671875 0.703125 0.5671875 0.7890625 0.496875 0.7890625
3 0.1984375 0.6984375 0.28125 0.6984375 0.28125 0.775 0.1984375 0.775
3 0.065625 0.5375 0.1625 0.5375 0.1625 0.615625 0.065625 0.615625
3 0.171875 0.5265625 0.2515625 0.5265625 0.2515625 0.60625 0.171875 0.60625
3 0.1875 0.4203125 0.2765625 0.4203125 0.2765625 0.4921875 0.1875 0.4921875
3 0.178125 0.2265625 0.271875 0.2265625 0.271875 0.3046875 0.178125 0.3046875
3 0.4765625 0.290625 0.540625 0.290625 0.540625 0.3703125 0.4765625 0.3703125
2 0.2484375 0.071875 0.34375 0.071875 0.34375 0.19375 0.2484375 0.19375
2 0.3640625 0.0375 0.4640625 0.0375 0.4640625 0.146875 0.3640625 0.146875
2 0.7828125 0.5671875 0.8953125 0.5671875 0.8953125 0.65625 0.7828125 0.65625
2 0.3015625 0.7890625 0.3921875 0.7890625 0.3921875 0.9109375 0.3015625 0.9109375
1 0.2625 0.175 0.371875 0.175 0.371875 0.303125 0.2625 0.303125
1 0.584375 0.578125 0.6859375 0.578125 0.6859375 0.6796875 0.584375 0.6796875
1 0.384375 0.384375 0.4859375 0.384375 0.4859375 0.484375 0.384375 0.484375
0 0.36875 0.203125 0.453125 0.203125 0.453125 0.3078125 0.36875 0.3078125
0 0.3890625 0.4953125 0.475 0.4953125 0.475 0.5890625 0.3890625 0.5890625
0 0.7046875 0.8078125 0.8078125 0.8078125 0.8078125 0.9109375 0.7046875 0.9109375
0 0.509375 0.7875 0.5921875 0.7875 0.5921875 0.8890625 0.509375 0.8890625
0 0.071875 0.8234375 0.1859375 0.8234375 0.1859375 0.9359375 0.071875 0.9359375
5 0.6890625 0.396875 0.7828125 0.396875 0.7828125 0.4875 0.6890625 0.4875
6 0.3890625 0.5828125 0.4640625 0.5828125 0.4640625 0.6640625 0.3890625 0.6640625
6 0.3890625 0.284375 0.471875 0.284375 0.471875 0.3765625 0.3890625 0.3765625