10 0.625 0.1171875 0.70625 0.1171875 0.70625 0.2171875 0.625 0.2171875
10 0.625 0.2265625 0.7078125 0.2265625 0.7078125 0.30625 0.625 0.30625
10 0.61875 0.4734375 0.690625 0.4734375 0.690625 0.55625 0.61875 0.55625
10 0.621875 0.565625 0.690625 0.565625 0.690625 0.64375 0.621875 0.64375
10 0.6125 0.64375 0.690625 0.64375 0.690625 0.7234375 0.6125 0.7234375
10 0.465625 0.6375 0.528125 0.6375 0.528125 0.725 0.465625 0.725
10 0.3734375 0.3125 0.4515625 0.3125 0.4515625 0.3890625 0.3734375 0.3890625
10 0.3734375 0.225 0.440625 0.225 0.440625 0.296875 0.3734375 0.296875
10 0.4609375 0.709375 0.5390625 0.709375 0.5390625 0.809375 0.4609375 0.809375
7 0.615625 0.715625 0.690625 0.715625 0.690625 0.8203125 0.615625 0.8203125
7 0.3828125 0.6390625 0.45 0.6390625 0.45 0.7296875 0.3828125 0.7296875
7 0.375 0.5546875 0.45 0.5546875 0.45 0.6390625 0.375 0.6390625
7 0.3765625 0.4875 0.45 0.4875 0.45 0.55625 0.3765625 0.55625
7 0.378125 0.396875 0.453125 0.396875 0.453125 0.4734375 0.378125 0.4734375
7 0.6234375 0.3 0.6984375 0.3 0.6984375 0.390625 0.6234375 0.390625
7 0.6078125 0.3984375 0.7015625 0.3984375 0.7015625 0.465625 0.6078125 0.465625
7 0.359375 0.1125 0.4515625 0.1125 0.4515625 0.21875 0.359375 0.21875
4 0.459375 0.55625 0.5328125 0.55625 0.5328125 0.640625 0.459375 0.640625
4 0.459375 0.4765625 0.525 0.4765625 0.525 0.5484375 0.459375 0.5484375
4 0.465625 0.40625 0.528125 0.40625 0.528125 0.471875 0.465625 0.471875
4 0.4625 0.321875 0.525 0.321875 0.525 0.3921875 0.4625 0.3921875
4 0.459375 0.128125 0.53125 0.128125 0.53125 0.21875 0.459375 0.21875
4 0.459375 0.221875 0.534375 0.221875 0.534375 0.303125 0.459375 0.303125
1 0.528125 0.125 0.6125 0.125 0.6125 0.21875 0.528125 0.21875
1 0.5453125 0.221875 0.615625 0.221875 0.615625 0.303125 0.5453125 0.303125
1 0.5359375 0.303125 0.6140625 0.303125 0.6140625 0.390625 0.5359375 0.390625
1 0.5390625 0.4 0.6203125 0.4 0.6203125 0.475 0.5390625 0.475
1 0.528125 0.478125 0.615625 0.478125 0.615625 0.55625 0.528125 0.55625
1 0.5265625 0.553125 0.615625 0.553125 0.615625 0.6421875 0.5265625 0.6421875
1 0.5375 0.640625 0.6125 0.640625 0.6125 0.7296875 0.5375 0.7296875
1 0.5359375 0.709375 0.60625 0.709375 0.60625 0.8171875 0.5359375 0.8171875