5 0.1765625 0.221875 0.265625 0.221875 0.265625 0.3125 0.1765625 0.3125
5 0.18125 0.33125 0.2703125 0.33125 0.2703125 0.415625 0.18125 0.415625
0 0.2671875 0.2203125 0.34375 0.2203125 0.34375 0.303125 0.2671875 0.303125
0 0.265625 0.425 0.346875 0.425 0.346875 0.503125 0.265625 0.503125
1 0.175 0.625 0.284375 0.625 0.284375 0.728125 0.175 0.728125
1 0.178125 0.728125 0.2875 0.728125 0.2875 0.8421875 0.178125 0.8421875
1 0.18125 0.8265625 0.2875 0.8265625 0.2875 0.95 0.18125 0.95
1 0.171875 0.5234375 0.278125 0.5234375 0.278125 0.6296875 0.171875 0.6296875
2 0.1734375 0.11875 0.2671875 0.11875 0.2671875 0.2125 0.1734375 0.2125
2 0.259375 0.1234375 0.34375 0.1234375 0.34375 0.2078125 0.259375 0.2078125
2 0.265625 0.334375 0.35 0.334375 0.35 0.421875 0.265625 0.421875
2 0.265625 0.5359375 0.35 0.5359375 0.35 0.6109375 0.265625 0.6109375
3 0.35625 0.53125 0.421875 0.53125 0.421875 0.6125 0.35625 0.6125
3 0.3625 0.6359375 0.421875 0.6359375 0.421875 0.715625 0.3625 0.715625
3 0.3609375 0.7359375 0.4234375 0.7359375 0.4234375 0.8234375 0.3609375 0.8234375
3 0.359375 0.834375 0.4265625 0.834375 0.4265625 0.93125 0.359375 0.93125
3 0.2875 0.628125 0.346875 0.628125 0.346875 0.7078125 0.2875 0.7078125
3 0.2890625 0.728125 0.3546875 0.728125 0.3546875 0.8109375 0.2890625 0.8109375
3 0.290625 0.828125 0.35625 0.828125 0.35625 0.9171875 0.290625 0.9171875
4 0.165625 0.4296875 0.275 0.4296875 0.275 0.5125 0.165625 0.5125