5 0.603125 0.76875 0.665625 0.76875 0.665625 0.86875 0.603125 0.86875
5 0.528125 0.75 0.5796875 0.75 0.5796875 0.846875 0.528125 0.846875
5 0.4640625 0.7484375 0.5171875 0.7484375 0.5171875 0.840625 0.4640625 0.840625
5 0.3890625 0.7546875 0.446875 0.7546875 0.446875 0.8453125 0.3890625 0.8453125
5 0.3203125 0.740625 0.3828125 0.740625 0.3828125 0.8265625 0.3203125 0.8265625
5 0.240625 0.7453125 0.3109375 0.7453125 0.3109375 0.8359375 0.240625 0.8359375
5 0.6734375 0.6765625 0.7375 0.6765625 0.7375 0.7625 0.6734375 0.7625
5 0.603125 0.665625 0.659375 0.665625 0.659375 0.753125 0.603125 0.753125
5 0.459375 0.65625 0.5203125 0.65625 0.5203125 0.7421875 0.459375 0.7421875
5 0.3859375 0.6453125 0.4484375 0.6453125 0.4484375 0.73125 0.3859375 0.73125
5 0.3140625 0.646875 0.378125 0.646875 0.378125 0.721875 0.3140625 0.721875