1 0.1765625 0.703125 0.2828125 0.703125 0.2828125 0.809375 0.1765625 0.809375
4 0.8296875 0.221875 0.9484375 0.221875 0.9484375 0.3203125 0.8296875 0.3203125
4 0.715625 0.221875 0.81875 0.221875 0.81875 0.3125 0.715625 0.3125
4 0.603125 0.215625 0.7078125 0.215625 0.7078125 0.315625 0.603125 0.315625
4 0.49375 0.225 0.59375 0.225 0.59375 0.321875 0.49375 0.321875
6 0.80625 0.634375 0.9125 0.634375 0.9125 0.70625 0.80625 0.70625
6 0.7015625 0.709375 0.7953125 0.709375 0.7953125 0.7828125 0.7015625 0.7828125
6 0.5015625 0.715625 0.5875 0.715625 0.5875 0.7875 0.5015625 0.7875
6 0.2921875 0.709375 0.378125 0.709375 0.378125 0.7875 0.2921875 0.7875
7 0.81875 0.778125 0.959375 0.778125 0.959375 0.8890625 0.81875 0.8890625
7 0.7046875 0.7828125 0.83125 0.7828125 0.83125 0.896875 0.7046875 0.896875
7 0.603125 0.7796875 0.7125 0.7796875 0.7125 0.890625 0.603125 0.890625
7 0.4875 0.79375 0.5921875 0.79375 0.5921875 0.89375 0.4875 0.89375
7 0.39375 0.775 0.4859375 0.775 0.4859375 0.8890625 0.39375 0.8890625
10 0.0546875 0.7984375 0.16875 0.7984375 0.16875 0.8859375 0.0546875 0.8859375
10 0.0390625 0.7234375 0.175 0.7234375 0.175 0.796875 0.0390625 0.796875
10 0.053125 0.628125 0.1875 0.628125 0.1875 0.7171875 0.053125 0.7171875
10 0.059375 0.5546875 0.1890625 0.5546875 0.1890625 0.6328125 0.059375 0.6328125
10 0.1625 0.21875 0.2828125 0.21875 0.2828125 0.31875 0.1625 0.31875
10 0.28125 0.215625 0.390625 0.215625 0.390625 0.3171875 0.28125 0.3171875
10 0.4 0.215625 0.4921875 0.215625 0.4921875 0.31875 0.4 0.31875