3 0.1828125 0.2515625 0.2609375 0.2515625 0.2609375 0.3171875 0.1828125 0.3171875
3 0.278125 0.2375 0.3625 0.2375 0.3625 0.30625 0.278125 0.30625
3 0.4796875 0.2109375 0.55625 0.2109375 0.55625 0.2796875 0.4796875 0.2796875
3 0.4921875 0.3296875 0.5609375 0.3296875 0.5609375 0.403125 0.4921875 0.403125
3 0.590625 0.4296875 0.6578125 0.4296875 0.6578125 0.4875 0.590625 0.4875
3 0.59375 0.5421875 0.6546875 0.5421875 0.6546875 0.603125 0.59375 0.603125
3 0.696875 0.6296875 0.759375 0.6296875 0.759375 0.7015625 0.696875 0.7015625
3 0.8109375 0.75625 0.90625 0.75625 0.90625 0.8296875 0.8109375 0.8296875
3 0.6921875 0.75625 0.7703125 0.75625 0.7703125 0.825 0.6921875 0.825
3 0.4046875 0.7171875 0.4578125 0.7171875 0.4578125 0.80625 0.4046875 0.80625
3 0.284375 0.740625 0.3625 0.740625 0.3625 0.825 0.284375 0.825
3 0.0796875 0.640625 0.171875 0.640625 0.171875 0.7125 0.0796875 0.7125
3 0.0890625 0.84375 0.171875 0.84375 0.171875 0.921875 0.0890625 0.921875
3 0.2734375 0.85 0.3546875 0.85 0.3546875 0.925 0.2734375 0.925
3 0.384375 0.840625 0.45625 0.840625 0.45625 0.925 0.384375 0.925
3 0.7921875 0.3203125 0.8765625 0.3203125 0.8765625 0.396875 0.7921875 0.396875
3 0.5921875 0.1203125 0.6484375 0.1203125 0.6484375 0.2 0.5921875 0.2
3 0.8078125 0.8390625 0.8828125 0.8390625 0.8828125 0.9375 0.8078125 0.9375
3 0.8125 0.5359375 0.9 0.5359375 0.9 0.615625 0.8125 0.615625
3 0.396875 0.4359375 0.453125 0.4359375 0.453125 0.509375 0.396875 0.509375
3 0.2828125 0.45625 0.3515625 0.45625 0.3515625 0.5203125 0.2828125 0.5203125
3 0.1796875 0.44375 0.2625 0.44375 0.2625 0.51875 0.1796875 0.51875
3 0.2859375 0.5421875 0.3578125 0.5421875 0.3578125 0.6234375 0.2859375 0.6234375
9 0.6875 0.4375 0.759375 0.4375 0.759375 0.496875 0.6875 0.496875
9 0.5765625 0.6515625 0.64375 0.6515625 0.64375 0.7328125 0.5765625 0.7328125
9 0.4875 0.53125 0.5546875 0.53125 0.5546875 0.61875 0.4875 0.61875
9 0.06875 0.4578125 0.153125 0.4578125 0.153125 0.54375 0.06875 0.54375
9 0.0640625 0.228125 0.1421875 0.228125 0.1421875 0.321875 0.0640625 0.321875
4 0.6890625 0.190625 0.78125 0.190625 0.78125 0.303125 0.6890625 0.303125
2 0.0390625 0.346875 0.15625 0.346875 0.15625 0.44375 0.0390625 0.44375
2 0.3828125 0.2171875 0.4515625 0.2171875 0.4515625 0.3359375 0.3828125 0.3359375
2 0.5796875 0.2171875 0.6625 0.2171875 0.6625 0.30625 0.5796875 0.30625
5 0.040625 0.1109375 0.159375 0.1109375 0.159375 0.2203125 0.040625 0.2203125
5 0.140625 0.0984375 0.25625 0.0984375 0.25625 0.209375 0.140625 0.209375
2 0.48125 0.625 0.5640625 0.625 0.5640625 0.7359375 0.48125 0.7359375
8 0.1671875 0.725 0.2703125 0.725 0.2703125 0.8203125 0.1671875 0.8203125
8 0.5875 0.8375 0.6734375 0.8375 0.6734375 0.94375 0.5875 0.94375
8 0.3796875 0.5375 0.4671875 0.5375 0.4671875 0.6296875 0.3796875 0.6296875
11 0.4921875 0.7359375 0.5640625 0.7359375 0.5640625 0.840625 0.4921875 0.840625