3 0.79375 0.346875 0.865625 0.346875 0.865625 0.375 0.79375 0.375
3 0.6703125 0.4234375 0.7421875 0.4234375 0.7421875 0.4515625 0.6703125 0.4515625
3 0.73125 0.5515625 0.796875 0.5515625 0.796875 0.578125 0.73125 0.578125
3 0.6484375 0.5140625 0.715625 0.5140625 0.715625 0.5421875 0.6484375 0.5421875
3 0.5875 0.4234375 0.653125 0.4234375 0.653125 0.45 0.5875 0.45
3 0.5734375 0.46875 0.6421875 0.46875 0.6421875 0.496875 0.5734375 0.496875
3 0.6859375 0.3453125 0.759375 0.3453125 0.759375 0.3765625 0.6859375 0.3765625
3 0.5921875 0.2921875 0.6640625 0.2921875 0.6640625 0.3234375 0.5921875 0.3234375
3 0.628125 0.240625 0.69375 0.240625 0.69375 0.2703125 0.628125 0.2703125
3 0.578125 0.55625 0.640625 0.55625 0.640625 0.584375 0.578125 0.584375
3 0.559375 0.5109375 0.621875 0.5109375 0.621875 0.5359375 0.559375 0.5359375
3 0.3484375 0.546875 0.415625 0.546875 0.415625 0.5734375 0.3484375 0.5734375
3 0.2578125 0.55 0.3171875 0.55 0.3171875 0.575 0.2578125 0.575
3 0.1859375 0.5 0.2484375 0.5 0.2484375 0.528125 0.1859375 0.528125
3 0.2953125 0.465625 0.359375 0.465625 0.359375 0.4921875 0.2953125 0.4921875
3 0.471875 0.425 0.534375 0.425 0.534375 0.45625 0.471875 0.45625
3 0.4046875 0.365625 0.4640625 0.365625 0.4640625 0.39375 0.4046875 0.39375
3 0.2875 0.371875 0.35 0.371875 0.35 0.3984375 0.2875 0.3984375
3 0.178125 0.40625 0.2375 0.40625 0.2375 0.43125 0.178125 0.43125
3 0.178125 0.315625 0.24375 0.315625 0.24375 0.34375 0.178125 0.34375
3 0.290625 0.2796875 0.3515625 0.2796875 0.3515625 0.3078125 0.290625 0.3078125
3 0.4125 0.28125 0.475 0.28125 0.475 0.3125 0.4125 0.3125
3 0.425 0.2390625 0.4875 0.2390625 0.4875 0.2703125 0.425 0.2703125
3 0.2265625 0.215625 0.2875 0.215625 0.2875 0.25 0.2265625 0.25
9 0.8765625 0.25625 0.9546875 0.25625 0.9546875 0.2875 0.8765625 0.2875
9 0.865625 0.3484375 0.9421875 0.3484375 0.9421875 0.3734375 0.865625 0.3734375
9 0.8703125 0.43125 0.9421875 0.43125 0.9421875 0.459375 0.8703125 0.459375
9 0.8390625 0.51875 0.9140625 0.51875 0.9140625 0.54375 0.8390625 0.54375
9 0.834375 0.553125 0.9078125 0.553125 0.9078125 0.578125 0.834375 0.578125
9 0.778125 0.3890625 0.85 0.3890625 0.85 0.4171875 0.778125 0.4171875
9 0.7515625 0.471875 0.8234375 0.471875 0.8234375 0.5 0.7515625 0.5
9 0.6625 0.4734375 0.7328125 0.4734375 0.7328125 0.5015625 0.6625 0.5015625
9 0.7125 0.29375 0.7859375 0.29375 0.7859375 0.321875 0.7125 0.321875
9 0.8 0.25 0.878125 0.25 0.878125 0.28125 0.8 0.28125
9 0.515625 0.2375 0.5875 0.2375 0.5875 0.26875 0.515625 0.26875
9 0.5078125 0.2859375 0.5765625 0.2859375 0.5765625 0.315625 0.5078125 0.315625
9 0.521875 0.33125 0.584375 0.33125 0.584375 0.3578125 0.521875 0.3578125
9 0.5765625 0.3796875 0.64375 0.3796875 0.64375 0.4046875 0.5765625 0.4046875
9 0.6828125 0.3890625 0.75 0.3890625 0.75 0.415625 0.6828125 0.415625
9 0.465625 0.559375 0.525 0.559375 0.525 0.5875 0.465625 0.5875
9 0.4671875 0.5125 0.5296875 0.5125 0.5296875 0.540625 0.4671875 0.540625
9 0.4859375 0.4640625 0.546875 0.4640625 0.546875 0.4921875 0.4859375 0.4921875
9 0.371875 0.5015625 0.4328125 0.5015625 0.4328125 0.5296875 0.371875 0.5296875
9 0.375 0.4578125 0.4359375 0.4578125 0.4359375 0.484375 0.375 0.484375
9 0.3984375 0.4171875 0.4609375 0.4171875 0.4609375 0.4453125 0.3984375 0.4453125
9 0.190625 0.4625 0.25625 0.4625 0.25625 0.4890625 0.190625 0.4890625
9 0.4015625 0.3296875 0.4671875 0.3296875 0.4671875 0.3578125 0.4015625 0.3578125
9 0.4796875 0.371875 0.5453125 0.371875 0.5453125 0.4 0.4796875 0.4