0 0.265625 0.33125 0.3671875 0.33125 0.3671875 0.396875 0.265625 0.396875
0 0.15 0.2625 0.253125 0.2625 0.253125 0.3328125 0.15 0.3328125
0 0.6859375 0.396875 0.778125 0.396875 0.778125 0.4703125 0.6859375 0.4703125
0 0.6734375 0.31875 0.771875 0.31875 0.771875 0.39375 0.6734375 0.39375
0 0.2578125 0.559375 0.3671875 0.559375 0.3671875 0.6265625 0.2578125 0.6265625
0 0.4625 0.2453125 0.5484375 0.2453125 0.5484375 0.3171875 0.4625 0.3171875
0 0.578125 0.490625 0.6734375 0.490625 0.6734375 0.55625 0.578125 0.55625
2 0.4671875 0.5609375 0.5671875 0.5609375 0.5671875 0.6375 0.4671875 0.6375
2 0.35625 0.634375 0.4625 0.634375 0.4625 0.7125 0.35625 0.7125
2 0.3609375 0.7171875 0.4625 0.7171875 0.4625 0.8015625 0.3609375 0.8015625
3 0.709375 0.4796875 0.815625 0.4796875 0.815625 0.5703125 0.709375 0.5703125
3 0.578125 0.1609375 0.6703125 0.1609375 0.6703125 0.2375 0.578125 0.2375
3 0.38125 0.4828125 0.465625 0.4828125 0.465625 0.5546875 0.38125 0.5546875
3 0.171875 0.6421875 0.271875 0.6421875 0.271875 0.715625 0.171875 0.715625
3 0.1671875 0.71875 0.2703125 0.71875 0.2703125 0.7921875 0.1671875 0.7921875
3 0.1921875 0.3375 0.2609375 0.3375 0.2609375 0.403125 0.1921875 0.403125
5 0.2671875 0.2546875 0.3625 0.2546875 0.3625 0.3296875 0.2671875 0.3296875
5 0.696875 0.221875 0.7953125 0.221875 0.7953125 0.30625 0.696875 0.30625
6 0.375 0.565625 0.471875 0.565625 0.471875 0.634375 0.375 0.634375
6 0.58125 0.56875 0.6703125 0.56875 0.6703125 0.6375 0.58125 0.6375
6 0.36875 0.4125 0.44375 0.4125 0.44375 0.471875 0.36875 0.471875
6 0.0546875 0.3375 0.1703125 0.3375 0.1703125 0.3953125 0.0546875 0.3953125
6 0.4796875 0.4125 0.5734375 0.4125 0.5734375 0.471875 0.4796875 0.471875
8 0.2453125 0.4859375 0.3703125 0.4859375 0.3703125 0.5625 0.2453125 0.5625
8 0.075 0.4828125 0.1640625 0.4828125 0.1640625 0.5515625 0.075 0.5515625
8 0.375 0.3328125 0.4671875 0.3328125 0.4671875 0.4 0.375 0.4
8 0.56875 0.25 0.6625 0.25 0.6625 0.334375 0.56875 0.334375
8 0.5859375 0.4171875 0.6703125 0.4171875 0.6703125 0.4828125 0.5859375 0.4828125
9 0.690625 0.7234375 0.7796875 0.7234375 0.7796875 0.7921875 0.690625 0.7921875
9 0.6765625 0.6375 0.7671875 0.6375 0.7671875 0.7125 0.6765625 0.7125
9 0.4828125 0.7109375 0.5765625 0.7109375 0.5765625 0.7875 0.4828125 0.7875
9 0.4703125 0.646875 0.5796875 0.646875 0.5796875 0.709375 0.4703125 0.709375
9 0.26875 0.71875 0.3578125 0.71875 0.3578125 0.7875 0.26875 0.7875
9 0.265625 0.640625 0.3546875 0.640625 0.3546875 0.6921875 0.265625 0.6921875
9 0.578125 0.3390625 0.665625 0.3390625 0.665625 0.4 0.578125 0.4
9 0.4765625 0.171875 0.5640625 0.171875 0.5640625 0.240625 0.4765625 0.240625
9 0.6984375 0.14375 0.7921875 0.14375 0.7921875 0.21875 0.6984375 0.21875
9 0.2609375 0.1671875 0.35 0.1671875 0.35 0.253125 0.2609375 0.253125
9 0.46875 0.3265625 0.5484375 0.3265625 0.5484375 0.4046875 0.46875 0.4046875
11 0.465625 0.4859375 0.5609375 0.4859375 0.5609375 0.5515625 0.465625 0.5515625
11 0.1671875 0.49375 0.2453125 0.49375 0.2453125 0.54375 0.1671875 0.54375
11 0.071875 0.4125 0.1609375 0.4125 0.1609375 0.475 0.071875 0.475
11 0.175 0.409375 0.275 0.409375 0.275 0.475 0.175 0.475
3 0.278125 0.4171875 0.3546875 0.4171875 0.3546875 0.4828125 0.278125 0.4828125