11 0.1109375 0.4234375 0.2203125 0.4234375 0.2203125 0.509375 0.1109375 0.509375
3 0.10625 0.0828125 0.2 0.0828125 0.2 0.18125 0.10625 0.18125
3 0.25 0.4296875 0.321875 0.4296875 0.321875 0.5109375 0.25 0.5109375
3 0.340625 0.421875 0.43125 0.421875 0.43125 0.4984375 0.340625 0.4984375
3 0.4546875 0.54375 0.53125 0.54375 0.53125 0.6171875 0.4546875 0.6171875
3 0.3515625 0.6296875 0.4234375 0.6296875 0.4234375 0.7046875 0.3515625 0.7046875
3 0.4609375 0.728125 0.5421875 0.728125 0.5421875 0.8203125 0.4609375 0.8203125
3 0.2359375 0.6515625 0.3171875 0.6515625 0.3171875 0.7296875 0.2359375 0.7296875
3 0.225 0.765625 0.30625 0.765625 0.30625 0.859375 0.225 0.859375
3 0.3390625 0.8609375 0.425 0.8609375 0.425 0.9578125 0.3390625 0.9578125
3 0.5640625 0.840625 0.6515625 0.840625 0.6515625 0.93125 0.5640625 0.93125
3 0.7546875 0.6359375 0.853125 0.6359375 0.853125 0.7203125 0.7546875 0.7203125
3 0.8546875 0.6296875 0.9625 0.6296875 0.9625 0.7203125 0.8546875 0.7203125
3 0.84375 0.53125 0.9484375 0.53125 0.9484375 0.609375 0.84375 0.609375
3 0.7453125 0.4375 0.840625 0.4375 0.840625 0.5140625 0.7453125 0.5140625
3 0.7484375 0.3296875 0.853125 0.3296875 0.853125 0.4125 0.7484375 0.4125
3 0.6703125 0.23125 0.7609375 0.23125 0.7609375 0.3078125 0.6703125 0.3078125
3 0.6578125 0.121875 0.746875 0.121875 0.746875 0.209375 0.6578125 0.209375
3 0.7515625 0.128125 0.8453125 0.128125 0.8453125 0.2203125 0.7515625 0.2203125
3 0.8578125 0.0953125 0.95625 0.0953125 0.95625 0.1953125 0.8578125 0.1953125
3 0.5546875 0.215625 0.6421875 0.215625 0.6421875 0.296875 0.5546875 0.296875
3 0.55625 0.425 0.634375 0.425 0.634375 0.4890625 0.55625 0.4890625
3 0.8453125 0.7328125 0.9453125 0.7328125 0.9453125 0.8171875 0.8453125 0.8171875
3 0.840625 0.81875 0.9515625 0.81875 0.9515625 0.90625 0.840625 0.90625
9 0.234375 0.09375 0.315625 0.09375 0.315625 0.1859375 0.234375 0.1859375
9 0.3578125 0.1953125 0.4328125 0.1953125 0.4328125 0.2765625 0.3578125 0.2765625
9 0.859375 0.3375 0.959375 0.3375 0.959375 0.415625 0.859375 0.415625
9 0.334375 0.5375 0.409375 0.5375 0.409375 0.609375 0.334375 0.609375
9 0.1171875 0.8734375 0.2140625 0.8734375 0.2140625 0.96875 0.1171875 0.96875
8 0.646875 0.3265625 0.7578125 0.3265625 0.7578125 0.421875 0.646875 0.421875
8 0.453125 0.096875 0.5453125 0.096875 0.5453125 0.2078125 0.453125 0.2078125
8 0.3296875 0.734375 0.421875 0.734375 0.421875 0.865625 0.3296875 0.865625
2 0.5484375 0.10625 0.6625 0.10625 0.6625 0.2140625 0.5484375 0.2140625
2 0.4375 0.31875 0.55 0.31875 0.55 0.4125 0.4375 0.4125
2 0.540625 0.5171875 0.6515625 0.5171875 0.6515625 0.6171875 0.540625 0.6171875
2 0.21875 0.3140625 0.3296875 0.3140625 0.3296875 0.4125 0.21875 0.4125
5 0.1234375 0.5359375 0.228125 0.5359375 0.228125 0.628125 0.1234375 0.628125
5 0.640625 0.63125 0.7484375 0.63125 0.7484375 0.734375 0.640625 0.734375
4 0.6421875 0.828125 0.7890625 0.828125 0.7890625 0.975 0.6421875 0.975