11 0.578125 0.578125 0.6453125 0.578125 0.6453125 0.65 0.578125 0.65
11 0.3140625 0.59375 0.3890625 0.59375 0.3890625 0.6734375 0.3140625 0.6734375
11 0.3171875 0.415625 0.39375 0.415625 0.39375 0.4859375 0.3171875 0.4859375
11 0.5 0.4171875 0.559375 0.4171875 0.559375 0.4828125 0.5 0.4828125
10 0.3890625 0.215625 0.4734375 0.215625 0.4734375 0.3078125 0.3890625 0.3078125
10 0.2703125 0.20625 0.3671875 0.20625 0.3671875 0.303125 0.2703125 0.303125
10 0.059375 0.2171875 0.18125 0.2171875 0.18125 0.3140625 0.059375 0.3140625
9 0.484375 0.23125 0.5421875 0.23125 0.5421875 0.29375 0.484375 0.29375
9 0.671875 0.653125 0.734375 0.653125 0.734375 0.715625 0.671875 0.715625
9 0.59375 0.6765625 0.65625 0.6765625 0.65625 0.7359375 0.59375 0.7359375
8 0.75 0.28125 0.84375 0.28125 0.84375 0.365625 0.75 0.365625
8 0.56875 0.3171875 0.65 0.3171875 0.65 0.384375 0.56875 0.384375
8 0.2234375 0.4296875 0.2953125 0.4296875 0.2953125 0.4921875 0.2234375 0.4921875
8 0.109375 0.4203125 0.1984375 0.4203125 0.1984375 0.490625 0.109375 0.490625
8 0.171875 0.1328125 0.2703125 0.1328125 0.2703125 0.2296875 0.171875 0.2296875
8 0.5875 0.4890625 0.6625 0.4890625 0.6625 0.559375 0.5875 0.559375
7 0.6640625 0.08125 0.7609375 0.08125 0.7609375 0.196875 0.6640625 0.196875
7 0.1890625 0.3203125 0.2921875 0.3203125 0.2921875 0.4078125 0.1890625 0.4078125
7 0.0796875 0.328125 0.1984375 0.328125 0.1984375 0.409375 0.0796875 0.409375
6 0.6765625 0.3015625 0.7484375 0.3015625 0.7484375 0.3734375 0.6765625 0.3734375
6 0.7671875 0.390625 0.8546875 0.390625 0.8546875 0.45625 0.7671875 0.45625
6 0.7671875 0.190625 0.8515625 0.190625 0.8515625 0.26875 0.7671875 0.26875
6 0.7625 0.1015625 0.8453125 0.1015625 0.8453125 0.1859375 0.7625 0.1859375
6 0.5859375 0.3984375 0.6609375 0.3984375 0.6609375 0.459375 0.5859375 0.459375
6 0.0703125 0.134375 0.1671875 0.134375 0.1671875 0.2140625 0.0703125 0.2140625
5 0.5625 0.1015625 0.634375 0.1015625 0.634375 0.203125 0.5625 0.203125
5 0.2859375 0.14375 0.3609375 0.14375 0.3609375 0.2234375 0.2859375 0.2234375
5 0.41875 0.4046875 0.484375 0.4046875 0.484375 0.4578125 0.41875 0.4578125
5 0.671875 0.478125 0.74375 0.478125 0.74375 0.55 0.671875 0.55
5 0.11875 0.5125 0.203125 0.5125 0.203125 0.58125 0.11875 0.58125
5 0.10625 0.6046875 0.209375 0.6046875 0.209375 0.68125 0.10625 0.68125
4 0.75625 0.471875 0.8640625 0.471875 0.8640625 0.546875 0.75625 0.546875
4 0.484375 0.5 0.55625 0.5 0.55625 0.571875 0.484375 0.571875
4 0.403125 0.5078125 0.475 0.5078125 0.475 0.578125 0.403125 0.578125
3 0.6890625 0.5828125 0.7515625 0.5828125 0.7515625 0.6453125 0.6890625 0.6453125
3 0.765625 0.56875 0.8375 0.56875 0.8375 0.628125 0.765625 0.628125
3 0.2 0.240625 0.265625 0.240625 0.265625 0.303125 0.2 0.303125
2 0.3921875 0.1171875 0.4671875 0.1171875 0.4671875 0.2015625 0.3921875 0.2015625
2 0.6625 0.4109375 0.740625 0.4109375 0.740625 0.4734375 0.6625 0.4734375
2 0.49375 0.33125 0.559375 0.33125 0.559375 0.390625 0.49375 0.390625
2 0.29375 0.334375 0.371875 0.334375 0.371875 0.4015625 0.29375 0.4015625
1 0.4765625 0.08125 0.5515625 0.08125 0.5515625 0.2 0.4765625 0.2
1 0.2953125 0.509375 0.384375 0.509375 0.384375 0.584375 0.2953125 0.584375
1 0.39375 0.315625 0.48125 0.315625 0.48125 0.39375 0.39375 0.39375
0 0.56875 0.2265625 0.63125 0.2265625 0.63125 0.3015625 0.56875 0.3015625
0 0.6734375 0.20625 0.75625 0.20625 0.75625 0.28125 0.6734375 0.28125
0 0.490625 0.5796875 0.553125 0.5796875 0.553125 0.6421875 0.490625 0.6421875
0 0.4109375 0.590625 0.4703125 0.590625 0.4703125 0.659375 0.4109375 0.659375
0 0.2203125 0.534375 0.296875 0.534375 0.296875 0.6 0.2203125 0.6