5 0.8390625 0.2796875 0.9515625 0.2796875 0.9515625 0.3171875 0.8390625 0.3171875
9 0.1328125 0.328125 0.225 0.328125 0.225 0.3625 0.1328125 0.3625
5 0.6625 0.365625 0.76875 0.365625 0.76875 0.4015625 0.6625 0.4015625
9 0.1515625 0.575 0.25 0.575 0.25 0.60625 0.1515625 0.60625
5 0.375 0.478125 0.475 0.478125 0.475 0.5125 0.375 0.5125
9 0.3640625 0.375 0.446875 0.375 0.446875 0.40625 0.3640625 0.40625
5 0.4578125 0.515625 0.5609375 0.515625 0.5609375 0.55 0.4578125 0.55
9 0.496875 0.565625 0.56875 0.565625 0.56875 0.59375 0.496875 0.59375
5 0.26875 0.5578125 0.3609375 0.5578125 0.3609375 0.6 0.26875 0.6
9 0.8578125 0.3359375 0.9375 0.3359375 0.9375 0.3625 0.8578125 0.3625
5 0.15 0.6140625 0.2453125 0.6140625 0.2453125 0.659375 0.15 0.659375
9 0.765625 0.5203125 0.846875 0.5203125 0.846875 0.54375 0.765625 0.54375
5 0.265625 0.378125 0.3609375 0.378125 0.3609375 0.4140625 0.265625 0.4140625
11 0.678125 0.4625 0.7765625 0.4625 0.7765625 0.49375 0.678125 0.49375
5 0.1671875 0.5265625 0.2609375 0.5265625 0.2609375 0.5671875 0.1671875 0.5671875
11 0.578125 0.571875 0.675 0.571875 0.675 0.6046875 0.578125 0.6046875
11 0.840625 0.3765625 0.95 0.3765625 0.95 0.4078125 0.840625 0.4078125
11 0.8515625 0.59375 0.95625 0.59375 0.95625 0.63125 0.8515625 0.63125
7 0.3578125 0.4265625 0.4828125 0.4265625 0.4828125 0.4671875 0.3578125 0.4671875
11 0.575 0.5703125 0.68125 0.5703125 0.68125 0.6078125 0.575 0.6078125
1 0.371875 0.5671875 0.496875 0.5671875 0.496875 0.6078125 0.371875 0.6078125
11 0.1234375 0.3625 0.2109375 0.3625 0.2109375 0.4015625 0.1234375 0.4015625
4 0.4734375 0.465625 0.5875 0.465625 0.5875 0.503125 0.4734375 0.503125
10 0.8421875 0.5453125 0.9890625 0.5453125 0.9890625 0.5859375 0.8421875 0.5859375
4 0.5796875 0.465625 0.703125 0.465625 0.703125 0.5 0.5796875 0.5
10 0.73125 0.31875 0.875 0.31875 0.875 0.359375 0.73125 0.359375
1 0.559375 0.51875 0.6796875 0.51875 0.6796875 0.55625 0.559375 0.55625
1 0.66875 0.521875 0.796875 0.521875 0.796875 0.5578125 0.66875 0.5578125
0 0.7671875 0.6078125 0.86875 0.6078125 0.86875 0.640625 0.7671875 0.640625
9 0.4875 0.5640625 0.5703125 0.5640625 0.5703125 0.596875 0.4875 0.596875
0 0.68125 0.565625 0.78125 0.565625 0.78125 0.596875 0.68125 0.596875
9 0.36875 0.375 0.446875 0.375 0.446875 0.4078125 0.36875 0.4078125
0 0.565625 0.6171875 0.65625 0.6171875 0.65625 0.6515625 0.565625 0.6515625
8 0.4890625 0.615625 0.5796875 0.615625 0.5796875 0.65625 0.4890625 0.65625
9 0.66875 0.2796875 0.7578125 0.2796875 0.7578125 0.315625 0.66875 0.315625
9 0.64375 0.4203125 0.725 0.4203125 0.725 0.4515625 0.64375 0.4515625
8 0.246875 0.4640625 0.3421875 0.4640625 0.3421875 0.50625 0.246875 0.50625
0 0.265625 0.6296875 0.3484375 0.6296875 0.3484375 0.6671875 0.265625 0.6671875
8 0.5625 0.3203125 0.671875 0.3203125 0.671875 0.359375 0.5625 0.359375
8 0.76875 0.2796875 0.8890625 0.2796875 0.8890625 0.3203125 0.76875 0.3203125
8 0.55625 0.415625 0.671875 0.415625 0.671875 0.453125 0.55625 0.453125
7 0.3640625 0.309375 0.4921875 0.309375 0.4921875 0.3578125 0.3640625 0.3578125
6 0.359375 0.259375 0.459375 0.259375 0.459375 0.3 0.359375 0.3
6 0.85625 0.4671875 0.9765625 0.4671875 0.9765625 0.4984375 0.85625 0.4984375
6 0.84375 0.4234375 0.9609375 0.4234375 0.9609375 0.45625 0.84375 0.45625
1 0.375 0.565625 0.4953125 0.565625 0.4953125 0.609375 0.375 0.609375
2 0.74375 0.4234375 0.8578125 0.4234375 0.8578125 0.459375 0.74375 0.459375
7 0.35625 0.3125 0.490625 0.3125 0.490625 0.359375 0.35625 0.359375
2 0.771875 0.471875 0.8765625 0.471875 0.8765625 0.509375 0.771875 0.509375
2 0.7609375 0.5625 0.8671875 0.5625 0.8671875 0.6 0.7609375 0.6
3 0.5765625 0.375 0.6578125 0.375 0.6578125 0.4015625 0.5765625 0.4015625
3 0.478125 0.3234375 0.546875 0.3234375 0.546875 0.3515625 0.478125 0.3515625
0 0.5609375 0.6140625 0.6609375 0.6140625 0.6609375 0.653125 0.5609375 0.653125
0 0.846875 0.5078125 0.959375 0.5078125 0.959375 0.5390625 0.846875 0.5390625
3 0.765625 0.371875 0.8421875 0.371875 0.8421875 0.4 0.765625 0.4
3 0.4703125 0.321875 0.55 0.321875 0.55 0.35625 0.4703125 0.35625
2 0.1140625 0.2609375 0.2109375 0.2609375 0.2109375 0.3 0.1140625 0.3
0 0.1515625 0.4734375 0.2359375 0.4734375 0.2359375 0.5078125 0.1515625 0.5078125
4 0.390625 0.6140625 0.509375 0.6140625 0.509375 0.6625 0.390625 0.6625
10 0.3515625 0.521875 0.4703125 0.521875 0.4703125 0.5609375 0.3515625 0.5609375
6 0.5734375 0.2765625 0.66875 0.2765625 0.66875 0.3125 0.5734375 0.3125