1 0.09375 0.3953125 0.21875 0.3953125 0.21875 0.4578125 0.09375 0.4578125
4 0.775 0.53125 0.88125 0.53125 0.88125 0.5984375 0.775 0.5984375
4 0.7796875 0.6078125 0.8859375 0.6078125 0.8859375 0.6796875 0.7796875 0.6796875
4 0.7765625 0.678125 0.8796875 0.678125 0.8796875 0.7609375 0.7765625 0.7609375
4 0.775 0.7484375 0.89375 0.7484375 0.89375 0.8453125 0.775 0.8453125
6 0.2078125 0.3890625 0.309375 0.3890625 0.309375 0.4421875 0.2078125 0.4421875
6 0.2109375 0.528125 0.3015625 0.528125 0.3015625 0.5875 0.2109375 0.5875
6 0.2078125 0.6640625 0.3046875 0.6640625 0.3046875 0.7265625 0.2078125 0.7265625
6 0.3 0.734375 0.390625 0.734375 0.390625 0.80625 0.3 0.80625
7 0.09375 0.459375 0.221875 0.459375 0.221875 0.51875 0.09375 0.51875
7 0.0875 0.5265625 0.215625 0.5265625 0.215625 0.5921875 0.0875 0.5921875
7 0.08125 0.596875 0.209375 0.596875 0.209375 0.6671875 0.08125 0.6671875
7 0.08125 0.66875 0.2140625 0.66875 0.2140625 0.7484375 0.08125 0.7484375
7 0.0859375 0.7390625 0.2140625 0.7390625 0.2140625 0.8328125 0.0859375 0.8328125
10 0.49375 0.234375 0.5765625 0.234375 0.5765625 0.3140625 0.49375 0.3140625
10 0.59375 0.2234375 0.678125 0.2234375 0.678125 0.3125 0.59375 0.3125
10 0.68125 0.225 0.778125 0.225 0.778125 0.315625 0.68125 0.315625
10 0.78125 0.2265625 0.8921875 0.2265625 0.8921875 0.3140625 0.78125 0.3140625
10 0.78125 0.3046875 0.896875 0.3046875 0.896875 0.3796875 0.78125 0.3796875
10 0.771875 0.3828125 0.8875 0.3828125 0.8875 0.453125 0.771875 0.453125
10 0.778125 0.4625 0.89375 0.4625 0.89375 0.528125 0.778125 0.528125