6 0.478125 0.3375 0.525 0.3375 0.525 0.484375 0.478125 0.484375
6 0.478125 0.4859375 0.5265625 0.4859375 0.5265625 0.6109375 0.478125 0.6109375
9 0.3984375 0.19375 0.4421875 0.19375 0.4421875 0.303125 0.3984375 0.303125
9 0.4 0.353125 0.4390625 0.353125 0.4390625 0.46875 0.4 0.46875
9 0.415625 0.478125 0.45 0.478125 0.45 0.5890625 0.415625 0.5890625
9 0.4234375 0.6 0.4640625 0.6 0.4640625 0.7125 0.4234375 0.7125
9 0.43125 0.7171875 0.4703125 0.7171875 0.4703125 0.83125 0.43125 0.83125
9 0.4921875 0.7125 0.5328125 0.7125 0.5328125 0.8109375 0.4921875 0.8109375
9 0.4765625 0.615625 0.5296875 0.615625 0.5296875 0.709375 0.4765625 0.709375
9 0.471875 0.2265625 0.509375 0.2265625 0.509375 0.3296875 0.471875 0.3296875
3 0.53125 0.2015625 0.571875 0.2015625 0.571875 0.303125 0.53125 0.303125
3 0.6015625 0.1953125 0.6421875 0.1953125 0.6421875 0.296875 0.6015625 0.296875
3 0.609375 0.334375 0.65 0.334375 0.65 0.45 0.609375 0.45
3 0.596875 0.46875 0.6375 0.46875 0.6375 0.5703125 0.596875 0.5703125
3 0.6 0.5890625 0.6375 0.5890625 0.6375 0.7 0.6 0.7
3 0.6015625 0.7046875 0.6359375 0.7046875 0.6359375 0.81875 0.6015625 0.81875
3 0.546875 0.690625 0.5828125 0.690625 0.5828125 0.8125 0.546875 0.8125
3 0.55 0.6125 0.5875 0.6125 0.5875 0.6875 0.55 0.6875
0 0.5453125 0.4765625 0.584375 0.4765625 0.584375 0.6109375 0.5453125 0.6109375
0 0.5375 0.340625 0.58125 0.340625 0.58125 0.475 0.5375 0.475