6 0.171875 0.0765625 0.2671875 0.0765625 0.2671875 0.171875 0.171875 0.171875
6 0.29375 0.0765625 0.384375 0.0765625 0.384375 0.184375 0.29375 0.184375
5 0.4921875 0.0546875 0.5734375 0.0546875 0.5734375 0.1578125 0.4921875 0.1578125
10 0.5953125 0.05625 0.6828125 0.05625 0.6828125 0.1796875 0.5953125 0.1796875
5 0.803125 0.08125 0.903125 0.08125 0.903125 0.1765625 0.803125 0.1765625
0 0.0734375 0.190625 0.184375 0.190625 0.184375 0.271875 0.0734375 0.271875
11 0.2015625 0.1828125 0.2890625 0.1828125 0.2890625 0.271875 0.2015625 0.271875
9 0.321875 0.20625 0.378125 0.20625 0.378125 0.2765625 0.321875 0.2765625
2 0.4125 0.1796875 0.4875 0.1796875 0.4875 0.26875 0.4125 0.26875
9 0.5015625 0.221875 0.5671875 0.221875 0.5671875 0.2859375 0.5015625 0.2859375
5 0.60625 0.1828125 0.6828125 0.1828125 0.6828125 0.265625 0.60625 0.265625
5 0.7078125 0.171875 0.7953125 0.171875 0.7953125 0.2609375 0.7078125 0.2609375
1 0.803125 0.19375 0.93125 0.19375 0.93125 0.303125 0.803125 0.303125
2 0.2046875 0.2859375 0.2890625 0.2859375 0.2890625 0.3609375 0.2046875 0.3609375
4 0.2953125 0.284375 0.3828125 0.284375 0.3828125 0.3765625 0.2953125 0.3765625
1 0.4046875 0.2796875 0.484375 0.2796875 0.484375 0.3703125 0.4046875 0.3703125
3 0.515625 0.2921875 0.5765625 0.2921875 0.5765625 0.3484375 0.515625 0.3484375
1 0.6046875 0.284375 0.7015625 0.284375 0.7015625 0.3734375 0.6046875 0.3734375
11 0.7 0.278125 0.790625 0.278125 0.790625 0.3625 0.7 0.3625
7 0.05625 0.403125 0.1828125 0.403125 0.1828125 0.49375 0.05625 0.49375
8 0.175 0.38125 0.2640625 0.38125 0.2640625 0.459375 0.175 0.459375
10 0.403125 0.3890625 0.4828125 0.3890625 0.4828125 0.465625 0.403125 0.465625
7 0.4890625 0.4 0.578125 0.4 0.578125 0.4796875 0.4890625 0.4796875
8 0.5953125 0.3828125 0.6828125 0.3828125 0.6828125 0.465625 0.5953125 0.465625
4 0.7015625 0.3921875 0.8078125 0.3921875 0.8078125 0.4734375 0.7015625 0.4734375
6 0.8171875 0.3765625 0.903125 0.3765625 0.903125 0.4453125 0.8171875 0.4453125
8 0.1984375 0.484375 0.2875 0.484375 0.2875 0.565625 0.1984375 0.565625
6 0.3 0.484375 0.378125 0.484375 0.378125 0.559375 0.3 0.559375
11 0.40625 0.4953125 0.478125 0.4953125 0.478125 0.5734375 0.40625 0.5734375
0 0.50625 0.4953125 0.565625 0.4953125 0.565625 0.5640625 0.50625 0.5640625
4 0.6796875 0.4890625 0.778125 0.4890625 0.778125 0.5703125 0.6796875 0.5703125
8 0.803125 0.465625 0.8875 0.465625 0.8875 0.540625 0.803125 0.540625
6 0.20625 0.584375 0.2828125 0.584375 0.2828125 0.6578125 0.20625 0.6578125
8 0.3125 0.565625 0.3953125 0.565625 0.3953125 0.6515625 0.3125 0.6515625
5 0.4234375 0.5828125 0.4890625 0.5828125 0.4890625 0.6609375 0.4234375 0.6609375
3 0.5015625 0.56875 0.5515625 0.56875 0.5515625 0.6328125 0.5015625 0.6328125
11 0.609375 0.5859375 0.6890625 0.5859375 0.6890625 0.6703125 0.609375 0.6703125
0 0.7078125 0.5703125 0.7921875 0.5703125 0.7921875 0.653125 0.7078125 0.653125
0 0.1921875 0.675 0.2765625 0.675 0.2765625 0.759375 0.1921875 0.759375
0 0.3234375 0.6609375 0.3984375 0.6609375 0.3984375 0.746875 0.3234375 0.746875
9 0.4171875 0.6671875 0.4921875 0.6671875 0.4921875 0.7359375 0.4171875 0.7359375
7 0.5140625 0.6609375 0.6046875 0.6609375 0.6046875 0.775 0.5140625 0.775
3 0.6984375 0.6625 0.7640625 0.6625 0.7640625 0.7328125 0.6984375 0.7328125
6 0.7953125 0.66875 0.8984375 0.66875 0.8984375 0.759375 0.7953125 0.759375
8 0.1953125 0.75625 0.290625 0.75625 0.290625 0.859375 0.1953125 0.859375
5 0.3171875 0.7640625 0.3953125 0.7640625 0.3953125 0.859375 0.3171875 0.859375
2 0.4890625 0.7640625 0.571875 0.7640625 0.571875 0.859375 0.4890625 0.859375
2 0.684375 0.7515625 0.7734375 0.7515625 0.7734375 0.8484375 0.684375 0.8484375
10 0.784375 0.7421875 0.903125 0.7421875 0.903125 0.8671875 0.784375 0.8671875