9 0.8109375 0.340625 0.8984375 0.340625 0.8984375 0.3703125 0.8109375 0.3703125
9 0.8234375 0.4921875 0.9109375 0.4921875 0.9109375 0.5171875 0.8234375 0.5171875
9 0.71875 0.45625 0.8 0.45625 0.8 0.484375 0.71875 0.484375
9 0.509375 0.534375 0.5875 0.534375 0.5875 0.559375 0.509375 0.559375
9 0.5328125 0.6359375 0.615625 0.6359375 0.615625 0.6671875 0.5328125 0.6671875
9 0.2171875 0.38125 0.296875 0.38125 0.296875 0.409375 0.2171875 0.409375
9 0.4203125 0.2953125 0.503125 0.2953125 0.503125 0.325 0.4203125 0.325
10 0.6125 0.34375 0.753125 0.34375 0.753125 0.3875 0.6125 0.3875
10 0.621875 0.4875 0.759375 0.4875 0.759375 0.5265625 0.621875 0.5265625
10 0.0921875 0.584375 0.2109375 0.584375 0.2109375 0.63125 0.0921875 0.63125
7 0.3328125 0.5828125 0.4609375 0.5828125 0.4609375 0.6265625 0.3328125 0.6265625
7 0.215625 0.578125 0.3375 0.578125 0.3375 0.6265625 0.215625 0.6265625
7 0.7 0.53125 0.8390625 0.53125 0.8390625 0.5703125 0.7 0.5703125
0 0.7234375 0.35 0.8296875 0.35 0.8296875 0.38125 0.7234375 0.38125
0 0.721875 0.4828125 0.828125 0.4828125 0.828125 0.5140625 0.721875 0.5140625
0 0.6375 0.2875 0.75 0.2875 0.75 0.3234375 0.6375 0.3234375
0 0.3140625 0.334375 0.4109375 0.334375 0.4109375 0.371875 0.3140625 0.371875
0 0.328125 0.54375 0.41875 0.54375 0.41875 0.578125 0.328125 0.578125
0 0.425 0.496875 0.525 0.496875 0.525 0.53125 0.425 0.53125
5 0.40625 0.628125 0.509375 0.628125 0.509375 0.6671875 0.40625 0.6671875
5 0.0890625 0.546875 0.1859375 0.546875 0.1859375 0.5859375 0.0890625 0.5859375
5 0.2078125 0.434375 0.30625 0.434375 0.30625 0.471875 0.2078125 0.471875
5 0.2 0.325 0.296875 0.325 0.296875 0.3625 0.2 0.3625
5 0.090625 0.38125 0.1875 0.38125 0.1875 0.421875 0.090625 0.421875
5 0.61875 0.3875 0.725 0.3875 0.725 0.421875 0.61875 0.421875
5 0.421875 0.3828125 0.525 0.3828125 0.525 0.421875 0.421875 0.421875
1 0.703125 0.396875 0.8453125 0.396875 0.8453125 0.434375 0.703125 0.434375
1 0.61875 0.4375 0.753125 0.4375 0.753125 0.478125 0.61875 0.478125
1 0.4265625 0.5359375 0.55625 0.5359375 0.55625 0.575 0.4265625 0.575
5 0.6015625 0.634375 0.7046875 0.634375 0.7046875 0.675 0.6015625 0.675
4 0.7953125 0.4296875 0.9421875 0.4296875 0.9421875 0.46875 0.7953125 0.46875
4 0.3125 0.3921875 0.4375 0.3921875 0.4375 0.4328125 0.3125 0.4328125
4 0.2140625 0.2671875 0.334375 0.2671875 0.334375 0.3203125 0.2140625 0.3203125
8 0.8078125 0.39375 0.9046875 0.39375 0.9046875 0.43125 0.8078125 0.43125
8 0.6109375 0.5375 0.725 0.5375 0.725 0.571875 0.6109375 0.571875
8 0.515625 0.5765625 0.6265625 0.5765625 0.6265625 0.615625 0.515625 0.615625
8 0.309375 0.484375 0.409375 0.484375 0.409375 0.5234375 0.309375 0.5234375
8 0.5171875 0.340625 0.63125 0.340625 0.63125 0.38125 0.5171875 0.38125
8 0.1 0.321875 0.203125 0.321875 0.203125 0.3625 0.1 0.3625
11 0.5171875 0.29375 0.6234375 0.29375 0.6234375 0.33125 0.5171875 0.33125
11 0.525 0.440625 0.634375 0.440625 0.634375 0.475 0.525 0.475
11 0.53125 0.4828125 0.634375 0.4828125 0.634375 0.5171875 0.53125 0.5171875
11 0.115625 0.4890625 0.2140625 0.4890625 0.2140625 0.525 0.115625 0.525
11 0.334375 0.275 0.4375 0.275 0.4375 0.31875 0.334375 0.31875
11 0.59375 0.571875 0.696875 0.571875 0.696875 0.6125 0.59375 0.6125
2 0.2203125 0.540625 0.3265625 0.540625 0.3265625 0.5796875 0.2203125 0.5796875
2 0.41875 0.58125 0.515625 0.58125 0.515625 0.61875 0.41875 0.61875
2 0.40625 0.440625 0.51875 0.440625 0.51875 0.4796875 0.40625 0.4796875
2 0.5203125 0.4 0.61875 0.4 0.61875 0.434375 0.5203125 0.434375
6 0.321875 0.440625 0.41875 0.440625 0.41875 0.475 0.321875 0.475
6 0.0828125 0.4421875 0.1703125 0.4421875 0.1703125 0.478125 0.0828125 0.478125
6 0.221875 0.490625 0.309375 0.490625 0.309375 0.5265625 0.221875 0.5265625
6 0.0984375 0.6421875 0.1875 0.6421875 0.1875 0.6828125 0.0984375 0.6828125
6 0.215625 0.6453125 0.303125 0.6453125 0.303125 0.684375 0.215625 0.684375
6 0.3421875 0.6328125 0.4359375 0.6328125 0.4359375 0.671875 0.3421875 0.671875