10 0.55625 0.4484375 0.61875 0.4484375 0.61875 0.5078125 0.55625 0.5078125
11 0.396875 0.2625 0.496875 0.2625 0.496875 0.3125 0.396875 0.3125
0 0.746875 0.209375 0.821875 0.209375 0.821875 0.2671875 0.746875 0.2671875
5 0.75 0.3328125 0.834375 0.3328125 0.834375 0.3859375 0.75 0.3859375
5 0.284375 0.5984375 0.38125 0.5984375 0.38125 0.6515625 0.284375 0.6515625
5 0.265625 0.453125 0.375 0.453125 0.375 0.51875 0.265625 0.51875
6 0.2625 0.3203125 0.3734375 0.3203125 0.3734375 0.3828125 0.2625 0.3828125
6 0.265625 0.4 0.36875 0.4 0.36875 0.446875 0.265625 0.446875
8 0.278125 0.528125 0.3734375 0.528125 0.3734375 0.584375 0.278125 0.584375
8 0.534375 0.33125 0.6125 0.33125 0.6125 0.38125 0.534375 0.38125
11 0.7546875 0.4578125 0.8359375 0.4578125 0.8359375 0.503125 0.7546875 0.503125
1 0.5390625 0.3890625 0.6140625 0.3890625 0.6140625 0.4421875 0.5390625 0.4421875
7 0.409375 0.3890625 0.503125 0.3890625 0.503125 0.446875 0.409375 0.446875
5 0.5421875 0.521875 0.6109375 0.521875 0.6109375 0.565625 0.5421875 0.565625
0 0.4 0.325 0.4875 0.325 0.4875 0.375 0.4 0.375
4 0.4 0.459375 0.4875 0.459375 0.4875 0.5125 0.4 0.5125