10 0.1671875 0.7703125 0.29375 0.7703125 0.29375 0.9640625 0.1671875 0.9640625
10 0.3125 0.2328125 0.396875 0.2328125 0.396875 0.4484375 0.3125 0.4484375
7 0.1828125 0.2328125 0.2890625 0.2328125 0.2890625 0.4640625 0.1828125 0.4640625
7 0.521875 0.746875 0.6140625 0.746875 0.6140625 0.940625 0.521875 0.940625
1 0.3328125 0.7890625 0.4109375 0.7890625 0.4109375 0.9703125 0.3328125 0.9703125
1 0.4484375 0.721875 0.5203125 0.721875 0.5203125 0.890625 0.4484375 0.890625
1 0.4125 0.05625 0.4859375 0.05625 0.4859375 0.309375 0.4125 0.309375
4 0.440625 0.515625 0.515625 0.515625 0.515625 0.7 0.440625 0.7
4 0.525 0.5078125 0.628125 0.5078125 0.628125 0.7015625 0.525 0.7015625
10 0.3125 0.540625 0.40625 0.540625 0.40625 0.740625 0.3125 0.740625
4 0.1828125 0.56875 0.2984375 0.56875 0.2984375 0.7546875 0.1828125 0.7546875
7 0.50625 0.2390625 0.609375 0.2390625 0.609375 0.459375 0.50625 0.459375