9 0.2 0.165625 0.2453125 0.165625 0.2453125 0.253125 0.2 0.253125
9 0.259375 0.15 0.3015625 0.15 0.3015625 0.2609375 0.259375 0.2609375
9 0.325 0.159375 0.359375 0.159375 0.359375 0.2609375 0.325 0.2609375
9 0.5703125 0.14375 0.6046875 0.14375 0.6046875 0.25625 0.5703125 0.25625
9 0.2484375 0.3890625 0.2953125 0.3890625 0.2953125 0.5046875 0.2484375 0.5046875
3 0.4375 0.38125 0.4796875 0.38125 0.4796875 0.4859375 0.4375 0.4859375
3 0.3109375 0.403125 0.35625 0.403125 0.35625 0.503125 0.3109375 0.503125
0 0.3703125 0.390625 0.409375 0.390625 0.409375 0.5078125 0.3703125 0.5078125
0 0.378125 0.28125 0.4234375 0.28125 0.4234375 0.384375 0.378125 0.384375
1 0.36875 0.0953125 0.41875 0.0953125 0.41875 0.2734375 0.36875 0.2734375
4 0.434375 0.09375 0.475 0.09375 0.475 0.265625 0.434375 0.265625
5 0.2359375 0.259375 0.29375 0.259375 0.29375 0.371875 0.2359375 0.371875
5 0.4375 0.25625 0.484375 0.25625 0.484375 0.38125 0.4375 0.38125
5 0.5578125 0.2625 0.6078125 0.2625 0.6078125 0.3859375 0.5578125 0.3859375
6 0.184375 0.234375 0.23125 0.234375 0.23125 0.378125 0.184375 0.378125
6 0.171875 0.3734375 0.2328125 0.3734375 0.2328125 0.496875 0.171875 0.496875
7 0.4890625 0.084375 0.5421875 0.084375 0.5421875 0.246875 0.4890625 0.246875
8 0.490625 0.259375 0.54375 0.259375 0.54375 0.38125 0.490625 0.38125
8 0.4984375 0.3765625 0.5515625 0.3765625 0.5515625 0.5109375 0.4984375 0.5109375
10 0.6171875 0.215625 0.6640625 0.215625 0.6640625 0.39375 0.6171875 0.39375