4 0.434375 0.715625 0.503125 0.715625 0.503125 0.8359375 0.434375 0.8359375
0 0.5875 0.05 0.6484375 0.05 0.6484375 0.16875 0.5875 0.16875
0 0.6671875 0.0671875 0.7390625 0.0671875 0.7390625 0.171875 0.6671875 0.171875
1 0.3421875 0.6078125 0.425 0.6078125 0.425 0.734375 0.3421875 0.734375
1 0.2625 0.5140625 0.359375 0.5140625 0.359375 0.6015625 0.2625 0.6015625
1 0.0796875 0.2859375 0.196875 0.2859375 0.196875 0.4 0.0796875 0.4
1 0.528125 0.8203125 0.6015625 0.8203125 0.6015625 0.965625 0.528125 0.965625
2 0.6625 0.50625 0.7390625 0.50625 0.7390625 0.596875 0.6625 0.596875
2 0.6609375 0.39375 0.7421875 0.39375 0.7421875 0.484375 0.6609375 0.484375
2 0.665625 0.2875 0.740625 0.2875 0.740625 0.3703125 0.665625 0.3703125
2 0.6734375 0.1828125 0.7421875 0.1828125 0.7421875 0.2734375 0.6734375 0.2734375
3 0.5859375 0.41875 0.6390625 0.41875 0.6390625 0.4953125 0.5859375 0.4953125
3 0.515625 0.4125 0.56875 0.4125 0.56875 0.4859375 0.515625 0.4859375
3 0.434375 0.41875 0.490625 0.41875 0.490625 0.49375 0.434375 0.49375
3 0.359375 0.4203125 0.4171875 0.4203125 0.4171875 0.4921875 0.359375 0.4921875
3 0.2765625 0.4046875 0.3453125 0.4046875 0.3453125 0.4921875 0.2765625 0.4921875
3 0.203125 0.4109375 0.265625 0.4109375 0.265625 0.490625 0.203125 0.490625
3 0.1203125 0.41875 0.1921875 0.41875 0.1921875 0.4890625 0.1203125 0.4890625
5 0.6703125 0.7140625 0.74375 0.7140625 0.74375 0.8140625 0.6703125 0.8140625
5 0.66875 0.6265625 0.7453125 0.6265625 0.7453125 0.709375 0.66875 0.709375