6 0.6125 0.334375 0.6765625 0.334375 0.6765625 0.425 0.6125 0.425
6 0.68125 0.6046875 0.753125 0.6046875 0.753125 0.6734375 0.68125 0.6734375
6 0.6875 0.7890625 0.76875 0.7890625 0.76875 0.8828125 0.6875 0.8828125
6 0.3171875 0.2359375 0.3875 0.2359375 0.3875 0.3296875 0.3171875 0.3296875
4 0.534375 0.7796875 0.603125 0.7796875 0.603125 0.903125 0.534375 0.903125
4 0.4734375 0.5109375 0.5359375 0.5109375 0.5359375 0.590625 0.4734375 0.590625
4 0.321875 0.775 0.4015625 0.775 0.4015625 0.89375 0.321875 0.89375
4 0.2375 0.7734375 0.325 0.7734375 0.325 0.8953125 0.2375 0.8953125
7 0.6796875 0.515625 0.7625 0.515625 0.7625 0.6015625 0.6796875 0.6015625
7 0.6125 0.10625 0.68125 0.10625 0.68125 0.215625 0.6125 0.215625
7 0.54375 0.10625 0.6078125 0.10625 0.6078125 0.2203125 0.54375 0.2203125
7 0.5421875 0.4125 0.6046875 0.4125 0.6046875 0.4984375 0.5421875 0.4984375
7 0.403125 0.603125 0.4671875 0.603125 0.4671875 0.6859375 0.403125 0.6859375
1 0.3984375 0.78125 0.46875 0.78125 0.46875 0.91875 0.3984375 0.91875
10 0.696875 0.084375 0.7640625 0.084375 0.7640625 0.2203125 0.696875 0.2203125
10 0.4765625 0.103125 0.5375 0.103125 0.5375 0.2171875 0.4765625 0.2171875
10 0.159375 0.5046875 0.259375 0.5046875 0.259375 0.5921875 0.159375 0.5921875
10 0.4734375 0.771875 0.5359375 0.771875 0.5359375 0.915625 0.4734375 0.915625
10 0.60625 0.79375 0.684375 0.79375 0.684375 0.903125 0.60625 0.903125
10 0.16875 0.7640625 0.265625 0.7640625 0.265625 0.89375 0.16875 0.89375
10 0.315625 0.690625 0.40625 0.690625 0.40625 0.7953125 0.315625 0.7953125
9 0.6921875 0.2375 0.753125 0.2375 0.753125 0.321875 0.6921875 0.321875
9 0.696875 0.3421875 0.759375 0.3421875 0.759375 0.415625 0.696875 0.415625
9 0.6984375 0.6984375 0.75625 0.6984375 0.75625 0.7609375 0.6984375 0.7609375
9 0.621875 0.225 0.66875 0.225 0.66875 0.3109375 0.621875 0.3109375
9 0.5453125 0.2484375 0.6015625 0.2484375 0.6015625 0.3109375 0.5453125 0.3109375
9 0.4109375 0.2390625 0.4671875 0.2390625 0.4671875 0.315625 0.4109375 0.315625
9 0.1859375 0.240625 0.2484375 0.240625 0.2484375 0.31875 0.1859375 0.31875
9 0.1859375 0.321875 0.2546875 0.321875 0.2546875 0.3875 0.1859375 0.3875
9 0.1875 0.4203125 0.253125 0.4203125 0.253125 0.48125 0.1875 0.48125
9 0.190625 0.6140625 0.259375 0.6140625 0.259375 0.6890625 0.190625 0.6890625
9 0.2046875 0.7046875 0.259375 0.7046875 0.259375 0.78125 0.2046875 0.78125