9 0.8265625 0.1140625 0.9015625 0.1140625 0.9015625 0.1859375 0.8265625 0.1859375
9 0.7375 0.1171875 0.80625 0.1171875 0.80625 0.1890625 0.7375 0.1890625
9 0.73125 0.325 0.803125 0.325 0.803125 0.384375 0.73125 0.384375
9 0.6375 0.228125 0.696875 0.228125 0.696875 0.290625 0.6375 0.290625
9 0.834375 0.6953125 0.909375 0.6953125 0.909375 0.765625 0.834375 0.765625
9 0.83125 0.796875 0.90625 0.796875 0.90625 0.86875 0.83125 0.86875
9 0.528125 0.7859375 0.584375 0.7859375 0.584375 0.8625 0.528125 0.8625
9 0.4390625 0.7703125 0.4953125 0.7703125 0.4953125 0.8453125 0.4390625 0.8453125
9 0.3703125 0.5984375 0.4296875 0.5984375 0.4296875 0.6609375 0.3703125 0.6609375
9 0.253125 0.78125 0.31875 0.78125 0.31875 0.85625 0.253125 0.85625
9 0.1609375 0.796875 0.2328125 0.796875 0.2328125 0.871875 0.1609375 0.871875
9 0.125 0.4296875 0.20625 0.4296875 0.20625 0.490625 0.125 0.490625
9 0.125 0.1171875 0.2046875 0.1171875 0.2046875 0.1890625 0.125 0.1890625
9 0.353125 0.1125 0.41875 0.1125 0.41875 0.1875 0.353125 0.1875
9 0.3265625 0.2125 0.3890625 0.2125 0.3890625 0.2796875 0.3265625 0.2796875
3 0.825 0.228125 0.90625 0.228125 0.90625 0.290625 0.825 0.290625
3 0.815625 0.3125 0.890625 0.3125 0.890625 0.371875 0.815625 0.371875
3 0.834375 0.4140625 0.90625 0.4140625 0.90625 0.4703125 0.834375 0.4703125
3 0.821875 0.50625 0.896875 0.50625 0.896875 0.565625 0.821875 0.565625
3 0.725 0.3984375 0.7921875 0.3984375 0.7921875 0.459375 0.725 0.459375
3 0.721875 0.6828125 0.7875 0.6828125 0.7875 0.7484375 0.721875 0.7484375
3 0.434375 0.2453125 0.490625 0.2453125 0.490625 0.303125 0.434375 0.303125
3 0.4390625 0.6921875 0.4953125 0.6921875 0.4953125 0.759375 0.4390625 0.759375
3 0.371875 0.784375 0.4265625 0.784375 0.4265625 0.8625 0.371875 0.8625
3 0.24375 0.5046875 0.309375 0.5046875 0.309375 0.5609375 0.24375 0.5609375
3 0.153125 0.603125 0.228125 0.603125 0.228125 0.665625 0.153125 0.665625
3 0.25 0.684375 0.315625 0.684375 0.315625 0.75 0.25 0.75
3 0.1375 0.2125 0.215625 0.2125 0.215625 0.278125 0.1375 0.278125
3 0.1359375 0.325 0.2078125 0.325 0.2078125 0.384375 0.1359375 0.384375
6 0.8328125 0.5921875 0.925 0.5921875 0.925 0.6671875 0.8328125 0.6671875
6 0.6296875 0.0984375 0.7046875 0.0984375 0.7046875 0.190625 0.6296875 0.190625
6 0.5421875 0.6828125 0.609375 0.6828125 0.609375 0.7671875 0.5421875 0.7671875
6 0.340625 0.321875 0.409375 0.321875 0.409375 0.3890625 0.340625 0.3890625
6 0.23125 0.4265625 0.3125 0.4265625 0.3125 0.4890625 0.23125 0.4890625
6 0.334375 0.68125 0.403125 0.68125 0.403125 0.76875 0.334375 0.76875
4 0.709375 0.490625 0.81875 0.490625 0.81875 0.56875 0.709375 0.56875
4 0.5359375 0.509375 0.6125 0.509375 0.6125 0.59375 0.5359375 0.59375
4 0.1078125 0.684375 0.228125 0.684375 0.228125 0.7984375 0.1078125 0.7984375
1 0.728125 0.596875 0.8421875 0.596875 0.8421875 0.696875 0.728125 0.696875
1 0.425 0.078125 0.5046875 0.078125 0.5046875 0.2 0.425 0.2
1 0.4203125 0.496875 0.4953125 0.496875 0.4953125 0.578125 0.4203125 0.578125
5 0.7265625 0.78125 0.8109375 0.78125 0.8109375 0.878125 0.7265625 0.878125
5 0.6328125 0.784375 0.7078125 0.784375 0.7078125 0.8828125 0.6328125 0.8828125
5 0.63125 0.31875 0.7078125 0.31875 0.7078125 0.390625 0.63125 0.390625
5 0.2625 0.5984375 0.340625 0.5984375 0.340625 0.675 0.2625 0.675
5 0.1234375 0.528125 0.2171875 0.528125 0.2171875 0.603125 0.1234375 0.603125
5 0.2140625 0.31875 0.3 0.31875 0.3 0.390625 0.2140625 0.390625
0 0.6265625 0.403125 0.6984375 0.403125 0.6984375 0.465625 0.6265625 0.465625
0 0.634375 0.51875 0.70625 0.51875 0.70625 0.584375 0.634375 0.584375
0 0.540625 0.434375 0.6015625 0.434375 0.6015625 0.4953125 0.540625 0.4953125
0 0.20625 0.1921875 0.290625 0.1921875 0.290625 0.26875 0.20625 0.26875
0 0.328125 0.41875 0.3984375 0.41875 0.3984375 0.48125 0.328125 0.48125
11 0.5265625 0.215625 0.59375 0.215625 0.59375 0.296875 0.5265625 0.296875
11 0.4421875 0.33125 0.509375 0.33125 0.509375 0.4 0.4421875 0.4
7 0.515625 0.296875 0.5921875 0.296875 0.5921875 0.384375 0.515625 0.384375
7 0.440625 0.41875 0.51875 0.41875 0.51875 0.5 0.440625 0.5
7 0.6328125 0.58125 0.7296875 0.58125 0.7296875 0.678125 0.6328125 0.678125
10 0.45 0.5921875 0.53125 0.5921875 0.53125 0.69375 0.45 0.69375
10 0.328125 0.496875 0.415625 0.496875 0.415625 0.578125 0.328125 0.578125
10 0.2125 0.084375 0.31875 0.084375 0.31875 0.196875 0.2125 0.196875