0 0.76875 0.3859375 0.828125 0.3859375 0.828125 0.6046875 0.76875 0.6046875
6 0.2171875 0.4140625 0.275 0.4140625 0.275 0.6375 0.2171875 0.6375
2 0.61875 0.4140625 0.675 0.4140625 0.675 0.6171875 0.61875 0.6171875
8 0.396875 0.428125 0.45 0.428125 0.45 0.63125 0.396875 0.63125
5 0.7140625 0.428125 0.771875 0.428125 0.771875 0.615625 0.7140625 0.615625
11 0.309375 0.4453125 0.3640625 0.4453125 0.3640625 0.6375 0.309375 0.6375
9 0.459375 0.475 0.5015625 0.475 0.5015625 0.63125 0.459375 0.63125
3 0.54375 0.465625 0.5859375 0.465625 0.5859375 0.6328125 0.54375 0.6328125
7 0.26875 0.03125 0.321875 0.03125 0.321875 0.28125 0.26875 0.28125
1 0.69375 0.015625 0.7484375 0.015625 0.7484375 0.265625 0.69375 0.265625
4 0.628125 0.04375 0.6796875 0.04375 0.6796875 0.2734375 0.628125 0.2734375
10 0.3390625 0.0625 0.3875 0.0625 0.3875 0.2859375 0.3390625 0.2859375