3 0.8 0.8171875 0.8828125 0.8171875 0.8828125 0.915625 0.8 0.915625
3 0.396875 0.846875 0.453125 0.846875 0.453125 0.940625 0.396875 0.940625
3 0.3078125 0.715625 0.3734375 0.715625 0.3734375 0.8078125 0.3078125 0.8078125
3 0.2265625 0.8125 0.2984375 0.8125 0.2984375 0.915625 0.2265625 0.915625
3 0.4015625 0.615625 0.45 0.615625 0.45 0.684375 0.4015625 0.684375
3 0.546875 0.6 0.5953125 0.6 0.5953125 0.671875 0.546875 0.671875
3 0.621875 0.4890625 0.6828125 0.4890625 0.6828125 0.5734375 0.621875 0.5734375
3 0.55 0.390625 0.603125 0.390625 0.603125 0.465625 0.55 0.465625
3 0.7015625 0.396875 0.7765625 0.396875 0.7765625 0.471875 0.7015625 0.471875
3 0.715625 0.1640625 0.7703125 0.1640625 0.7703125 0.2515625 0.715625 0.2515625
3 0.459375 0.16875 0.5125 0.16875 0.5125 0.253125 0.459375 0.253125
3 0.3875 0.08125 0.44375 0.08125 0.44375 0.178125 0.3875 0.178125
3 0.390625 0.290625 0.4421875 0.290625 0.4421875 0.375 0.390625 0.375
3 0.31875 0.2921875 0.3765625 0.2921875 0.3765625 0.378125 0.31875 0.378125
3 0.403125 0.39375 0.45625 0.39375 0.45625 0.465625 0.403125 0.465625
4 0.28125 0.49375 0.36875 0.49375 0.36875 0.578125 0.28125 0.578125
8 0.3796875 0.490625 0.4546875 0.490625 0.4546875 0.584375 0.3796875 0.584375
8 0.6109375 0.265625 0.69375 0.265625 0.69375 0.36875 0.6109375 0.36875
2 0.459375 0.2984375 0.528125 0.2984375 0.528125 0.3828125 0.459375 0.3828125
2 0.478125 0.4890625 0.5390625 0.4890625 0.5390625 0.5921875 0.478125 0.5921875
2 0.559375 0.7046875 0.63125 0.7046875 0.63125 0.81875 0.559375 0.81875
2 0.70625 0.4984375 0.790625 0.4984375 0.790625 0.5859375 0.70625 0.5859375
5 0.209375 0.490625 0.284375 0.490625 0.284375 0.575 0.209375 0.575
5 0.46875 0.709375 0.528125 0.709375 0.528125 0.8125 0.46875 0.8125