5 0.24375 0.303125 0.328125 0.303125 0.328125 0.39375 0.24375 0.39375
5 0.64375 0.2765625 0.71875 0.2765625 0.71875 0.365625 0.64375 0.365625
0 0.65625 0.59375 0.721875 0.59375 0.721875 0.684375 0.65625 0.684375
0 0.3359375 0.615625 0.4109375 0.615625 0.4109375 0.7 0.3359375 0.7
1 0.3890625 0.05 0.4640625 0.05 0.4640625 0.184375 0.3890625 0.184375
1 0.309375 0.1875 0.4015625 0.1875 0.4015625 0.30625 0.309375 0.30625
1 0.484375 0.03125 0.5609375 0.03125 0.5609375 0.165625 0.484375 0.165625
1 0.5609375 0.1578125 0.63125 0.1578125 0.63125 0.2859375 0.5609375 0.2859375
2 0.7078125 0.4875 0.784375 0.4875 0.784375 0.58125 0.7078125 0.58125
2 0.715625 0.3921875 0.7796875 0.3921875 0.7796875 0.475 0.715625 0.475
2 0.2515625 0.503125 0.3359375 0.503125 0.3359375 0.590625 0.2515625 0.590625
2 0.24375 0.40625 0.3265625 0.40625 0.3265625 0.49375 0.24375 0.49375
3 0.56875 0.6984375 0.628125 0.6984375 0.628125 0.7828125 0.56875 0.7828125
3 0.41875 0.703125 0.484375 0.703125 0.484375 0.7875 0.41875 0.7875
3 0.41875 0.503125 0.471875 0.503125 0.471875 0.59375 0.41875 0.59375
3 0.5671875 0.503125 0.6203125 0.503125 0.6203125 0.575 0.5671875 0.575
3 0.478125 0.396875 0.5484375 0.396875 0.5484375 0.475 0.478125 0.475
3 0.421875 0.321875 0.471875 0.321875 0.471875 0.39375 0.421875 0.39375
3 0.5625 0.3125 0.625 0.3125 0.625 0.378125 0.5625 0.378125
4 0.48125 0.8 0.5578125 0.8 0.5578125 0.946875 0.48125 0.946875