3 0.53125 0.303125 0.6 0.303125 0.6 0.35625 0.53125 0.35625
3 0.309375 0.296875 0.378125 0.296875 0.378125 0.3515625 0.309375 0.3515625
3 0.6453125 0.2953125 0.7171875 0.2953125 0.7171875 0.353125 0.6453125 0.353125
3 0.8453125 0.4734375 0.9265625 0.4734375 0.9265625 0.51875 0.8453125 0.51875
3 0.7421875 0.7078125 0.821875 0.7078125 0.821875 0.7640625 0.7421875 0.7640625
3 0.53125 0.7828125 0.6 0.7828125 0.6 0.853125 0.53125 0.853125
3 0.4078125 0.7109375 0.4828125 0.7109375 0.4828125 0.7734375 0.4078125 0.7734375
1 0.615625 0.6140625 0.734375 0.6140625 0.734375 0.703125 0.615625 0.703125
1 0.153125 0.453125 0.278125 0.453125 0.278125 0.5234375 0.153125 0.5234375
1 0.2765625 0.1640625 0.3765625 0.1640625 0.3765625 0.271875 0.2765625 0.271875
1 0.2796875 0.7046875 0.3703125 0.7046875 0.3703125 0.8078125 0.2796875 0.8078125
2 0.7359375 0.2828125 0.83125 0.2828125 0.83125 0.3609375 0.7359375 0.3609375
2 0.7359375 0.775 0.853125 0.775 0.853125 0.8609375 0.7359375 0.8609375
2 0.1671875 0.6171875 0.2765625 0.6171875 0.2765625 0.6953125 0.1671875 0.6953125
2 0.0328125 0.371875 0.159375 0.371875 0.159375 0.4421875 0.0328125 0.4421875
6 0.0171875 0.178125 0.134375 0.178125 0.134375 0.2609375 0.0171875 0.2609375
6 0.4078125 0.61875 0.4828125 0.61875 0.4828125 0.690625 0.4078125 0.690625
6 0.728125 0.5359375 0.83125 0.5359375 0.83125 0.6015625 0.728125 0.6015625
6 0.846875 0.371875 0.965625 0.371875 0.965625 0.4375 0.846875 0.4375
9 0.5171875 0.39375 0.5875 0.39375 0.5875 0.4421875 0.5171875 0.4421875
9 0.515625 0.5453125 0.5859375 0.5453125 0.5859375 0.6 0.515625 0.6
9 0.6328125 0.7875 0.709375 0.7875 0.709375 0.8546875 0.6328125 0.8546875
9 0.7328125 0.625 0.8125 0.625 0.8125 0.68125 0.7328125 0.68125
11 0.0421875 0.70625 0.1515625 0.70625 0.1515625 0.7875 0.0421875 0.7875
11 0.0328125 0.2703125 0.146875 0.2703125 0.146875 0.3421875 0.0328125 0.3421875
11 0.6296875 0.19375 0.7265625 0.19375 0.7265625 0.2765625 0.6296875 0.2765625
0 0.6125 0.384375 0.6984375 0.384375 0.6984375 0.4421875 0.6125 0.4421875
0 0.5234375 0.4609375 0.5984375 0.4609375 0.5984375 0.5109375 0.5234375 0.5109375
5 0.503125 0.63125 0.5828125 0.63125 0.5828125 0.70625 0.503125 0.70625
5 0.0421875 0.6265625 0.153125 0.6265625 0.153125 0.7 0.0421875 0.7
8 0.7234375 0.3796875 0.81875 0.3796875 0.81875 0.4484375 0.7234375 0.4484375
8 0.509375 0.2 0.603125 0.2 0.603125 0.28125 0.509375 0.28125
4 0.83125 0.5328125 0.98125 0.5328125 0.98125 0.60625 0.83125 0.60625
10 0.8359375 0.1765625 0.9875 0.1765625 0.9875 0.275 0.8359375 0.275