7 0.6953125 0.2859375 0.8015625 0.2859375 0.8015625 0.371875 0.6953125 0.371875
7 0.6921875 0.375 0.8 0.375 0.8 0.4453125 0.6921875 0.4453125
7 0.6875 0.4453125 0.8 0.4453125 0.8 0.5171875 0.6875 0.5171875
7 0.6921875 0.521875 0.803125 0.521875 0.803125 0.5875 0.6921875 0.5875
7 0.6875 0.59375 0.80625 0.59375 0.80625 0.66875 0.6875 0.66875
1 0.6953125 0.6703125 0.8046875 0.6703125 0.8046875 0.7515625 0.6953125 0.7515625
4 0.303125 0.7359375 0.403125 0.7359375 0.403125 0.8296875 0.303125 0.8296875
4 0.18125 0.6671875 0.3 0.6671875 0.3 0.7453125 0.18125 0.7453125
4 0.19375 0.746875 0.303125 0.746875 0.303125 0.840625 0.19375 0.840625
4 0.075 0.7390625 0.196875 0.7390625 0.196875 0.8328125 0.075 0.8328125
9 0.109375 0.309375 0.203125 0.309375 0.203125 0.3671875 0.109375 0.3671875
9 0.20625 0.3078125 0.2875 0.3078125 0.2875 0.365625 0.20625 0.365625
9 0.3109375 0.3109375 0.3921875 0.3109375 0.3921875 0.371875 0.3109375 0.371875
9 0.4109375 0.309375 0.4890625 0.309375 0.4890625 0.371875 0.4109375 0.371875
9 0.5109375 0.3078125 0.5859375 0.3078125 0.5859375 0.36875 0.5109375 0.36875
9 0.603125 0.3015625 0.6828125 0.3015625 0.6828125 0.3671875 0.603125 0.3671875
9 0.8 0.30625 0.884375 0.30625 0.884375 0.365625 0.8 0.365625
9 0.315625 0.45625 0.3921875 0.45625 0.3921875 0.5078125 0.315625 0.5078125
9 0.20625 0.384375 0.3 0.384375 0.3 0.44375 0.20625 0.44375
9 0.6078125 0.665625 0.6921875 0.665625 0.6921875 0.734375 0.6078125 0.734375
9 0.5015625 0.6015625 0.578125 0.6015625 0.578125 0.6578125 0.5015625 0.6578125
6 0.50625 0.4453125 0.5953125 0.4453125 0.5953125 0.5125 0.50625 0.5125
6 0.5015625 0.528125 0.590625 0.528125 0.590625 0.5875 0.5015625 0.5875
6 0.6015625 0.5921875 0.6828125 0.5921875 0.6828125 0.6578125 0.6015625 0.6578125
6 0.409375 0.528125 0.503125 0.528125 0.503125 0.5875 0.409375 0.5875
10 0.0796875 0.5171875 0.203125 0.5171875 0.203125 0.5828125 0.0796875 0.5828125
10 0.1828125 0.51875 0.30625 0.51875 0.30625 0.58125 0.1828125 0.58125
10 0.2953125 0.59375 0.396875 0.59375 0.396875 0.6640625 0.2953125 0.6640625
10 0.303125 0.6578125 0.4046875 0.6578125 0.4046875 0.734375 0.303125 0.734375
10 0.075 0.5921875 0.196875 0.5921875 0.196875 0.6625 0.075 0.6625
10 0.184375 0.5875 0.303125 0.5875 0.303125 0.6625 0.184375 0.6625
10 0.075 0.6640625 0.196875 0.6640625 0.196875 0.7359375 0.075 0.7359375