3 0.5265625 0.1875 0.59375 0.1875 0.59375 0.253125 0.5265625 0.253125
3 0.6328125 0.3484375 0.703125 0.3484375 0.703125 0.40625 0.6328125 0.40625
3 0.7328125 0.271875 0.8078125 0.271875 0.8078125 0.334375 0.7328125 0.334375
3 0.5265625 0.496875 0.5859375 0.496875 0.5859375 0.553125 0.5265625 0.553125
3 0.303125 0.659375 0.384375 0.659375 0.384375 0.7125 0.303125 0.7125
3 0.184375 0.7375 0.265625 0.7375 0.265625 0.7984375 0.184375 0.7984375
3 0.8359375 0.58125 0.9203125 0.58125 0.9203125 0.640625 0.8359375 0.640625
4 0.5171875 0.40625 0.6015625 0.40625 0.6015625 0.48125 0.5171875 0.48125
9 0.51875 0.3484375 0.584375 0.3484375 0.584375 0.4046875 0.51875 0.4046875
9 0.6375 0.2734375 0.709375 0.2734375 0.709375 0.3390625 0.6375 0.3390625
9 0.625 0.5 0.696875 0.5 0.696875 0.553125 0.625 0.553125
9 0.20625 0.425 0.28125 0.425 0.28125 0.484375 0.20625 0.484375
1 0.2875 0.325 0.3875 0.325 0.3875 0.4078125 0.2875 0.4078125
1 0.175 0.24375 0.296875 0.24375 0.296875 0.340625 0.175 0.340625
1 0.271875 0.571875 0.3796875 0.571875 0.3796875 0.6375 0.271875 0.6375
1 0.8234375 0.4203125 0.9625 0.4203125 0.9625 0.4921875 0.8234375 0.4921875
2 0.828125 0.3328125 0.9171875 0.3328125 0.9171875 0.4078125 0.828125 0.4078125
2 0.20625 0.178125 0.296875 0.178125 0.296875 0.259375 0.20625 0.259375
2 0.821875 0.5015625 0.9375 0.5015625 0.9375 0.5671875 0.821875 0.5671875
2 0.078125 0.5671875 0.1796875 0.5671875 0.1796875 0.634375 0.078125 0.634375
6 0.61875 0.421875 0.690625 0.421875 0.690625 0.478125 0.61875 0.478125
6 0.7203125 0.6625 0.8140625 0.6625 0.8140625 0.728125 0.7203125 0.728125
6 0.3921875 0.7296875 0.475 0.7296875 0.475 0.80625 0.3921875 0.80625
6 0.0703125 0.4921875 0.184375 0.4921875 0.184375 0.553125 0.0703125 0.553125
11 0.6109375 0.5828125 0.6953125 0.5828125 0.6953125 0.64375 0.6109375 0.64375
11 0.50625 0.734375 0.5875 0.734375 0.5875 0.81875 0.50625 0.81875
11 0.6125 0.74375 0.7 0.74375 0.7 0.81875 0.6125 0.81875
5 0.5203125 0.253125 0.5953125 0.253125 0.5953125 0.325 0.5203125 0.325
5 0.3 0.41875 0.390625 0.41875 0.390625 0.484375 0.3 0.484375
0 0.4078125 0.334375 0.4953125 0.334375 0.4953125 0.403125 0.4078125 0.403125
0 0.834375 0.7453125 0.940625 0.7453125 0.940625 0.834375 0.834375 0.834375
8 0.1734375 0.646875 0.2703125 0.646875 0.2703125 0.715625 0.1734375 0.715625
8 0.828125 0.65625 0.9390625 0.65625 0.9390625 0.728125 0.828125 0.728125
10 0.396875 0.2421875 0.4859375 0.2421875 0.4859375 0.3359375 0.396875 0.3359375