5 0.6671875 0.8625 0.75 0.8625 0.75 0.978125 0.6671875 0.978125
5 0.578125 0.753125 0.64375 0.753125 0.64375 0.859375 0.578125 0.859375
3 0.1203125 0.4109375 0.2 0.4109375 0.2 0.5078125 0.1203125 0.5078125
3 0.2 0.3328125 0.2796875 0.3328125 0.2796875 0.4046875 0.2 0.4046875
3 0.6734375 0.5328125 0.734375 0.5328125 0.734375 0.6171875 0.6734375 0.6171875
3 0.5828125 0.640625 0.653125 0.640625 0.653125 0.746875 0.5828125 0.746875
3 0.6765625 0.7515625 0.7421875 0.7515625 0.7421875 0.8546875 0.6765625 0.8546875
3 0.203125 0.1015625 0.275 0.1015625 0.275 0.221875 0.203125 0.221875
3 0.125 0.209375 0.2078125 0.209375 0.2078125 0.3015625 0.125 0.3015625
2 0.3421875 0.0921875 0.41875 0.0921875 0.41875 0.20625 0.3421875 0.20625
2 0.4234375 0.19375 0.49375 0.19375 0.49375 0.3 0.4234375 0.3
2 0.275 0.215625 0.3453125 0.215625 0.3453125 0.321875 0.275 0.321875
0 0.34375 0.3125 0.428125 0.3125 0.428125 0.3984375 0.34375 0.3984375
0 0.4984375 0.321875 0.575 0.321875 0.575 0.4078125 0.4984375 0.4078125
0 0.6765625 0.321875 0.753125 0.321875 0.753125 0.4078125 0.6765625 0.4078125
0 0.6671875 0.05625 0.74375 0.05625 0.74375 0.190625 0.6671875 0.190625
0 0.340625 0.5265625 0.4265625 0.5265625 0.4265625 0.6234375 0.340625 0.6234375
0 0.184375 0.725 0.2734375 0.725 0.2734375 0.828125 0.184375 0.828125
0 0.3484375 0.7203125 0.4203125 0.7203125 0.4203125 0.834375 0.3484375 0.834375