6 0.2421875 0.2984375 0.2859375 0.2984375 0.2859375 0.44375 0.2421875 0.44375
5 0.3046875 0.315625 0.346875 0.315625 0.346875 0.4484375 0.3046875 0.4484375
5 0.359375 0.309375 0.3984375 0.309375 0.3984375 0.4421875 0.359375 0.4421875
9 0.415625 0.3328125 0.4484375 0.3328125 0.4484375 0.440625 0.415625 0.440625
9 0.46875 0.346875 0.503125 0.346875 0.503125 0.446875 0.46875 0.446875
3 0.521875 0.3375 0.553125 0.3375 0.553125 0.4359375 0.521875 0.4359375
3 0.5734375 0.334375 0.603125 0.334375 0.603125 0.4390625 0.5734375 0.4390625
3 0.609375 0.3296875 0.6390625 0.3296875 0.6390625 0.4390625 0.609375 0.4390625
4 0.2484375 0.178125 0.296875 0.178125 0.296875 0.3578125 0.2484375 0.3578125
10 0.3015625 0.184375 0.3453125 0.184375 0.3453125 0.365625 0.3015625 0.365625
1 0.35625 0.18125 0.396875 0.18125 0.396875 0.3625 0.35625 0.3625
7 0.40625 0.171875 0.4484375 0.171875 0.4484375 0.3515625 0.40625 0.3515625
5 0.4578125 0.2296875 0.496875 0.2296875 0.496875 0.359375 0.4578125 0.359375
3 0.5109375 0.2546875 0.5484375 0.2546875 0.5484375 0.353125 0.5109375 0.353125
9 0.559375 0.2484375 0.5921875 0.2484375 0.5921875 0.353125 0.559375 0.353125
11 0.6 0.2390625 0.64375 0.2390625 0.64375 0.3703125 0.6 0.3703125
3 0.265625 0.175 0.2953125 0.175 0.2953125 0.2765625 0.265625 0.2765625
9 0.3125 0.1609375 0.346875 0.1609375 0.346875 0.275 0.3125 0.275
9 0.365625 0.1765625 0.3984375 0.1765625 0.3984375 0.2796875 0.365625 0.2796875
8 0.41875 0.1453125 0.45 0.1453125 0.45 0.278125 0.41875 0.278125
3 0.4578125 0.178125 0.4859375 0.178125 0.4859375 0.2765625 0.4578125 0.2765625
9 0.5 0.1796875 0.53125 0.1796875 0.53125 0.2796875 0.5 0.2796875
9 0.553125 0.184375 0.5875 0.184375 0.5875 0.2859375 0.553125 0.2859375
11 0.5953125 0.1578125 0.634375 0.1578125 0.634375 0.278125 0.5953125 0.278125
6 0.2640625 0.0640625 0.3 0.0640625 0.3 0.2046875 0.2640625 0.2046875
5 0.3109375 0.0828125 0.3484375 0.0828125 0.3484375 0.2046875 0.3109375 0.2046875
9 0.36875 0.103125 0.4 0.103125 0.4 0.2046875 0.36875 0.2046875
8 0.4171875 0.08125 0.4515625 0.08125 0.4515625 0.2046875 0.4171875 0.2046875
3 0.4609375 0.1078125 0.490625 0.1078125 0.490625 0.2109375 0.4609375 0.2109375
0 0.5015625 0.0609375 0.5328125 0.0609375 0.5328125 0.1984375 0.5015625 0.1984375
0 0.55 0.0640625 0.5828125 0.0640625 0.5828125 0.20625 0.55 0.20625
3 0.603125 0.1078125 0.63125 0.1078125 0.63125 0.20625 0.603125 0.20625