8 0.7765625 0.809375 0.8765625 0.809375 0.8765625 0.915625 0.7765625 0.915625
8 0.6578125 0.821875 0.7484375 0.821875 0.7484375 0.915625 0.6578125 0.915625
8 0.46875 0.79375 0.5390625 0.79375 0.5390625 0.8921875 0.46875 0.8921875
8 0.36875 0.80625 0.4359375 0.80625 0.4359375 0.9125 0.36875 0.9125
8 0.2546875 0.7046875 0.3421875 0.7046875 0.3421875 0.79375 0.2546875 0.79375
8 0.159375 0.50625 0.259375 0.50625 0.259375 0.5984375 0.159375 0.5984375
8 0.54375 0.515625 0.6265625 0.515625 0.6265625 0.6 0.54375 0.6
8 0.753125 0.51875 0.853125 0.51875 0.853125 0.609375 0.753125 0.609375
8 0.753125 0.309375 0.865625 0.309375 0.865625 0.4015625 0.753125 0.4015625
8 0.646875 0.2140625 0.74375 0.2140625 0.74375 0.3046875 0.646875 0.3046875
8 0.55625 0.21875 0.63125 0.21875 0.63125 0.3 0.55625 0.3
8 0.4578125 0.315625 0.5328125 0.315625 0.5328125 0.4015625 0.4578125 0.4015625
8 0.2390625 0.3125 0.3296875 0.3125 0.3296875 0.396875 0.2390625 0.396875
8 0.2578125 0.221875 0.340625 0.221875 0.340625 0.303125 0.2578125 0.303125
8 0.2515625 0.09375 0.3515625 0.09375 0.3515625 0.190625 0.2515625 0.190625
8 0.4515625 0.1109375 0.5421875 0.1109375 0.5421875 0.2 0.4515625 0.2
2 0.6640625 0.609375 0.7484375 0.609375 0.7484375 0.6953125 0.6640625 0.6953125
2 0.553125 0.6203125 0.640625 0.6203125 0.640625 0.69375 0.553125 0.69375
2 0.3515625 0.60625 0.440625 0.60625 0.440625 0.696875 0.3515625 0.696875
2 0.2484375 0.809375 0.334375 0.809375 0.334375 0.896875 0.2484375 0.896875
2 0.034375 0.609375 0.140625 0.609375 0.140625 0.7140625 0.034375 0.7140625
2 0.0125 0.4234375 0.140625 0.4234375 0.140625 0.4984375 0.0125 0.4984375
2 0.0203125 0.2171875 0.1453125 0.2171875 0.1453125 0.2953125 0.0203125 0.2953125
2 0.1328125 0.09375 0.2390625 0.09375 0.2390625 0.178125 0.1328125 0.178125
2 0.446875 0.5078125 0.525 0.5078125 0.525 0.5796875 0.446875 0.5796875
2 0.25 0.4203125 0.3421875 0.4203125 0.3421875 0.5078125 0.25 0.5078125
2 0.35 0.4203125 0.440625 0.4203125 0.440625 0.5015625 0.35 0.5015625
2 0.5640625 0.409375 0.6375 0.409375 0.6375 0.49375 0.5640625 0.49375
2 0.346875 0.221875 0.4359375 0.221875 0.4359375 0.3 0.346875 0.3