9 0.415625 0.7984375 0.4484375 0.7984375 0.4484375 0.8703125 0.415625 0.8703125
9 0.4546875 0.790625 0.484375 0.790625 0.484375 0.8609375 0.4546875 0.8609375
9 0.5046875 0.7890625 0.5328125 0.7890625 0.5328125 0.859375 0.5046875 0.859375
9 0.496875 0.69375 0.525 0.69375 0.525 0.759375 0.496875 0.759375
9 0.45625 0.4390625 0.4875 0.4390625 0.4875 0.503125 0.45625 0.503125
9 0.50625 0.4453125 0.5359375 0.4453125 0.5359375 0.5046875 0.50625 0.5046875
9 0.4078125 0.359375 0.4390625 0.359375 0.4390625 0.4234375 0.4078125 0.4234375
9 0.409375 0.2578125 0.440625 0.2578125 0.440625 0.3234375 0.409375 0.3234375
6 0.371875 0.2421875 0.4046875 0.2421875 0.4046875 0.3203125 0.371875 0.3203125
6 0.415625 0.1421875 0.45 0.1421875 0.45 0.2203125 0.415625 0.2203125
6 0.415625 0.446875 0.4484375 0.446875 0.4484375 0.521875 0.415625 0.521875
6 0.371875 0.7953125 0.409375 0.7953125 0.409375 0.8859375 0.371875 0.8859375
6 0.4578125 0.70625 0.4890625 0.70625 0.4890625 0.79375 0.4578125 0.79375
6 0.5828125 0.4421875 0.61875 0.4421875 0.61875 0.5234375 0.5828125 0.5234375
8 0.5796875 0.6265625 0.6171875 0.6265625 0.6171875 0.7234375 0.5796875 0.7234375
8 0.58125 0.53125 0.615625 0.53125 0.615625 0.61875 0.58125 0.61875
8 0.6625 0.55625 0.703125 0.55625 0.703125 0.6390625 0.6625 0.6390625
8 0.6578125 0.628125 0.696875 0.628125 0.696875 0.709375 0.6578125 0.709375
8 0.453125 0.5296875 0.4890625 0.5296875 0.4890625 0.6140625 0.453125 0.6140625
8 0.375 0.4515625 0.4078125 0.4515625 0.4078125 0.528125 0.375 0.528125
11 0.621875 0.446875 0.65625 0.446875 0.65625 0.5265625 0.621875 0.5265625
11 0.5484375 0.44375 0.58125 0.44375 0.58125 0.5203125 0.5484375 0.5203125
11 0.5 0.5375 0.534375 0.5375 0.534375 0.6203125 0.5 0.6203125
11 0.3671875 0.51875 0.40625 0.51875 0.40625 0.6046875 0.3671875 0.6046875
11 0.3640625 0.7140625 0.4 0.7140625 0.4 0.7984375 0.3640625 0.7984375
11 0.659375 0.7234375 0.69375 0.7234375 0.69375 0.8109375 0.659375 0.8109375
10 0.409375 0.6171875 0.4453125 0.6171875 0.4453125 0.7296875 0.409375 0.7296875
10 0.4953125 0.35625 0.534375 0.35625 0.534375 0.453125 0.4953125 0.453125
10 0.453125 0.3578125 0.4890625 0.3578125 0.4890625 0.45 0.453125 0.45
7 0.45625 0.2484375 0.4921875 0.2484375 0.4921875 0.3421875 0.45625 0.3421875
7 0.6359375 0.159375 0.6828125 0.159375 0.6828125 0.253125 0.6359375 0.253125
7 0.5 0.153125 0.540625 0.153125 0.540625 0.240625 0.5 0.240625
3 0.6484375 0.8046875 0.678125 0.8046875 0.678125 0.875 0.6484375 0.875
3 0.6171875 0.7921875 0.6484375 0.7921875 0.6484375 0.8609375 0.6171875 0.8609375
3 0.5375 0.8 0.565625 0.8 0.565625 0.8640625 0.5375 0.8640625
3 0.5765625 0.70625 0.60625 0.70625 0.60625 0.771875 0.5765625 0.771875
3 0.534375 0.7 0.5640625 0.7 0.5640625 0.7671875 0.534375 0.7671875
3 0.4953125 0.615625 0.521875 0.615625 0.521875 0.68125 0.4953125 0.68125
3 0.546875 0.1640625 0.58125 0.1640625 0.58125 0.2296875 0.546875 0.2296875
0 0.5796875 0.803125 0.6140625 0.803125 0.6140625 0.890625 0.5796875 0.890625
0 0.5359375 0.615625 0.565625 0.615625 0.565625 0.696875 0.5359375 0.696875
0 0.6203125 0.54375 0.65625 0.54375 0.65625 0.6203125 0.6203125 0.6203125
0 0.63125 0.353125 0.6671875 0.353125 0.6671875 0.428125 0.63125 0.428125
0 0.4078125 0.5265625 0.4421875 0.5265625 0.4421875 0.6046875 0.4078125 0.6046875
0 0.3734375 0.634375 0.4046875 0.634375 0.4046875 0.7140625 0.3734375 0.7140625
2 0.6828125 0.1625 0.7203125 0.1625 0.7203125 0.2453125 0.6828125 0.2453125
2 0.6734375 0.26875 0.7125 0.26875 0.7125 0.34375 0.6734375 0.34375
2 0.5 0.2625 0.5375 0.2625 0.5375 0.3421875 0.5 0.3421875
2 0.59375 0.1578125 0.63125 0.1578125 0.63125 0.2421875 0.59375 0.2421875
5 0.671875 0.4671875 0.709375 0.4671875 0.709375 0.5453125 0.671875 0.5453125
5 0.6703125 0.35625 0.7109375 0.35625 0.7109375 0.4359375 0.6703125 0.4359375
5 0.4546875 0.1359375 0.490625 0.1359375 0.490625 0.2109375 0.4546875 0.2109375
5 0.36875 0.1296875 0.4015625 0.1296875 0.4015625 0.20625 0.36875 0.20625
5 0.45 0.6078125 0.48125 0.6078125 0.48125 0.6921875 0.45 0.6921875
5 0.61875 0.628125 0.6546875 0.628125 0.6546875 0.7109375 0.61875 0.7109375
5 0.6171875 0.709375 0.6546875 0.709375 0.6546875 0.7953125 0.6171875 0.7953125
5 0.540625 0.534375 0.5765625 0.534375 0.5765625 0.6125 0.540625 0.6125
4 0.584375 0.346875 0.6296875 0.346875 0.6296875 0.4421875 0.584375 0.4421875
4 0.5453125 0.2578125 0.5828125 0.2578125 0.5828125 0.3421875 0.5453125 0.3421875
4 0.3671875 0.34375 0.403125 0.34375 0.403125 0.440625 0.3671875 0.440625
1 0.634375 0.2625 0.6796875 0.2625 0.6796875 0.35 0.634375 0.35
1 0.5875 0.2578125 0.6328125 0.2578125 0.6328125 0.34375 0.5875 0.34375
1 0.5390625 0.3546875 0.578125 0.3546875 0.578125 0.4453125 0.5390625 0.4453125