5 0.7484375 0.271875 0.85 0.271875 0.85 0.35 0.7484375 0.35
5 0.653125 0.51875 0.746875 0.51875 0.746875 0.575 0.653125 0.575
4 0.3359375 0.7265625 0.4265625 0.7265625 0.4265625 0.828125 0.3359375 0.828125
3 0.85625 0.2 0.9421875 0.2 0.9421875 0.26875 0.85625 0.26875
3 0.55625 0.290625 0.621875 0.290625 0.621875 0.346875 0.55625 0.346875
3 0.24375 0.2875 0.31875 0.2875 0.31875 0.340625 0.24375 0.340625
3 0.15625 0.4421875 0.240625 0.4421875 0.240625 0.4984375 0.15625 0.4984375
3 0.453125 0.446875 0.515625 0.446875 0.515625 0.5 0.453125 0.5
3 0.74375 0.6640625 0.821875 0.6640625 0.821875 0.725 0.74375 0.725
3 0.853125 0.5859375 0.940625 0.5859375 0.940625 0.6453125 0.853125 0.6453125
2 0.240625 0.5078125 0.325 0.5078125 0.325 0.5703125 0.240625 0.5703125
2 0.5515625 0.5875 0.6328125 0.5875 0.6328125 0.653125 0.5515625 0.653125
2 0.13125 0.7484375 0.2203125 0.7484375 0.2203125 0.8375 0.13125 0.8375
2 0.6546875 0.1828125 0.7390625 0.1828125 0.7390625 0.26875 0.6546875 0.26875
1 0.8421875 0.440625 0.9890625 0.440625 0.9890625 0.509375 0.8421875 0.509375
1 0.4390625 0.5140625 0.525 0.5140625 0.525 0.5796875 0.4390625 0.5796875
1 0.3421875 0.4421875 0.4265625 0.4421875 0.4265625 0.5046875 0.3421875 0.5046875
1 0.528125 0.7296875 0.609375 0.7296875 0.609375 0.8234375 0.528125 0.8234375
0 0.65625 0.36875 0.740625 0.36875 0.740625 0.425 0.65625 0.425
0 0.553125 0.45625 0.625 0.45625 0.625 0.503125 0.553125 0.503125