2 0.46875 0.590625 0.65625 0.590625 0.65625 0.640625 0.46875 0.640625
1 0.4140625 0.7296875 0.6953125 0.7296875 0.6953125 0.80625 0.4140625 0.80625
7 0.2796875 0.221875 0.5609375 0.221875 0.5609375 0.296875 0.2796875 0.296875
5 0.8265625 0.640625 0.9515625 0.640625 0.9515625 0.675 0.8265625 0.675
11 0.740625 0.2984375 0.865625 0.2984375 0.865625 0.334375 0.740625 0.334375
6 0.70625 0.396875 0.8671875 0.396875 0.8671875 0.434375 0.70625 0.434375
8 0.684375 0.284375 0.83125 0.284375 0.83125 0.328125 0.684375 0.328125
0 0.7234375 0.6609375 0.8859375 0.6609375 0.8859375 0.7015625 0.7234375 0.7015625
2 0.690625 0.5546875 0.840625 0.5546875 0.840625 0.5953125 0.690625 0.5953125
6 0.6140625 0.2796875 0.78125 0.2796875 0.78125 0.3234375 0.6140625 0.3234375
4 0.6515625 0.675 0.875 0.675 0.875 0.734375 0.6515625 0.734375
10 0.5421875 0.2609375 0.7546875 0.2609375 0.7546875 0.31875 0.5421875 0.31875
0 0.58125 0.634375 0.7578125 0.634375 0.7578125 0.678125 0.58125 0.678125
11 0.471875 0.265625 0.6328125 0.265625 0.6328125 0.3140625 0.471875 0.3140625
5 0.5109375 0.7109375 0.6828125 0.7109375 0.6828125 0.7625 0.5109375 0.7625
8 0.4328125 0.39375 0.6140625 0.39375 0.6140625 0.440625 0.4328125 0.440625