5 0.421875 0.4578125 0.4890625 0.4578125 0.4890625 0.553125 0.421875 0.553125
5 0.428125 0.5890625 0.496875 0.5890625 0.496875 0.6640625 0.428125 0.6640625
3 0.5890625 0.5703125 0.6421875 0.5703125 0.6421875 0.6546875 0.5890625 0.6546875
3 0.5890625 0.465625 0.6453125 0.465625 0.6453125 0.5421875 0.5890625 0.5421875
3 0.6 0.36875 0.6484375 0.36875 0.6484375 0.45 0.6 0.45
3 0.5984375 0.2609375 0.6515625 0.2609375 0.6515625 0.3421875 0.5984375 0.3421875
3 0.5109375 0.26875 0.5625 0.26875 0.5625 0.3421875 0.5109375 0.3421875
3 0.428125 0.26875 0.4859375 0.26875 0.4859375 0.353125 0.428125 0.353125
3 0.359375 0.278125 0.4203125 0.278125 0.4203125 0.3578125 0.359375 0.3578125
2 0.259375 0.2484375 0.3390625 0.2484375 0.3390625 0.3328125 0.259375 0.3328125
2 0.24375 0.359375 0.334375 0.359375 0.334375 0.44375 0.24375 0.44375
2 0.26875 0.478125 0.3390625 0.478125 0.3390625 0.559375 0.26875 0.559375
0 0.35 0.3578125 0.4125 0.3578125 0.4125 0.4453125 0.35 0.4453125
0 0.3453125 0.4609375 0.4078125 0.4609375 0.4078125 0.553125 0.3453125 0.553125
0 0.35 0.565625 0.415625 0.565625 0.415625 0.6609375 0.35 0.6609375
0 0.50625 0.465625 0.5765625 0.465625 0.5765625 0.5625 0.50625 0.5625
0 0.4984375 0.35625 0.565625 0.35625 0.565625 0.4484375 0.4984375 0.4484375
0 0.5125 0.5875 0.5625 0.5875 0.5625 0.653125 0.5125 0.653125
0 0.425 0.365625 0.490625 0.365625 0.490625 0.45 0.425 0.45