11 0.134375 0.4546875 0.2296875 0.4546875 0.2296875 0.5140625 0.134375 0.5140625
11 0.2265625 0.4453125 0.3125 0.4453125 0.3125 0.509375 0.2265625 0.509375
11 0.2078125 0.5171875 0.3171875 0.5171875 0.3171875 0.5765625 0.2078125 0.5765625
11 0.7609375 0.5921875 0.8390625 0.5921875 0.8390625 0.6546875 0.7609375 0.6546875
9 0.421875 0.3171875 0.4890625 0.3171875 0.4890625 0.375 0.421875 0.375
9 0.578125 0.325 0.653125 0.325 0.653125 0.384375 0.578125 0.384375
9 0.4953125 0.39375 0.5734375 0.39375 0.5734375 0.45 0.4953125 0.45
9 0.5921875 0.3890625 0.659375 0.3890625 0.659375 0.453125 0.5921875 0.453125
9 0.3046875 0.590625 0.3921875 0.590625 0.3921875 0.6421875 0.3046875 0.6421875
9 0.3046875 0.65 0.384375 0.65 0.384375 0.709375 0.3046875 0.709375
9 0.30625 0.7234375 0.390625 0.7234375 0.390625 0.7828125 0.30625 0.7828125
9 0.4859375 0.659375 0.58125 0.659375 0.58125 0.7140625 0.4859375 0.7140625
9 0.4828125 0.715625 0.5734375 0.715625 0.5734375 0.78125 0.4828125 0.78125
9 0.65625 0.6515625 0.7375 0.6515625 0.7375 0.7171875 0.65625 0.7171875
9 0.665625 0.721875 0.7375 0.721875 0.7375 0.79375 0.665625 0.79375
8 0.4140625 0.3765625 0.4984375 0.3765625 0.4984375 0.4421875 0.4140625 0.4421875
8 0.490625 0.4546875 0.5703125 0.4546875 0.5703125 0.5140625 0.490625 0.5140625
8 0.58125 0.4625 0.665625 0.4625 0.665625 0.5265625 0.58125 0.5265625
8 0.775 0.5234375 0.86875 0.5234375 0.86875 0.5890625 0.775 0.5890625
7 0.75625 0.7359375 0.8671875 0.7359375 0.8671875 0.8265625 0.75625 0.8265625
6 0.1375 0.3859375 0.2359375 0.3859375 0.2359375 0.4390625 0.1375 0.4390625
6 0.4078125 0.4453125 0.4796875 0.4453125 0.4796875 0.509375 0.4078125 0.509375
6 0.39375 0.5875 0.4828125 0.5875 0.4828125 0.64375 0.39375 0.64375
6 0.4828125 0.5828125 0.5703125 0.5828125 0.5703125 0.6515625 0.4828125 0.6515625
5 0.753125 0.6609375 0.8453125 0.6609375 0.8453125 0.7265625 0.753125 0.7265625
5 0.31875 0.3125 0.4046875 0.3125 0.4046875 0.3859375 0.31875 0.3859375
5 0.7765625 0.3109375 0.8578125 0.3109375 0.8578125 0.38125 0.7765625 0.38125
3 0.253125 0.38125 0.30625 0.38125 0.30625 0.44375 0.253125 0.44375
3 0.3140625 0.4515625 0.39375 0.4515625 0.39375 0.5046875 0.3140625 0.5046875
3 0.3875 0.5140625 0.4953125 0.5140625 0.4953125 0.5828125 0.3875 0.5828125
3 0.2015625 0.646875 0.3 0.646875 0.3 0.703125 0.2015625 0.703125
3 0.2078125 0.715625 0.30625 0.715625 0.30625 0.778125 0.2078125 0.778125
3 0.7625 0.234375 0.8546875 0.234375 0.8546875 0.309375 0.7625 0.309375
2 0.3890625 0.65 0.4796875 0.65 0.4796875 0.715625 0.3890625 0.715625
2 0.390625 0.7109375 0.4828125 0.7109375 0.4828125 0.7859375 0.390625 0.7859375
2 0.315625 0.3875 0.4015625 0.3875 0.4015625 0.4453125 0.315625 0.4453125
0 0.2265625 0.3125 0.30625 0.3125 0.30625 0.3828125 0.2265625 0.3828125
0 0.4890625 0.3171875 0.5671875 0.3171875 0.5671875 0.3890625 0.4890625 0.3890625
0 0.4984375 0.525 0.5671875 0.525 0.5671875 0.578125 0.4984375 0.578125
0 0.7578125 0.45625 0.8515625 0.45625 0.8515625 0.51875 0.7578125 0.51875
0 0.7734375 0.3859375 0.8609375 0.3859375 0.8609375 0.44375 0.7734375 0.44375
0 0.321875 0.5046875 0.390625 0.5046875 0.390625 0.58125 0.321875 0.58125
0 0.3171875 0.3828125 0.4 0.3828125 0.4 0.440625 0.3171875 0.440625
3 0.684375 0.5265625 0.76875 0.5265625 0.76875 0.5859375 0.684375 0.5859375