11 0.621875 0.1859375 0.70625 0.1859375 0.70625 0.25625 0.621875 0.25625
11 0.61875 0.4234375 0.7078125 0.4234375 0.7078125 0.4859375 0.61875 0.4859375
11 0.5265625 0.49375 0.603125 0.49375 0.603125 0.546875 0.5265625 0.546875
11 0.1421875 0.55625 0.2484375 0.55625 0.2484375 0.6265625 0.1421875 0.6265625
9 0.53125 0.196875 0.6015625 0.196875 0.6015625 0.259375 0.53125 0.259375
9 0.3671875 0.3671875 0.4296875 0.3671875 0.4296875 0.4203125 0.3671875 0.4203125
9 0.25 0.221875 0.33125 0.221875 0.33125 0.275 0.25 0.275
9 0.1625 0.3640625 0.25 0.3640625 0.25 0.4125 0.1625 0.4125
9 0.3671875 0.5 0.4296875 0.5 0.4296875 0.553125 0.3671875 0.553125
9 0.621875 0.6859375 0.6984375 0.6859375 0.6984375 0.7390625 0.621875 0.7390625
9 0.721875 0.6875 0.790625 0.6875 0.790625 0.7453125 0.721875 0.7453125
9 0.715625 0.625 0.79375 0.625 0.79375 0.678125 0.715625 0.678125
9 0.834375 0.26875 0.9109375 0.26875 0.9109375 0.325 0.834375 0.325
9 0.3578125 0.6890625 0.428125 0.6890625 0.428125 0.7546875 0.3578125 0.7546875
8 0.1375 0.2078125 0.2375 0.2078125 0.2375 0.26875 0.1375 0.26875
8 0.14375 0.2828125 0.24375 0.2828125 0.24375 0.3453125 0.14375 0.3453125
8 0.2453125 0.621875 0.3359375 0.621875 0.3359375 0.6875 0.2453125 0.6875
8 0.35625 0.55 0.43125 0.55 0.43125 0.615625 0.35625 0.615625
7 0.821875 0.171875 0.9453125 0.171875 0.9453125 0.265625 0.821875 0.265625
6 0.709375 0.178125 0.8125 0.178125 0.8125 0.2625 0.709375 0.2625
6 0.809375 0.5609375 0.89375 0.5609375 0.89375 0.63125 0.809375 0.63125
6 0.6140625 0.553125 0.7078125 0.553125 0.7078125 0.6125 0.6140625 0.6125
6 0.440625 0.4890625 0.525 0.4890625 0.525 0.546875 0.440625 0.546875
6 0.4375 0.4265625 0.521875 0.4265625 0.521875 0.484375 0.4375 0.484375
5 0.7234375 0.2671875 0.825 0.2671875 0.825 0.33125 0.7234375 0.33125
5 0.8 0.4875 0.90625 0.4875 0.90625 0.54375 0.8 0.54375
3 0.621875 0.346875 0.7046875 0.346875 0.7046875 0.4125 0.621875 0.4125
3 0.5375 0.4203125 0.6140625 0.4203125 0.6140625 0.4734375 0.5375 0.4734375
3 0.3546875 0.43125 0.421875 0.43125 0.421875 0.484375 0.3546875 0.484375
3 0.2453125 0.28125 0.325 0.28125 0.325 0.334375 0.2453125 0.334375
3 0.2734375 0.68125 0.3453125 0.68125 0.3453125 0.75625 0.2734375 0.75625
3 0.4390625 0.6890625 0.50625 0.6890625 0.50625 0.75625 0.4390625 0.75625
3 0.796875 0.696875 0.8875 0.696875 0.8875 0.7546875 0.796875 0.7546875
2 0.3171875 0.19375 0.4140625 0.19375 0.4140625 0.265625 0.3171875 0.265625
2 0.4359375 0.20625 0.5203125 0.20625 0.5203125 0.278125 0.4359375 0.278125
2 0.1703125 0.678125 0.259375 0.678125 0.259375 0.753125 0.1703125 0.753125
0 0.796875 0.3421875 0.909375 0.3421875 0.909375 0.4140625 0.796875 0.4140625
0 0.79375 0.421875 0.909375 0.421875 0.909375 0.4796875 0.79375 0.4796875
0 0.8 0.628125 0.909375 0.628125 0.909375 0.690625 0.8 0.690625
0 0.615625 0.4890625 0.7125 0.4890625 0.7125 0.546875 0.615625 0.546875
0 0.14375 0.4890625 0.25 0.4890625 0.25 0.5484375 0.14375 0.5484375
0 0.1578125 0.415625 0.2609375 0.415625 0.2609375 0.478125 0.1578125 0.478125
0 0.53125 0.684375 0.60625 0.684375 0.60625 0.75625 0.53125 0.75625