6 0.109375 0.240625 0.2546875 0.240625 0.2546875 0.3125 0.109375 0.3125
6 0.525 0.1390625 0.7078125 0.1390625 0.7078125 0.221875 0.525 0.221875
6 0.3234375 0.434375 0.5046875 0.434375 0.5046875 0.5046875 0.3234375 0.5046875
6 0.1234375 0.553125 0.2828125 0.553125 0.2828125 0.625 0.1234375 0.625
6 0.175 0.640625 0.321875 0.640625 0.321875 0.7203125 0.175 0.7203125
6 0.540625 0.6265625 0.7046875 0.6265625 0.7046875 0.703125 0.540625 0.703125
0 0.1421875 0.45 0.2921875 0.45 0.2921875 0.5125 0.1421875 0.5125
0 0.55625 0.4171875 0.7171875 0.4171875 0.7171875 0.49375 0.55625 0.49375
0 0.765625 0.534375 0.934375 0.534375 0.934375 0.60625 0.765625 0.60625
0 0.1140625 0.359375 0.2640625 0.359375 0.2640625 0.43125 0.1140625 0.43125
0 0.375 0.3375 0.5390625 0.3375 0.5390625 0.3984375 0.375 0.3984375
0 0.5703125 0.2453125 0.7515625 0.2453125 0.7515625 0.3125 0.5703125 0.3125