6 0.6625 0.5671875 0.728125 0.5671875 0.728125 0.79375 0.6625 0.79375
6 0.3859375 0.5734375 0.4421875 0.5734375 0.4421875 0.7984375 0.3859375 0.7984375
0 0.578125 0.3765625 0.6375 0.3765625 0.6375 0.58125 0.578125 0.58125
0 0.4734375 0.39375 0.528125 0.39375 0.528125 0.603125 0.4734375 0.603125
9 0.76875 0.565625 0.83125 0.565625 0.83125 0.7140625 0.76875 0.7140625
9 0.690625 0.4453125 0.7453125 0.4453125 0.7453125 0.6015625 0.690625 0.6015625
9 0.3796875 0.3984375 0.440625 0.3984375 0.440625 0.56875 0.3796875 0.56875
3 0.7328125 0.7546875 0.7859375 0.7546875 0.7859375 0.9140625 0.7328125 0.9140625
3 0.7625 0.35 0.834375 0.35 0.834375 0.515625 0.7625 0.515625
3 0.7640625 0.1625 0.8390625 0.1625 0.8390625 0.3328125 0.7640625 0.3328125
3 0.5578125 0.184375 0.6171875 0.184375 0.6171875 0.3578125 0.5578125 0.3578125
3 0.475 0.20625 0.53125 0.20625 0.53125 0.365625 0.475 0.365625
3 0.3609375 0.1765625 0.4234375 0.1765625 0.4234375 0.3625 0.3609375 0.3625
3 0.5640625 0.5765625 0.6234375 0.5765625 0.6234375 0.74375 0.5640625 0.74375
3 0.475 0.6125 0.525 0.6125 0.525 0.7875 0.475 0.7875