1 0.0203125 0.14375 0.2390625 0.14375 0.2390625 0.26875 0.0203125 0.26875
1 0.071875 0.4296875 0.265625 0.4296875 0.265625 0.5046875 0.071875 0.5046875
4 0.496875 0.1765625 0.721875 0.1765625 0.721875 0.2765625 0.496875 0.2765625
4 0.734375 0.5109375 0.9625 0.5109375 0.9625 0.6078125 0.734375 0.6078125
4 0.75625 0.1640625 0.984375 0.1640625 0.984375 0.2796875 0.75625 0.2796875
1 0.50625 0.396875 0.7265625 0.396875 0.7265625 0.4875 0.50625 0.4875
10 0.2796875 0.15625 0.4421875 0.15625 0.4421875 0.284375 0.2796875 0.284375
10 0.29375 0.4046875 0.4671875 0.4046875 0.4671875 0.4890625 0.29375 0.4890625
10 0.715625 0.2953125 0.96875 0.2953125 0.96875 0.3859375 0.715625 0.3859375
7 0.03125 0.5078125 0.221875 0.5078125 0.221875 0.6015625 0.03125 0.6015625
7 0.309375 0.5078125 0.503125 0.5078125 0.503125 0.609375 0.309375 0.609375
7 0.546875 0.5015625 0.759375 0.5015625 0.759375 0.6 0.546875 0.6