5 0.509375 0.003125 0.55 0.003125 0.55 0.134375 0.509375 0.134375
0 0.228125 0.3171875 0.2765625 0.3171875 0.2765625 0.4453125 0.228125 0.4453125
4 0.5296875 0.278125 0.5703125 0.278125 0.5703125 0.434375 0.5296875 0.434375
11 0.4671875 0.1 0.5046875 0.1 0.5046875 0.228125 0.4671875 0.228125
10 0.4609375 0.1734375 0.50625 0.1734375 0.50625 0.3453125 0.4609375 0.3453125
8 0.4046875 0.415625 0.446875 0.415625 0.446875 0.5421875 0.4046875 0.5421875
6 0.4546875 0.403125 0.4921875 0.403125 0.4921875 0.5265625 0.4546875 0.5265625
8 0.3484375 0.415625 0.3875 0.415625 0.3875 0.55 0.3484375 0.55
11 0.275 0.4265625 0.321875 0.4265625 0.321875 0.5453125 0.275 0.5453125
7 0.284375 0.2671875 0.3390625 0.2671875 0.3390625 0.425 0.284375 0.425
6 0.303125 0.196875 0.34375 0.196875 0.34375 0.3171875 0.303125 0.3171875
1 0.328125 0.275 0.3859375 0.275 0.3859375 0.4375 0.328125 0.4375
0 0.35 0.2125 0.390625 0.2125 0.390625 0.3359375 0.35 0.3359375
5 0.40625 0.1953125 0.440625 0.1953125 0.440625 0.3171875 0.40625 0.3171875
5 0.4109375 0.3015625 0.453125 0.3015625 0.453125 0.41875 0.4109375 0.41875
5 0.4765625 0.3140625 0.50625 0.3140625 0.50625 0.4375 0.4765625 0.4375