5 0.7375 0.8703125 0.828125 0.8703125 0.828125 0.9859375 0.7375 0.9859375
5 0.6375 0.7546875 0.709375 0.7546875 0.709375 0.8703125 0.6375 0.8703125
3 0.1765625 0.4453125 0.2484375 0.4453125 0.2484375 0.50625 0.1765625 0.50625
3 0.259375 0.3421875 0.3296875 0.3421875 0.3296875 0.4171875 0.259375 0.4171875
3 0.1796875 0.21875 0.25 0.21875 0.25 0.303125 0.1796875 0.303125
3 0.25625 0.1234375 0.334375 0.1234375 0.334375 0.2203125 0.25625 0.2203125
3 0.7359375 0.534375 0.8109375 0.534375 0.8109375 0.634375 0.7359375 0.634375
3 0.7265625 0.771875 0.809375 0.771875 0.809375 0.865625 0.7265625 0.865625
2 0.409375 0.1046875 0.475 0.1046875 0.475 0.2234375 0.409375 0.2234375
2 0.3328125 0.225 0.3953125 0.225 0.3953125 0.334375 0.3328125 0.334375
2 0.4859375 0.2078125 0.553125 0.2078125 0.553125 0.2984375 0.4859375 0.2984375
0 0.728125 0.315625 0.8171875 0.315625 0.8171875 0.415625 0.728125 0.415625
0 0.7375 0.06875 0.8140625 0.06875 0.8140625 0.1984375 0.7375 0.1984375
0 0.553125 0.334375 0.63125 0.334375 0.63125 0.43125 0.553125 0.43125
0 0.4125 0.753125 0.48125 0.753125 0.48125 0.85 0.4125 0.85
0 0.25 0.7484375 0.334375 0.7484375 0.334375 0.8546875 0.25 0.8546875
0 0.409375 0.5234375 0.4796875 0.5234375 0.4796875 0.6296875 0.409375 0.6296875
3 0.653125 0.6703125 0.715625 0.6703125 0.715625 0.7453125 0.653125 0.7453125
0 0.4015625 0.3234375 0.4671875 0.3234375 0.4671875 0.4078125 0.4015625 0.4078125