11 0.121875 0.45625 0.2078125 0.45625 0.2078125 0.5109375 0.121875 0.5109375
11 0.2109375 0.45 0.3046875 0.45 0.3046875 0.5125 0.2109375 0.5125
11 0.196875 0.5171875 0.296875 0.5171875 0.296875 0.571875 0.196875 0.571875
11 0.4765625 0.5125 0.5546875 0.5125 0.5546875 0.5703125 0.4765625 0.5703125
9 0.13125 0.7265625 0.228125 0.7265625 0.228125 0.7828125 0.13125 0.7828125
9 0.31875 0.7171875 0.3953125 0.7171875 0.3953125 0.7875 0.31875 0.7875
9 0.5 0.721875 0.578125 0.721875 0.578125 0.7734375 0.5 0.7734375
9 0.59375 0.6546875 0.665625 0.6546875 0.665625 0.7078125 0.59375 0.7078125
9 0.6828125 0.653125 0.7640625 0.653125 0.7640625 0.715625 0.6828125 0.715625
9 0.6671875 0.509375 0.7515625 0.509375 0.7515625 0.5625 0.6671875 0.5625
9 0.478125 0.378125 0.5515625 0.378125 0.5515625 0.4359375 0.478125 0.4359375
9 0.378125 0.2515625 0.465625 0.2515625 0.465625 0.3046875 0.378125 0.3046875
9 0.5609375 0.3046875 0.65 0.3046875 0.65 0.359375 0.5609375 0.359375
9 0.2921875 0.2453125 0.3703125 0.2453125 0.3703125 0.30625 0.2921875 0.30625
9 0.315625 0.65625 0.3859375 0.65625 0.3859375 0.7125 0.315625 0.7125
8 0.1203125 0.521875 0.196875 0.521875 0.196875 0.578125 0.1203125 0.578125
8 0.1078125 0.584375 0.2015625 0.584375 0.2015625 0.6515625 0.1078125 0.6515625
8 0.1171875 0.659375 0.2234375 0.659375 0.2234375 0.71875 0.1171875 0.71875
8 0.2015625 0.21875 0.2875 0.21875 0.2875 0.2890625 0.2015625 0.2890625
7 0.0765625 0.315625 0.2015625 0.315625 0.2015625 0.38125 0.0765625 0.38125
6 0.10625 0.3953125 0.2046875 0.3953125 0.2046875 0.446875 0.10625 0.446875
6 0.284375 0.3859375 0.3734375 0.3859375 0.3734375 0.440625 0.284375 0.440625
6 0.38125 0.4578125 0.465625 0.4578125 0.465625 0.5078125 0.38125 0.5078125
6 0.3828125 0.3171875 0.4765625 0.3171875 0.4765625 0.375 0.3828125 0.375
6 0.303125 0.5796875 0.3984375 0.5796875 0.3984375 0.6484375 0.303125 0.6484375
5 0.09375 0.25 0.184375 0.25 0.184375 0.309375 0.09375 0.309375
5 0.3703125 0.3890625 0.46875 0.3890625 0.46875 0.4421875 0.3703125 0.4421875
3 0.2390625 0.73125 0.3125 0.73125 0.3125 0.7875 0.2390625 0.7875
3 0.2296875 0.6625 0.3125 0.6625 0.3125 0.71875 0.2296875 0.71875
3 0.778125 0.653125 0.8609375 0.653125 0.8609375 0.715625 0.778125 0.715625
3 0.3953125 0.51875 0.4625 0.51875 0.4625 0.5734375 0.3953125 0.5734375
3 0.303125 0.4546875 0.36875 0.4546875 0.36875 0.5109375 0.303125 0.5109375
3 0.2046875 0.3890625 0.2875 0.3890625 0.2875 0.4484375 0.2046875 0.4484375
2 0.571875 0.371875 0.659375 0.371875 0.659375 0.4296875 0.571875 0.4296875
2 0.4015625 0.653125 0.4703125 0.653125 0.4703125 0.715625 0.4015625 0.715625
2 0.4125 0.721875 0.4796875 0.721875 0.4796875 0.803125 0.4125 0.803125
2 0.484375 0.221875 0.55625 0.221875 0.55625 0.290625 0.484375 0.290625
0 0.196875 0.31875 0.2734375 0.31875 0.2734375 0.375 0.196875 0.375
0 0.2125 0.5859375 0.29375 0.5859375 0.29375 0.6484375 0.2125 0.6484375
0 0.484375 0.65 0.571875 0.65 0.571875 0.709375 0.484375 0.709375
0 0.7609375 0.584375 0.8609375 0.584375 0.8609375 0.6375 0.7609375 0.6375
0 0.3078125 0.521875 0.3921875 0.521875 0.3921875 0.5765625 0.3078125 0.5765625
0 0.48125 0.45 0.5640625 0.45 0.5640625 0.50625 0.48125 0.50625
0 0.2859375 0.3203125 0.375 0.3203125 0.375 0.3734375 0.2859375 0.3734375