10 0.2515625 0.425 0.328125 0.425 0.328125 0.496875 0.2515625 0.496875
10 0.2546875 0.3109375 0.3265625 0.3109375 0.3265625 0.4015625 0.2546875 0.4015625
10 0.246875 0.203125 0.325 0.203125 0.325 0.296875 0.246875 0.296875
10 0.4046875 0.41875 0.4625 0.41875 0.4625 0.490625 0.4046875 0.490625
10 0.540625 0.409375 0.5953125 0.409375 0.5953125 0.4890625 0.540625 0.4890625
10 0.6703125 0.29375 0.7484375 0.29375 0.7484375 0.390625 0.6703125 0.390625
10 0.671875 0.484375 0.75625 0.484375 0.75625 0.5640625 0.671875 0.5640625
9 0.34375 0.5046875 0.390625 0.5046875 0.390625 0.5703125 0.34375 0.5703125
9 0.415625 0.5875 0.4625 0.5875 0.4625 0.646875 0.415625 0.646875
9 0.4796875 0.6796875 0.5265625 0.6796875 0.5265625 0.74375 0.4796875 0.74375
9 0.54375 0.59375 0.59375 0.59375 0.59375 0.6546875 0.54375 0.6546875
9 0.6125 0.6796875 0.6578125 0.6796875 0.6578125 0.7390625 0.6125 0.7390625
9 0.6109375 0.7734375 0.6578125 0.7734375 0.6578125 0.840625 0.6109375 0.840625
9 0.6796875 0.6765625 0.725 0.6765625 0.725 0.7421875 0.6796875 0.7421875
9 0.5390625 0.3203125 0.5859375 0.3203125 0.5859375 0.384375 0.5390625 0.384375
9 0.6640625 0.13125 0.7171875 0.13125 0.7171875 0.2 0.6640625 0.2
9 0.34375 0.2328125 0.390625 0.2328125 0.390625 0.29375 0.34375 0.29375
9 0.26875 0.1390625 0.3140625 0.1390625 0.3140625 0.2046875 0.26875 0.2046875
7 0.2578125 0.5875 0.33125 0.5875 0.33125 0.66875 0.2578125 0.66875
7 0.3328125 0.684375 0.4 0.684375 0.4 0.7796875 0.3328125 0.7796875
7 0.4046875 0.3078125 0.4609375 0.3078125 0.4609375 0.390625 0.4046875 0.390625
7 0.4 0.1140625 0.4609375 0.1140625 0.4609375 0.225 0.4 0.225
7 0.478125 0.10625 0.5375 0.10625 0.5375 0.215625 0.478125 0.215625
6 0.3375 0.134375 0.390625 0.134375 0.390625 0.215625 0.3375 0.215625
6 0.6 0.128125 0.65 0.128125 0.65 0.2109375 0.6 0.2109375
6 0.34375 0.6046875 0.3953125 0.6046875 0.3953125 0.6765625 0.34375 0.6765625
6 0.74375 0.4 0.815625 0.4 0.815625 0.4625 0.74375 0.4625
4 0.2578125 0.78125 0.3265625 0.78125 0.3265625 0.8875 0.2578125 0.8875
4 0.3375 0.415625 0.3984375 0.415625 0.3984375 0.4875 0.3375 0.4875
4 0.3328125 0.30625 0.3921875 0.30625 0.3921875 0.3921875 0.3328125 0.3921875
4 0.4765625 0.496875 0.5296875 0.496875 0.5296875 0.575 0.4765625 0.575
1 0.5375 0.76875 0.59375 0.76875 0.59375 0.8796875 0.5375 0.8796875