0 0.08125 0.2078125 0.190625 0.2078125 0.190625 0.29375 0.08125 0.29375
0 0.0828125 0.303125 0.209375 0.303125 0.209375 0.3828125 0.0828125 0.3828125
0 0.0859375 0.3921875 0.2015625 0.3921875 0.2015625 0.4609375 0.0859375 0.4609375
0 0.0859375 0.4859375 0.1921875 0.4859375 0.1921875 0.5578125 0.0859375 0.5578125
0 0.0796875 0.55625 0.1921875 0.55625 0.1921875 0.634375 0.0796875 0.634375
0 0.090625 0.6375 0.1984375 0.6375 0.1984375 0.7125 0.090625 0.7125
0 0.0625 0.79375 0.190625 0.79375 0.190625 0.903125 0.0625 0.903125
3 0.83125 0.24375 0.9203125 0.24375 0.9203125 0.315625 0.83125 0.315625
3 0.83125 0.31875 0.9484375 0.31875 0.9484375 0.39375 0.83125 0.39375
3 0.8375 0.4 0.959375 0.4 0.959375 0.4703125 0.8375 0.4703125
3 0.825 0.4765625 0.965625 0.4765625 0.965625 0.5359375 0.825 0.5359375
3 0.834375 0.559375 0.9328125 0.559375 0.9328125 0.6328125 0.834375 0.6328125
3 0.8375 0.6375 0.9484375 0.6375 0.9484375 0.7015625 0.8375 0.7015625
5 0.5265625 0.7046875 0.6203125 0.7046875 0.6203125 0.7890625 0.5265625 0.7890625
5 0.5296875 0.7921875 0.6375 0.7921875 0.6375 0.8890625 0.5296875 0.8890625
2 0.4203125 0.221875 0.5359375 0.221875 0.5359375 0.30625 0.4203125 0.30625
2 0.421875 0.30625 0.5515625 0.30625 0.5515625 0.38125 0.421875 0.38125
2 0.4203125 0.39375 0.5390625 0.39375 0.5390625 0.4765625 0.4203125 0.4765625
3 0.828125 0.709375 0.93125 0.709375 0.93125 0.78125 0.828125 0.78125