9 0.61875 0.38125 0.703125 0.38125 0.703125 0.4125 0.61875 0.4125
9 0.71875 0.3734375 0.784375 0.3734375 0.784375 0.4078125 0.71875 0.4078125
9 0.8125 0.3765625 0.9015625 0.3765625 0.9015625 0.4109375 0.8125 0.4109375
9 0.7203125 0.425 0.796875 0.425 0.796875 0.45625 0.7203125 0.45625
9 0.534375 0.4265625 0.61875 0.4265625 0.61875 0.4625 0.534375 0.4625
9 0.63125 0.475 0.7078125 0.475 0.7078125 0.503125 0.63125 0.503125
9 0.71875 0.459375 0.8 0.459375 0.8 0.5 0.71875 0.5
9 0.83125 0.4734375 0.9 0.4734375 0.9 0.503125 0.83125 0.503125
9 0.628125 0.515625 0.696875 0.515625 0.696875 0.54375 0.628125 0.54375
9 0.553125 0.515625 0.61875 0.515625 0.61875 0.54375 0.553125 0.54375
9 0.640625 0.55625 0.7078125 0.55625 0.7078125 0.584375 0.640625 0.584375
9 0.5328125 0.5625 0.5984375 0.5625 0.5984375 0.5875 0.5328125 0.5875
9 0.7265625 0.559375 0.796875 0.559375 0.796875 0.5890625 0.7265625 0.5890625
9 0.8171875 0.55 0.90625 0.55 0.90625 0.584375 0.8171875 0.584375
6 0.53125 0.38125 0.6125 0.38125 0.6125 0.41875 0.53125 0.41875
6 0.815625 0.428125 0.89375 0.428125 0.89375 0.459375 0.815625 0.459375
6 0.5375 0.46875 0.61875 0.46875 0.61875 0.5046875 0.5375 0.5046875
6 0.625 0.425 0.7125 0.425 0.7125 0.459375 0.625 0.459375
6 0.8125 0.51875 0.89375 0.51875 0.89375 0.55 0.8125 0.55
6 0.725 0.50625 0.809375 0.50625 0.809375 0.54375 0.725 0.54375
3 0.4375 0.384375 0.5125 0.384375 0.5125 0.415625 0.4375 0.415625
3 0.4375 0.4734375 0.509375 0.4734375 0.509375 0.5046875 0.4375 0.5046875
3 0.45 0.5078125 0.515625 0.5078125 0.515625 0.5421875 0.45 0.5421875
3 0.446875 0.5515625 0.51875 0.5515625 0.51875 0.5828125 0.446875 0.5828125
3 0.3578125 0.509375 0.428125 0.509375 0.428125 0.540625 0.3578125 0.540625
3 0.2828125 0.515625 0.35 0.515625 0.35 0.5421875 0.2828125 0.5421875
3 0.3640625 0.46875 0.4390625 0.46875 0.4390625 0.5 0.3640625 0.5
3 0.3515625 0.428125 0.4265625 0.428125 0.4265625 0.4546875 0.3515625 0.4546875
3 0.3625 0.3859375 0.4328125 0.3859375 0.4328125 0.421875 0.3625 0.421875
3 0.2671875 0.384375 0.3421875 0.384375 0.3421875 0.41875 0.2671875 0.41875
3 0.190625 0.43125 0.265625 0.43125 0.265625 0.45625 0.190625 0.45625
3 0.184375 0.5125 0.25 0.5125 0.25 0.5375 0.184375 0.5375
3 0.1875 0.5578125 0.253125 0.5578125 0.253125 0.5859375 0.1875 0.5859375
3 0.2765625 0.4734375 0.3484375 0.4734375 0.3484375 0.5078125 0.2765625 0.5078125
0 0.253125 0.553125 0.3375 0.553125 0.3375 0.58125 0.253125 0.58125
0 0.3484375 0.55625 0.4375 0.55625 0.4375 0.5875 0.3484375 0.5875
0 0.440625 0.4234375 0.5203125 0.4234375 0.5203125 0.4578125 0.440625 0.4578125
0 0.1609375 0.3875 0.2546875 0.3875 0.2546875 0.4203125 0.1609375 0.4203125
0 0.1765625 0.4640625 0.2703125 0.4640625 0.2703125 0.4984375 0.1765625 0.4984375
0 0.246875 0.425 0.334375 0.425 0.334375 0.4640625 0.246875 0.4640625