7 0.1234375 0.7703125 0.225 0.7703125 0.225 0.8859375 0.1234375 0.8859375
3 0.128125 0.68125 0.196875 0.68125 0.196875 0.7546875 0.128125 0.7546875
10 0.075 0.5828125 0.1859375 0.5828125 0.1859375 0.6703125 0.075 0.6703125
0 0.1046875 0.471875 0.190625 0.471875 0.190625 0.5421875 0.1046875 0.5421875
9 0.1234375 0.3765625 0.19375 0.3765625 0.19375 0.4390625 0.1234375 0.4390625
11 0.09375 0.284375 0.178125 0.284375 0.178125 0.3671875 0.09375 0.3671875
9 0.1140625 0.1984375 0.1796875 0.1984375 0.1796875 0.2625 0.1140625 0.2625
5 0.0828125 0.084375 0.171875 0.084375 0.171875 0.18125 0.0828125 0.18125
11 0.246875 0.7734375 0.3171875 0.7734375 0.3171875 0.8640625 0.246875 0.8640625
6 0.2234375 0.6625 0.2953125 0.6625 0.2953125 0.7375 0.2234375 0.7375
5 0.2359375 0.5609375 0.3109375 0.5609375 0.3109375 0.6328125 0.2359375 0.6328125
3 0.2203125 0.4875 0.2875 0.4875 0.2875 0.54375 0.2203125 0.54375
8 0.209375 0.4078125 0.2890625 0.4078125 0.2890625 0.4734375 0.209375 0.4734375
11 0.2125 0.2765625 0.2875 0.2765625 0.2875 0.3609375 0.2125 0.3609375
10 0.1921875 0.159375 0.28125 0.159375 0.28125 0.26875 0.1921875 0.26875
9 0.203125 0.1 0.271875 0.1 0.271875 0.1609375 0.203125 0.1609375
3 0.3390625 0.753125 0.3984375 0.753125 0.3984375 0.8296875 0.3390625 0.8296875
6 0.325 0.6515625 0.3875 0.6515625 0.3875 0.715625 0.325 0.715625
6 0.3453125 0.5859375 0.4046875 0.5859375 0.4046875 0.6453125 0.3453125 0.6453125
9 0.3484375 0.5 0.3984375 0.5 0.3984375 0.55625 0.3484375 0.55625
8 0.3125 0.3765625 0.384375 0.3765625 0.384375 0.4578125 0.3125 0.4578125
6 0.309375 0.29375 0.371875 0.29375 0.371875 0.365625 0.309375 0.365625
3 0.3109375 0.1984375 0.3671875 0.1984375 0.3671875 0.2671875 0.3109375 0.2671875
3 0.309375 0.096875 0.3640625 0.096875 0.3640625 0.175 0.309375 0.175
5 0.421875 0.728125 0.48125 0.728125 0.48125 0.809375 0.421875 0.809375
6 0.44375 0.6609375 0.503125 0.6609375 0.503125 0.7265625 0.44375 0.7265625
1 0.425 0.5546875 0.5015625 0.5546875 0.5015625 0.63125 0.425 0.63125
7 0.4140625 0.4578125 0.4890625 0.4578125 0.4890625 0.534375 0.4140625 0.534375
5 0.409375 0.3625 0.478125 0.3625 0.478125 0.4375 0.409375 0.4375
2 0.4078125 0.26875 0.478125 0.26875 0.478125 0.3546875 0.4078125 0.3546875
9 0.403125 0.1953125 0.4640625 0.1953125 0.4640625 0.2609375 0.403125 0.2609375
9 0.3875 0.08125 0.446875 0.08125 0.446875 0.15625 0.3875 0.15625
4 0.5078125 0.7484375 0.5890625 0.7484375 0.5890625 0.8625 0.5078125 0.8625
8 0.5140625 0.64375 0.58125 0.64375 0.58125 0.721875 0.5140625 0.721875
0 0.5234375 0.5625 0.5921875 0.5625 0.5921875 0.6265625 0.5234375 0.6265625
0 0.5125 0.4671875 0.58125 0.4671875 0.58125 0.5328125 0.5125 0.5328125
2 0.5171875 0.365625 0.596875 0.365625 0.596875 0.4359375 0.5171875 0.4359375
3 0.50625 0.2625 0.565625 0.2625 0.565625 0.33125 0.50625 0.33125
10 0.4796875 0.1578125 0.571875 0.1578125 0.571875 0.265625 0.4796875 0.265625
1 0.471875 0.0484375 0.5671875 0.0484375 0.5671875 0.159375 0.471875 0.159375
2 0.60625 0.7359375 0.671875 0.7359375 0.671875 0.8359375 0.60625 0.8359375
8 0.609375 0.634375 0.6828125 0.634375 0.6828125 0.709375 0.609375 0.709375
6 0.60625 0.553125 0.678125 0.553125 0.678125 0.615625 0.60625 0.615625
11 0.6078125 0.46875 0.6921875 0.46875 0.6921875 0.5390625 0.6078125 0.5390625
5 0.609375 0.371875 0.684375 0.371875 0.684375 0.446875 0.609375 0.446875
3 0.590625 0.284375 0.6578125 0.284375 0.6578125 0.353125 0.590625 0.353125
3 0.5765625 0.1875 0.63125 0.1875 0.63125 0.2609375 0.5765625 0.2609375
0 0.5765625 0.059375 0.65 0.059375 0.65 0.159375 0.5765625 0.159375
0 0.7 0.721875 0.78125 0.721875 0.78125 0.796875 0.7 0.796875
5 0.6984375 0.634375 0.790625 0.634375 0.790625 0.703125 0.6984375 0.703125
4 0.6921875 0.54375 0.7984375 0.54375 0.7984375 0.61875 0.6921875 0.61875
3 0.6953125 0.4578125 0.759375 0.4578125 0.759375 0.5125 0.6953125 0.5125
7 0.6828125 0.346875 0.7921875 0.346875 0.7921875 0.4375 0.6828125 0.4375
8 0.6734375 0.265625 0.765625 0.265625 0.765625 0.34375 0.6734375 0.34375
9 0.684375 0.16875 0.75625 0.16875 0.75625 0.2484375 0.684375 0.2484375
3 0.6734375 0.0890625 0.7453125 0.0890625 0.7453125 0.1640625 0.6734375 0.1640625
1 0.80625 0.7234375 0.9375 0.7234375 0.9375 0.834375 0.80625 0.834375
8 0.80625 0.6359375 0.90625 0.6359375 0.90625 0.7109375 0.80625 0.7109375
2 0.7984375 0.534375 0.8890625 0.534375 0.8890625 0.6140625 0.7984375 0.6140625
9 0.78125 0.4515625 0.8640625 0.4515625 0.8640625 0.5171875 0.78125 0.5171875
4 0.7828125 0.325 0.8859375 0.325 0.8859375 0.41875 0.7828125 0.41875
3 0.765625 0.2671875 0.8359375 0.2671875 0.8359375 0.3265625 0.765625 0.3265625
3 0.771875 0.1796875 0.840625 0.1796875 0.840625 0.246875 0.771875 0.246875
3 0.75 0.065625 0.815625 0.065625 0.815625 0.146875 0.75 0.146875