0 0.409375 0.41875 0.4921875 0.41875 0.4921875 0.4796875 0.409375 0.4796875
0 0.3 0.3359375 0.384375 0.3359375 0.384375 0.4015625 0.3 0.4015625
1 0.39375 0.153125 0.4859375 0.153125 0.4859375 0.2625 0.39375 0.2625
1 0.78125 0.421875 0.909375 0.421875 0.909375 0.4890625 0.78125 0.4890625
1 0.4015625 0.575 0.490625 0.575 0.490625 0.6375 0.4015625 0.6375
1 0.496875 0.496875 0.59375 0.496875 0.59375 0.5625 0.496875 0.5625
2 0.0625 0.3421875 0.178125 0.3421875 0.178125 0.4046875 0.0625 0.4046875
2 0.603125 0.4125 0.6828125 0.4125 0.6828125 0.471875 0.603125 0.471875
2 0.5 0.64375 0.5765625 0.64375 0.5765625 0.7125 0.5 0.7125
2 0.821875 0.71875 0.9375 0.71875 0.9375 0.7890625 0.821875 0.7890625
3 0.075 0.1921875 0.1625 0.1921875 0.1625 0.2546875 0.075 0.2546875
3 0.5921875 0.18125 0.6671875 0.18125 0.6671875 0.2515625 0.5921875 0.2515625
3 0.7015625 0.271875 0.7765625 0.271875 0.7765625 0.334375 0.7015625 0.334375
3 0.19375 0.6546875 0.278125 0.6546875 0.278125 0.7078125 0.19375 0.7078125
3 0.4125 0.709375 0.48125 0.709375 0.48125 0.775 0.4125 0.775
3 0.4140625 0.5 0.484375 0.5 0.484375 0.55 0.4140625 0.55
3 0.1984375 0.425 0.278125 0.425 0.278125 0.478125 0.1984375 0.478125
4 0.78125 0.565625 0.915625 0.565625 0.915625 0.634375 0.78125 0.634375
5 0.1703125 0.259375 0.28125 0.259375 0.28125 0.33125 0.1703125 0.33125
5 0.5 0.33125 0.58125 0.33125 0.58125 0.4 0.5 0.4