1 0.6390625 0.353125 0.7375 0.353125 0.7375 0.4203125 0.6390625 0.4203125
4 0.3421875 0.2703125 0.428125 0.2703125 0.428125 0.346875 0.3421875 0.346875
4 0.340625 0.434375 0.4234375 0.434375 0.4234375 0.5 0.340625 0.5
4 0.3453125 0.56875 0.428125 0.56875 0.428125 0.6484375 0.3453125 0.6484375
4 0.634375 0.50625 0.7359375 0.50625 0.7359375 0.565625 0.634375 0.565625
6 0.43125 0.1171875 0.51875 0.1171875 0.51875 0.196875 0.43125 0.196875
6 0.5296875 0.125 0.6140625 0.125 0.6140625 0.2015625 0.5296875 0.2015625
6 0.534375 0.4984375 0.609375 0.4984375 0.609375 0.5609375 0.534375 0.5609375
6 0.434375 0.434375 0.5109375 0.434375 0.5109375 0.4953125 0.434375 0.4953125
7 0.43125 0.196875 0.5203125 0.196875 0.5203125 0.2796875 0.43125 0.2796875
7 0.5203125 0.1921875 0.6171875 0.1921875 0.6171875 0.28125 0.5203125 0.28125
7 0.43125 0.275 0.515625 0.275 0.515625 0.35 0.43125 0.35
7 0.5296875 0.359375 0.61875 0.359375 0.61875 0.4203125 0.5296875 0.4203125
7 0.4421875 0.5734375 0.521875 0.5734375 0.521875 0.64375 0.4421875 0.64375
10 0.540625 0.6453125 0.625 0.6453125 0.625 0.721875 0.540625 0.721875
10 0.5375 0.5671875 0.625 0.5671875 0.625 0.6421875 0.5375 0.6421875
10 0.446875 0.6375 0.5265625 0.6375 0.5265625 0.725 0.446875 0.725
10 0.53125 0.4296875 0.61875 0.4296875 0.61875 0.4953125 0.53125 0.4953125
10 0.43125 0.5046875 0.5234375 0.5046875 0.5234375 0.5625 0.43125 0.5625
10 0.53125 0.278125 0.6203125 0.278125 0.6203125 0.3484375 0.53125 0.3484375
10 0.434375 0.3609375 0.51875 0.3609375 0.51875 0.4234375 0.434375 0.4234375