10 0.425 0.671875 0.496875 0.671875 0.496875 0.7484375 0.425 0.7484375
10 0.309375 0.671875 0.4015625 0.671875 0.4015625 0.746875 0.309375 0.746875
10 0.2015625 0.675 0.2984375 0.675 0.2984375 0.7546875 0.2015625 0.7546875
10 0.4171875 0.5375 0.4890625 0.5375 0.4890625 0.5953125 0.4171875 0.5953125
10 0.4078125 0.403125 0.490625 0.403125 0.490625 0.459375 0.4078125 0.459375
10 0.29375 0.25 0.390625 0.25 0.390625 0.33125 0.29375 0.33125
10 0.484375 0.24375 0.5640625 0.24375 0.5640625 0.328125 0.484375 0.328125
9 0.503125 0.609375 0.571875 0.609375 0.571875 0.6546875 0.503125 0.6546875
9 0.5875 0.5375 0.6453125 0.5375 0.6453125 0.584375 0.5875 0.584375
9 0.6796875 0.4734375 0.74375 0.4734375 0.74375 0.521875 0.6796875 0.521875
9 0.5921875 0.40625 0.6546875 0.40625 0.6546875 0.45625 0.5921875 0.45625
9 0.68125 0.340625 0.7375 0.340625 0.7375 0.3875 0.68125 0.3875
9 0.771875 0.3421875 0.840625 0.3421875 0.840625 0.390625 0.771875 0.390625
9 0.675 0.275 0.74375 0.275 0.74375 0.321875 0.675 0.321875
9 0.3203125 0.415625 0.384375 0.415625 0.384375 0.459375 0.3203125 0.459375
9 0.13125 0.2828125 0.2 0.2828125 0.2 0.3375 0.13125 0.3375
9 0.2328125 0.609375 0.2953125 0.609375 0.2953125 0.6578125 0.2328125 0.6578125
9 0.1375 0.684375 0.20625 0.684375 0.20625 0.73125 0.1375 0.73125
7 0.5875 0.66875 0.671875 0.66875 0.671875 0.7421875 0.5875 0.7421875
7 0.684375 0.6 0.7796875 0.6 0.7796875 0.6671875 0.684375 0.6671875
7 0.3078125 0.5390625 0.3921875 0.5390625 0.3921875 0.5953125 0.3078125 0.5953125
7 0.1125 0.5390625 0.2265625 0.5390625 0.2265625 0.6 0.1125 0.6
7 0.1046875 0.4625 0.215625 0.4625 0.215625 0.5234375 0.1046875 0.5234375
6 0.1359375 0.609375 0.215625 0.609375 0.215625 0.6625 0.1359375 0.6625
6 0.128125 0.35 0.2125 0.35 0.2125 0.4 0.128125 0.4
6 0.603125 0.6046875 0.675 0.6046875 0.675 0.6546875 0.603125 0.6546875
6 0.4015625 0.1859375 0.4609375 0.1859375 0.4609375 0.2546875 0.4015625 0.2546875
4 0.78125 0.6734375 0.8875 0.6734375 0.8875 0.7421875 0.78125 0.7421875
4 0.415625 0.6015625 0.4875 0.6015625 0.4875 0.6625 0.415625 0.6625
4 0.3046875 0.60625 0.3921875 0.60625 0.3921875 0.6671875 0.3046875 0.6671875
4 0.4953125 0.4703125 0.575 0.4703125 0.575 0.5234375 0.4953125 0.5234375
1 0.7671875 0.40625 0.88125 0.40625 0.88125 0.4640625 0.7671875 0.4640625