9 0.7359375 0.2140625 0.8078125 0.2140625 0.8078125 0.2953125 0.7359375 0.2953125
9 0.4984375 0.609375 0.5640625 0.609375 0.5640625 0.684375 0.4984375 0.684375
9 0.43125 0.6171875 0.490625 0.6171875 0.490625 0.6875 0.43125 0.6875
9 0.3515625 0.328125 0.4109375 0.328125 0.4109375 0.4046875 0.3515625 0.4046875
6 0.7203125 0.390625 0.8015625 0.390625 0.8015625 0.478125 0.7203125 0.478125
6 0.484375 0.190625 0.5625 0.190625 0.5625 0.309375 0.484375 0.309375
6 0.4125 0.06875 0.484375 0.06875 0.484375 0.1984375 0.4125 0.1984375
6 0.4984375 0.50625 0.5671875 0.50625 0.5671875 0.5796875 0.4984375 0.5796875
3 0.646875 0.0875 0.7078125 0.0875 0.7078125 0.184375 0.646875 0.184375
3 0.515625 0.4203125 0.575 0.4203125 0.575 0.48125 0.515625 0.48125
3 0.2703125 0.5234375 0.3421875 0.5234375 0.3421875 0.5890625 0.2703125 0.5890625
3 0.35625 0.6109375 0.415625 0.6109375 0.415625 0.6828125 0.35625 0.6828125
3 0.3375 0.7078125 0.425 0.7078125 0.425 0.784375 0.3375 0.784375
3 0.421875 0.7046875 0.4921875 0.7046875 0.4921875 0.7875 0.421875 0.7875
3 0.275 0.8015625 0.340625 0.8015625 0.340625 0.8953125 0.275 0.8953125
11 0.565625 0.0703125 0.646875 0.0703125 0.646875 0.18125 0.565625 0.18125
11 0.6328125 0.71875 0.7140625 0.71875 0.7140625 0.8125 0.6328125 0.8125
11 0.340625 0.8046875 0.4203125 0.8046875 0.4203125 0.9140625 0.340625 0.9140625
10 0.15625 0.06875 0.2546875 0.06875 0.2546875 0.1796875 0.15625 0.1796875
8 0.5640625 0.1984375 0.6421875 0.1984375 0.6421875 0.3046875 0.5640625 0.3046875
8 0.2578125 0.4171875 0.34375 0.4171875 0.34375 0.4984375 0.2578125 0.4984375
5 0.4265625 0.3078125 0.4921875 0.3078125 0.4921875 0.3875 0.4265625 0.3875
4 0.4203125 0.4078125 0.4984375 0.4078125 0.4984375 0.4984375 0.4203125 0.4984375
2 0.6390625 0.2953125 0.7109375 0.2953125 0.7109375 0.390625 0.6390625 0.390625
2 0.3453125 0.2078125 0.4265625 0.2078125 0.4265625 0.296875 0.3453125 0.296875
2 0.26875 0.6015625 0.3515625 0.6015625 0.3515625 0.7046875 0.26875 0.7046875
2 0.7109375 0.4953125 0.803125 0.4953125 0.803125 0.596875 0.7109375 0.596875
1 0.7171875 0.809375 0.825 0.809375 0.825 0.953125 0.7171875 0.953125
1 0.2453125 0.1796875 0.3375 0.1796875 0.3375 0.296875 0.2453125 0.296875
5 0.64375 0.3953125 0.7109375 0.3953125 0.7109375 0.490625 0.64375 0.490625
1 0.575 0.6078125 0.64375 0.6078125 0.64375 0.70625 0.575 0.70625
0 0.1609375 0.4421875 0.253125 0.4421875 0.253125 0.5203125 0.1609375 0.5203125
0 0.4203125 0.5078125 0.4859375 0.5078125 0.4859375 0.58125 0.4203125 0.58125
1 0.646875 0.1890625 0.7265625 0.1890625 0.7265625 0.2875 0.646875 0.2875