5 0.6921875 0.6546875 0.7359375 0.6546875 0.7359375 0.7390625 0.6921875 0.7390625
5 0.64375 0.7484375 0.68125 0.7484375 0.68125 0.8375 0.64375 0.8375
5 0.54375 0.6546875 0.58125 0.6546875 0.58125 0.74375 0.54375 0.74375
5 0.553125 0.528125 0.590625 0.528125 0.590625 0.609375 0.553125 0.609375
0 0.590625 0.846875 0.625 0.846875 0.625 0.9390625 0.590625 0.9390625
6 0.60625 0.653125 0.64375 0.653125 0.64375 0.728125 0.60625 0.728125
8 0.496875 0.540625 0.53125 0.540625 0.53125 0.615625 0.496875 0.615625
11 0.4921875 0.453125 0.5265625 0.453125 0.5265625 0.528125 0.4921875 0.528125
11 0.446875 0.853125 0.478125 0.853125 0.478125 0.946875 0.446875 0.946875
8 0.4953125 0.84375 0.5265625 0.84375 0.5265625 0.95 0.4953125 0.95
6 0.3953125 0.6390625 0.43125 0.6390625 0.43125 0.7234375 0.3953125 0.7234375
0 0.35625 0.7578125 0.396875 0.7578125 0.396875 0.8640625 0.35625 0.8640625