9 0.6890625 0.5984375 0.75625 0.5984375 0.75625 0.7484375 0.6890625 0.7484375
9 0.6765625 0.434375 0.7375 0.434375 0.7375 0.590625 0.6765625 0.590625
9 0.6015625 0.165625 0.6609375 0.165625 0.6609375 0.30625 0.6015625 0.30625
9 0.5203125 0.45 0.5734375 0.45 0.5734375 0.5875 0.5203125 0.5875
9 0.2125 0.4421875 0.275 0.4421875 0.275 0.5921875 0.2125 0.5921875
9 0.1296875 0.3078125 0.1921875 0.3078125 0.1921875 0.4546875 0.1296875 0.4546875
9 0.15625 0.146875 0.21875 0.146875 0.21875 0.284375 0.15625 0.284375
9 0.2828125 0.153125 0.35 0.153125 0.35 0.29375 0.2828125 0.29375
3 0.2109375 0.1171875 0.2671875 0.1171875 0.2671875 0.2671875 0.2109375 0.2671875
3 0.45 0.1578125 0.503125 0.1578125 0.503125 0.3109375 0.45 0.3109375
3 0.6640625 0.125 0.7265625 0.125 0.7265625 0.2734375 0.6640625 0.2734375
3 0.675 0.265625 0.74375 0.265625 0.74375 0.4140625 0.675 0.4140625
3 0.453125 0.2828125 0.509375 0.2828125 0.509375 0.4296875 0.453125 0.4296875
3 0.3703125 0.2890625 0.4265625 0.2890625 0.4265625 0.4453125 0.3703125 0.4453125
3 0.29375 0.453125 0.353125 0.453125 0.353125 0.615625 0.29375 0.615625
3 0.515625 0.128125 0.571875 0.128125 0.571875 0.29375 0.515625 0.29375
0 0.2796875 0.621875 0.3578125 0.621875 0.3578125 0.78125 0.2796875 0.78125
5 0.365625 0.0984375 0.428125 0.0984375 0.428125 0.309375 0.365625 0.309375
5 0.0875 0.5890625 0.18125 0.5890625 0.18125 0.7890625 0.0875 0.7890625
5 0.540625 0.578125 0.6109375 0.578125 0.6109375 0.753125 0.540625 0.753125
5 0.5984375 0.39375 0.675 0.39375 0.675 0.5796875 0.5984375 0.5796875
11 0.1875 0.584375 0.2671875 0.584375 0.2671875 0.78125 0.1875 0.78125
11 0.61875 0.590625 0.6875 0.590625 0.6875 0.765625 0.61875 0.765625
8 0.3625 0.5765625 0.43125 0.5765625 0.43125 0.746875 0.3625 0.746875
8 0.45 0.584375 0.51875 0.584375 0.51875 0.76875 0.45 0.76875
6 0.4453125 0.409375 0.5 0.409375 0.5 0.58125 0.4453125 0.58125
6 0.1015625 0.4265625 0.1875 0.4265625 0.1875 0.59375 0.1015625 0.59375
7 0.359375 0.371875 0.43125 0.371875 0.43125 0.5859375 0.359375 0.5859375
0 0.203125 0.2515625 0.278125 0.2515625 0.278125 0.4453125 0.203125 0.4453125
1 0.271875 0.21875 0.35625 0.21875 0.35625 0.4640625 0.271875 0.4640625
4 0.509375 0.2125 0.578125 0.2125 0.578125 0.4328125 0.509375 0.4328125
10 0.590625 0.19375 0.6671875 0.19375 0.6671875 0.41875 0.590625 0.41875