3 0.34375 0.25 0.4 0.25 0.4 0.3234375 0.34375 0.3234375
3 0.5703125 0.1234375 0.61875 0.1234375 0.61875 0.1984375 0.5703125 0.1984375
3 0.7140625 0.2421875 0.775 0.2421875 0.775 0.315625 0.7140625 0.315625
3 0.715625 0.4375 0.7796875 0.4375 0.7796875 0.5078125 0.715625 0.5078125
3 0.5734375 0.4234375 0.6203125 0.4234375 0.6203125 0.5046875 0.5734375 0.5046875
3 0.5625 0.5375 0.615625 0.5375 0.615625 0.6125 0.5625 0.6125
3 0.5796875 0.7421875 0.634375 0.7421875 0.634375 0.83125 0.5796875 0.83125
3 0.503125 0.628125 0.5546875 0.628125 0.5546875 0.7125 0.503125 0.7125
3 0.4296875 0.7453125 0.4859375 0.7453125 0.4859375 0.828125 0.4296875 0.828125
3 0.34375 0.6484375 0.3984375 0.6484375 0.3984375 0.728125 0.34375 0.728125
3 0.2671875 0.55625 0.33125 0.55625 0.33125 0.6296875 0.2671875 0.6296875
3 0.3484375 0.45 0.4046875 0.45 0.4046875 0.515625 0.3484375 0.515625
3 0.425 0.4484375 0.475 0.4484375 0.475 0.5125 0.425 0.5125
3 0.2796875 0.3546875 0.3375 0.3546875 0.3375 0.4203125 0.2796875 0.4203125
3 0.171875 0.446875 0.2453125 0.446875 0.2453125 0.5203125 0.171875 0.5203125
8 0.4875 0.334375 0.5484375 0.334375 0.5484375 0.4203125 0.4875 0.4203125
8 0.3234375 0.11875 0.3984375 0.11875 0.3984375 0.225 0.3234375 0.225
2 0.24375 0.246875 0.321875 0.246875 0.321875 0.3375 0.24375 0.3375
2 0.41875 0.54375 0.48125 0.54375 0.48125 0.621875 0.41875 0.621875
2 0.4921875 0.5296875 0.553125 0.5296875 0.553125 0.6109375 0.4921875 0.6109375
2 0.6421875 0.3375 0.715625 0.3375 0.715625 0.415625 0.6421875 0.415625
4 0.2515625 0.74375 0.3421875 0.74375 0.3421875 0.871875 0.2515625 0.871875
5 0.253125 0.446875 0.328125 0.446875 0.328125 0.5203125 0.253125 0.5203125
5 0.640625 0.54375 0.715625 0.54375 0.715625 0.634375 0.640625 0.634375