9 0.20625 0.1359375 0.28125 0.1359375 0.28125 0.3375 0.20625 0.3375
9 0.284375 0.1484375 0.35 0.1484375 0.35 0.34375 0.284375 0.34375
9 0.50625 0.1609375 0.565625 0.1609375 0.565625 0.346875 0.50625 0.346875
9 0.6984375 0.140625 0.7734375 0.140625 0.7734375 0.3328125 0.6984375 0.3328125
9 0.0734375 0.3296875 0.1640625 0.3296875 0.1640625 0.5234375 0.0734375 0.5234375
9 0.171875 0.34375 0.2578125 0.34375 0.2578125 0.540625 0.171875 0.540625
9 0.4109375 0.3328125 0.471875 0.3328125 0.471875 0.5296875 0.4109375 0.5296875
9 0.6078125 0.3171875 0.6828125 0.3171875 0.6828125 0.509375 0.6078125 0.509375
3 0.0953125 0.1375 0.178125 0.1375 0.178125 0.3375 0.0953125 0.3375
3 0.396875 0.1515625 0.4640625 0.1515625 0.4640625 0.3390625 0.396875 0.3390625
3 0.6015625 0.1296875 0.6671875 0.1296875 0.6671875 0.31875 0.6015625 0.31875
3 0.796875 0.146875 0.8734375 0.146875 0.8734375 0.3328125 0.796875 0.3328125
3 0.8171875 0.3203125 0.9046875 0.3203125 0.9046875 0.5109375 0.8171875 0.5109375
3 0.278125 0.3140625 0.3609375 0.3140625 0.3609375 0.51875 0.278125 0.51875
3 0.509375 0.3484375 0.56875 0.3484375 0.56875 0.5359375 0.509375 0.5359375
3 0.6984375 0.3109375 0.7734375 0.3109375 0.7734375 0.5109375 0.6984375 0.5109375