9 0.0828125 0.0859375 0.1703125 0.0859375 0.1703125 0.1703125 0.0828125 0.1703125
9 0.2015625 0.09375 0.28125 0.09375 0.28125 0.18125 0.2015625 0.18125
9 0.30625 0.0734375 0.378125 0.0734375 0.378125 0.1625 0.30625 0.1625
9 0.603125 0.08125 0.6734375 0.08125 0.6734375 0.1703125 0.603125 0.1703125
9 0.696875 0.0859375 0.76875 0.0859375 0.76875 0.1703125 0.696875 0.1703125
9 0.8109375 0.0671875 0.8859375 0.0671875 0.8859375 0.1609375 0.8109375 0.1609375
9 0.3046875 0.18125 0.3765625 0.18125 0.3765625 0.265625 0.3046875 0.265625
9 0.503125 0.1703125 0.56875 0.1703125 0.56875 0.2546875 0.503125 0.2546875
9 0.60625 0.1796875 0.6734375 0.1796875 0.6734375 0.2625 0.60625 0.2625
9 0.69375 0.1796875 0.7640625 0.1796875 0.7640625 0.2625 0.69375 0.2625
9 0.8015625 0.16875 0.8859375 0.16875 0.8859375 0.2515625 0.8015625 0.2515625
9 0.0890625 0.2890625 0.16875 0.2890625 0.16875 0.371875 0.0890625 0.371875
9 0.2078125 0.2765625 0.2796875 0.2765625 0.2796875 0.359375 0.2078125 0.359375
9 0.3046875 0.290625 0.371875 0.290625 0.371875 0.3671875 0.3046875 0.3671875
9 0.4046875 0.290625 0.475 0.290625 0.475 0.365625 0.4046875 0.365625
9 0.5109375 0.2953125 0.5765625 0.2953125 0.5765625 0.3671875 0.5109375 0.3671875
9 0.5921875 0.28125 0.6546875 0.28125 0.6546875 0.3515625 0.5921875 0.3515625
9 0.090625 0.39375 0.175 0.39375 0.175 0.4640625 0.090625 0.4640625
9 0.3125 0.3984375 0.3796875 0.3984375 0.3796875 0.46875 0.3125 0.46875
9 0.503125 0.3875 0.56875 0.3875 0.56875 0.453125 0.503125 0.453125
9 0.6078125 0.39375 0.675 0.39375 0.675 0.459375 0.6078125 0.459375
9 0.7015625 0.3984375 0.778125 0.3984375 0.778125 0.46875 0.7015625 0.46875
9 0.809375 0.384375 0.8921875 0.384375 0.8921875 0.446875 0.809375 0.446875
9 0.2078125 0.4890625 0.284375 0.4890625 0.284375 0.55 0.2078125 0.55
9 0.30625 0.4984375 0.3765625 0.4984375 0.3765625 0.5640625 0.30625 0.5640625
9 0.409375 0.496875 0.4796875 0.496875 0.4796875 0.5625 0.409375 0.5625
9 0.6078125 0.484375 0.678125 0.484375 0.678125 0.55 0.6078125 0.55
9 0.796875 0.4859375 0.871875 0.4859375 0.871875 0.553125 0.796875 0.553125
9 0.0921875 0.603125 0.1765625 0.603125 0.1765625 0.6734375 0.0921875 0.6734375
9 0.3171875 0.5984375 0.3796875 0.5984375 0.3796875 0.6640625 0.3171875 0.6640625
9 0.409375 0.6015625 0.4703125 0.6015625 0.4703125 0.6671875 0.409375 0.6671875
9 0.50625 0.59375 0.5765625 0.59375 0.5765625 0.6640625 0.50625 0.6640625
9 0.6109375 0.5953125 0.68125 0.5953125 0.68125 0.6609375 0.6109375 0.6609375
9 0.71875 0.590625 0.7953125 0.590625 0.7953125 0.6609375 0.71875 0.6609375
9 0.809375 0.5828125 0.89375 0.5828125 0.89375 0.653125 0.809375 0.653125
9 0.0734375 0.6984375 0.1625 0.6984375 0.1625 0.775 0.0734375 0.775
9 0.1921875 0.696875 0.271875 0.696875 0.271875 0.76875 0.1921875 0.76875
9 0.421875 0.7078125 0.4890625 0.7078125 0.4890625 0.778125 0.421875 0.778125
9 0.7015625 0.6921875 0.78125 0.6921875 0.78125 0.759375 0.7015625 0.759375
9 0.80625 0.678125 0.8890625 0.678125 0.8890625 0.753125 0.80625 0.753125
9 0.190625 0.790625 0.2625 0.790625 0.2625 0.8703125 0.190625 0.8703125
9 0.315625 0.8078125 0.3875 0.8078125 0.3875 0.890625 0.315625 0.890625
9 0.5265625 0.796875 0.5921875 0.796875 0.5921875 0.8734375 0.5265625 0.8734375
9 0.825 0.790625 0.9171875 0.790625 0.9171875 0.8734375 0.825 0.8734375