0 0.38125 0.453125 0.4734375 0.453125 0.4734375 0.525 0.38125 0.525
0 0.046875 0.3828125 0.1609375 0.3828125 0.1609375 0.4609375 0.046875 0.4609375
2 0.771875 0.45 0.884375 0.45 0.884375 0.5125 0.771875 0.5125
2 0.271875 0.2234375 0.365625 0.2234375 0.365625 0.2953125 0.271875 0.2953125
2 0.675 0.296875 0.7703125 0.296875 0.7703125 0.371875 0.675 0.371875
2 0.1828125 0.53125 0.28125 0.53125 0.28125 0.6046875 0.1828125 0.6046875
1 0.7765625 0.665625 0.909375 0.665625 0.909375 0.775 0.7765625 0.775
1 0.1421875 0.2015625 0.2609375 0.2015625 0.2609375 0.2921875 0.1421875 0.2921875
1 0.6828125 0.203125 0.7890625 0.203125 0.7890625 0.2828125 0.6828125 0.2828125
1 0.5875 0.5296875 0.675 0.5296875 0.675 0.6015625 0.5875 0.6015625
3 0.3890625 0.6 0.478125 0.6 0.478125 0.66875 0.3890625 0.66875
3 0.290625 0.6015625 0.384375 0.6015625 0.384375 0.6703125 0.290625 0.6703125
3 0.19375 0.671875 0.2875 0.671875 0.2875 0.7421875 0.19375 0.7421875
3 0.18125 0.459375 0.2765625 0.459375 0.2765625 0.528125 0.18125 0.528125
3 0.2875 0.5296875 0.375 0.5296875 0.375 0.5953125 0.2875 0.5953125
3 0.478125 0.378125 0.5703125 0.378125 0.5703125 0.446875 0.478125 0.446875
3 0.6890625 0.1359375 0.7703125 0.1359375 0.7703125 0.1984375 0.6890625 0.1984375
4 0.3828125 0.3796875 0.46875 0.3796875 0.46875 0.4453125 0.3828125 0.4453125
5 0.675 0.3796875 0.7703125 0.3796875 0.7703125 0.4453125 0.675 0.4453125
5 0.3765625 0.3015625 0.4703125 0.3015625 0.4703125 0.3734375 0.3765625 0.3734375
6 0.471875 0.221875 0.56875 0.221875 0.56875 0.3 0.471875 0.3
6 0.3765625 0.1265625 0.4609375 0.1265625 0.4609375 0.2171875 0.3765625 0.2171875
6 0.784375 0.3703125 0.878125 0.3703125 0.878125 0.4421875 0.784375 0.4421875
6 0.484375 0.4546875 0.571875 0.4546875 0.571875 0.521875 0.484375 0.521875
8 0.1703125 0.378125 0.2734375 0.378125 0.2734375 0.4484375 0.1703125 0.4484375
8 0.5875 0.21875 0.6703125 0.21875 0.6703125 0.2921875 0.5875 0.2921875
9 0.4875 0.5296875 0.5734375 0.5296875 0.5734375 0.590625 0.4875 0.590625
9 0.384375 0.53125 0.4796875 0.53125 0.4796875 0.59375 0.384375 0.59375
9 0.8109375 0.21875 0.890625 0.21875 0.890625 0.2921875 0.8109375 0.2921875
9 0.2796875 0.3015625 0.36875 0.3015625 0.36875 0.375 0.2796875 0.375
10 0.0171875 0.109375 0.146875 0.109375 0.146875 0.2078125 0.0171875 0.2078125
11 0.6796875 0.6046875 0.7671875 0.6046875 0.7671875 0.678125 0.6796875 0.678125
11 0.2921875 0.678125 0.384375 0.678125 0.384375 0.75625 0.2921875 0.75625
11 0.5796875 0.121875 0.671875 0.121875 0.671875 0.2046875 0.5796875 0.2046875