5 0.45 0.865625 0.490625 0.865625 0.490625 0.996875 0.45 0.996875
0 0.7234375 0.5546875 0.771875 0.5546875 0.771875 0.6828125 0.7234375 0.6828125
4 0.43125 0.565625 0.471875 0.565625 0.471875 0.721875 0.43125 0.721875
11 0.4953125 0.771875 0.5328125 0.771875 0.5328125 0.9 0.4953125 0.9
10 0.49375 0.6546875 0.5390625 0.6546875 0.5390625 0.8265625 0.49375 0.8265625
8 0.553125 0.4578125 0.5953125 0.4578125 0.5953125 0.584375 0.553125 0.584375
6 0.509375 0.4734375 0.546875 0.4734375 0.546875 0.596875 0.509375 0.596875
8 0.6125 0.45 0.6515625 0.45 0.6515625 0.584375 0.6125 0.584375
11 0.678125 0.4546875 0.725 0.4546875 0.725 0.5734375 0.678125 0.5734375
7 0.6609375 0.575 0.715625 0.575 0.715625 0.7328125 0.6609375 0.7328125
6 0.6578125 0.6828125 0.6984375 0.6828125 0.6984375 0.803125 0.6578125 0.803125
1 0.6140625 0.5625 0.671875 0.5625 0.671875 0.725 0.6140625 0.725
0 0.6109375 0.6640625 0.6515625 0.6640625 0.6515625 0.7875 0.6109375 0.7875
5 0.559375 0.6828125 0.59375 0.6828125 0.59375 0.8046875 0.559375 0.8046875
5 0.546875 0.58125 0.5890625 0.58125 0.5890625 0.6984375 0.546875 0.6984375
5 0.49375 0.5625 0.5234375 0.5625 0.5234375 0.6859375 0.49375 0.6859375