11 0.1578125 0.3734375 0.2515625 0.3734375 0.2515625 0.4484375 0.1578125 0.4484375
11 0.70625 0.534375 0.790625 0.534375 0.790625 0.5875 0.70625 0.5875
11 0.7078125 0.4671875 0.8109375 0.4671875 0.8109375 0.528125 0.7078125 0.528125
11 0.7984375 0.53125 0.8890625 0.53125 0.8890625 0.5859375 0.7984375 0.5859375
9 0.2640625 0.2375 0.3265625 0.2375 0.3265625 0.3203125 0.2640625 0.3203125
9 0.2625 0.31875 0.3515625 0.31875 0.3515625 0.3875 0.2625 0.3875
9 0.3453125 0.5921875 0.421875 0.5921875 0.421875 0.653125 0.3453125 0.653125
9 0.3625 0.6625 0.45 0.6625 0.45 0.7265625 0.3625 0.7265625
9 0.4484375 0.59375 0.525 0.59375 0.525 0.6640625 0.4484375 0.6640625
9 0.43125 0.325 0.515625 0.325 0.515625 0.3796875 0.43125 0.3796875
9 0.4296875 0.24375 0.5125 0.24375 0.5125 0.3234375 0.4296875 0.3234375
9 0.6265625 0.2484375 0.70625 0.2484375 0.70625 0.3234375 0.6265625 0.3234375
9 0.628125 0.321875 0.7015625 0.321875 0.7015625 0.3890625 0.628125 0.3890625
9 0.6328125 0.3875 0.7078125 0.3875 0.7078125 0.44375 0.6328125 0.44375
9 0.5390625 0.6734375 0.6078125 0.6734375 0.6078125 0.75 0.5390625 0.75
8 0.1421875 0.4453125 0.2328125 0.4453125 0.2328125 0.528125 0.1421875 0.528125
8 0.34375 0.5125 0.4421875 0.5125 0.4421875 0.571875 0.34375 0.571875
8 0.4515625 0.5234375 0.53125 0.5234375 0.53125 0.59375 0.4515625 0.59375
8 0.5328125 0.6015625 0.6203125 0.6015625 0.6203125 0.6609375 0.5328125 0.6609375
7 0.153125 0.2046875 0.2453125 0.2046875 0.2453125 0.309375 0.153125 0.309375
6 0.15 0.3109375 0.24375 0.3109375 0.24375 0.371875 0.15 0.371875
6 0.440625 0.3765625 0.515625 0.3765625 0.515625 0.45625 0.440625 0.45625
6 0.534375 0.3828125 0.6171875 0.3828125 0.6171875 0.446875 0.534375 0.446875
6 0.5328125 0.5234375 0.6234375 0.5234375 0.6234375 0.5875 0.5328125 0.5875
6 0.796875 0.59375 0.8953125 0.59375 0.8953125 0.665625 0.796875 0.665625
5 0.1234375 0.6734375 0.2390625 0.6734375 0.2390625 0.7578125 0.1234375 0.7578125
5 0.61875 0.6671875 0.7078125 0.6671875 0.7078125 0.734375 0.61875 0.734375
3 0.2421875 0.4484375 0.3296875 0.4484375 0.3296875 0.5078125 0.2421875 0.5078125
3 0.5296875 0.4578125 0.6125 0.4578125 0.6125 0.528125 0.5296875 0.528125
3 0.7109375 0.321875 0.7875 0.321875 0.7875 0.39375 0.7109375 0.39375
3 0.7125 0.2484375 0.796875 0.2484375 0.796875 0.321875 0.7125 0.321875
3 0.7171875 0.5875 0.7859375 0.5875 0.7859375 0.653125 0.7171875 0.653125
3 0.634375 0.5234375 0.70625 0.5234375 0.70625 0.5890625 0.634375 0.5890625
3 0.1171875 0.753125 0.2421875 0.753125 0.2421875 0.81875 0.1171875 0.81875
2 0.5375 0.3265625 0.628125 0.3265625 0.628125 0.375 0.5375 0.375
2 0.528125 0.2453125 0.6265625 0.2453125 0.6265625 0.3171875 0.528125 0.3171875
2 0.7171875 0.384375 0.8171875 0.384375 0.8171875 0.45 0.7171875 0.45
0 0.1421875 0.5390625 0.2328125 0.5390625 0.2328125 0.5890625 0.1421875 0.5890625
0 0.13125 0.6015625 0.2296875 0.6015625 0.2296875 0.6609375 0.13125 0.6609375
0 0.45625 0.6640625 0.51875 0.6640625 0.51875 0.7328125 0.45625 0.7328125
0 0.628125 0.459375 0.715625 0.459375 0.715625 0.5171875 0.628125 0.5171875
0 0.4390625 0.453125 0.5328125 0.453125 0.5328125 0.5078125 0.4390625 0.5078125
0 0.71875 0.6578125 0.8125 0.6578125 0.8125 0.740625 0.71875 0.740625
0 0.61875 0.596875 0.70625 0.596875 0.70625 0.65625 0.61875 0.65625