0 0.5359375 0.2625 0.63125 0.2625 0.63125 0.3078125 0.5359375 0.3078125
0 0.5265625 0.3734375 0.628125 0.3734375 0.628125 0.4125 0.5265625 0.4125
1 0.6390625 0.36875 0.775 0.36875 0.775 0.4125 0.6390625 0.4125
3 0.85625 0.60625 0.9515625 0.60625 0.9515625 0.6453125 0.85625 0.6453125
3 0.428125 0.609375 0.5125 0.609375 0.5125 0.6453125 0.428125 0.6453125
3 0.8859375 0.5 0.9828125 0.5 0.9828125 0.528125 0.8859375 0.528125
3 0.7671875 0.271875 0.8609375 0.271875 0.8609375 0.309375 0.7671875 0.309375
3 0.415625 0.2109375 0.4953125 0.2109375 0.4953125 0.25 0.415625 0.25
3 0.31875 0.25 0.3875 0.25 0.3875 0.29375 0.31875 0.29375
3 0.2953125 0.38125 0.3703125 0.38125 0.3703125 0.4125 0.2953125 0.4125
3 0.2921875 0.4359375 0.375 0.4359375 0.375 0.46875 0.2921875 0.46875
4 0.759375 0.440625 0.9171875 0.440625 0.9171875 0.4828125 0.759375 0.4828125
5 0.625 0.55625 0.7390625 0.55625 0.7390625 0.59375 0.625 0.59375
5 0.8828125 0.5453125 0.9921875 0.5453125 0.9921875 0.584375 0.8828125 0.584375
5 0.409375 0.315625 0.503125 0.315625 0.503125 0.365625 0.409375 0.365625
11 0.771875 0.5453125 0.8828125 0.5453125 0.8828125 0.5859375 0.771875 0.5859375
11 0.7625 0.3765625 0.86875 0.3765625 0.86875 0.41875 0.7625 0.41875
10 0.5234375 0.49375 0.646875 0.49375 0.646875 0.534375 0.5234375 0.534375
9 0.871875 0.3765625 0.9703125 0.3765625 0.9703125 0.415625 0.871875 0.415625
9 0.8859375 0.2703125 0.9828125 0.2703125 0.9828125 0.3109375 0.8859375 0.3109375
9 0.784375 0.2109375 0.878125 0.2109375 0.878125 0.2546875 0.784375 0.2546875
9 0.428125 0.55625 0.50625 0.55625 0.50625 0.5921875 0.428125 0.5921875
9 0.425 0.4984375 0.5125 0.4984375 0.5125 0.5296875 0.425 0.5296875
9 0.4328125 0.4421875 0.5046875 0.4421875 0.5046875 0.471875 0.4328125 0.471875
9 0.409375 0.38125 0.484375 0.38125 0.484375 0.4171875 0.409375 0.4171875
9 0.296875 0.3109375 0.3609375 0.3109375 0.3609375 0.35625 0.296875 0.35625
8 0.5359375 0.6015625 0.6375 0.6015625 0.6375 0.65 0.5359375 0.65
8 0.28125 0.49375 0.384375 0.49375 0.384375 0.53125 0.28125 0.53125
7 0.6546875 0.2421875 0.784375 0.2421875 0.784375 0.3046875 0.6546875 0.3046875
6 0.65 0.1875 0.753125 0.1875 0.753125 0.2375 0.65 0.2375
6 0.5296875 0.440625 0.6265625 0.440625 0.6265625 0.478125 0.5296875 0.478125
5 0.5359375 0.1953125 0.6359375 0.1953125 0.6359375 0.25 0.5359375 0.25