10 0.04375 0.2390625 0.153125 0.2390625 0.153125 0.3421875 0.04375 0.3421875
7 0.1484375 0.0296875 0.2765625 0.0296875 0.2765625 0.1484375 0.1484375 0.1484375
7 0.2765625 0.3703125 0.3734375 0.3703125 0.3734375 0.4453125 0.2765625 0.4453125
8 0.3546875 0.5703125 0.4453125 0.5703125 0.4453125 0.640625 0.3546875 0.640625
8 0.146875 0.46875 0.25625 0.46875 0.25625 0.534375 0.146875 0.534375
8 0.1875 0.3734375 0.259375 0.3734375 0.259375 0.44375 0.1875 0.44375
8 0.065625 0.1453125 0.165625 0.1453125 0.165625 0.225 0.065625 0.225
9 0.40625 0.275 0.490625 0.275 0.490625 0.3234375 0.40625 0.3234375
6 0.175 0.26875 0.2546875 0.26875 0.2546875 0.3390625 0.175 0.3390625
6 0.509375 0.39375 0.5796875 0.39375 0.5796875 0.446875 0.509375 0.446875
11 0.3015625 0.05625 0.390625 0.05625 0.390625 0.14375 0.3015625 0.14375
11 0.2890625 0.4625 0.3640625 0.4625 0.3640625 0.5234375 0.2890625 0.5234375
9 0.0765625 0.4625 0.146875 0.4625 0.146875 0.5234375 0.0765625 0.5234375
5 0.1703125 0.546875 0.2578125 0.546875 0.2578125 0.60625 0.1703125 0.60625
5 0.28125 0.5515625 0.3609375 0.5515625 0.3609375 0.6078125 0.28125 0.6078125
3 0.4296875 0.096875 0.5 0.096875 0.5 0.1625 0.4296875 0.1625
3 0.0875 0.06875 0.159375 0.06875 0.159375 0.1375 0.0875 0.1375
2 0.0375 0.365625 0.15 0.365625 0.15 0.415625 0.0375 0.415625
2 0.03125 0.553125 0.1328125 0.553125 0.1328125 0.615625 0.03125 0.615625
1 0.378125 0.471875 0.465625 0.471875 0.465625 0.53125 0.378125 0.53125
1 0.2875 0.259375 0.378125 0.259375 0.378125 0.34375 0.2875 0.34375
0 0.40625 0.184375 0.465625 0.184375 0.465625 0.259375 0.40625 0.259375
4 0.303125 0.146875 0.4015625 0.146875 0.4015625 0.25 0.303125 0.25
4 0.15625 0.1609375 0.2640625 0.1609375 0.2640625 0.253125 0.15625 0.253125
10 0.39375 0.371875 0.4765625 0.371875 0.4765625 0.45 0.39375 0.45