0 0.246875 0.0625 0.2875 0.0625 0.2875 0.2125 0.246875 0.2125
5 0.365625 0.078125 0.4046875 0.078125 0.4046875 0.209375 0.365625 0.209375
11 0.4734375 0.075 0.509375 0.075 0.509375 0.2015625 0.4734375 0.2015625
5 0.6203125 0.046875 0.6609375 0.046875 0.6609375 0.184375 0.6203125 0.184375
5 0.1953125 0.88125 0.2578125 0.88125 0.2578125 1 0.1953125 1
11 0.225 0.625 0.284375 0.625 0.284375 0.75 0.225 0.75
8 0.234375 0.3828125 0.284375 0.3828125 0.284375 0.509375 0.234375 0.509375
7 0.4109375 0.3359375 0.45625 0.3359375 0.45625 0.5171875 0.4109375 0.5171875
1 0.409375 0.20625 0.453125 0.20625 0.453125 0.3828125 0.409375 0.3828125
10 0.4671875 0.2109375 0.5125 0.2109375 0.5125 0.3875 0.4671875 0.3875
6 0.35 0.6203125 0.3984375 0.6203125 0.3984375 0.75625 0.35 0.75625
8 0.5421875 0.74375 0.5953125 0.74375 0.5953125 0.859375 0.5421875 0.859375
5 0.5984375 0.584375 0.6515625 0.584375 0.6515625 0.7140625 0.5984375 0.7140625
6 0.65625 0.46875 0.70625 0.46875 0.70625 0.5984375 0.65625 0.5984375
0 0.6390625 0.24375 0.68125 0.24375 0.68125 0.3859375 0.6390625 0.3859375
4 0.4796875 0.33125 0.5234375 0.33125 0.5234375 0.5125 0.4796875 0.5125