10 0.371875 0.55625 0.4421875 0.55625 0.4421875 0.653125 0.371875 0.653125
10 0.45625 0.565625 0.5359375 0.565625 0.5359375 0.653125 0.45625 0.653125
10 0.828125 0.55625 0.9296875 0.55625 0.9296875 0.65 0.828125 0.65
10 0.7265625 0.5625 0.8328125 0.5625 0.8328125 0.653125 0.7265625 0.653125
10 0.2640625 0.390625 0.3578125 0.390625 0.3578125 0.4671875 0.2640625 0.4671875
10 0.1671875 0.36875 0.2640625 0.36875 0.2640625 0.465625 0.1671875 0.465625
10 0.6390625 0.275 0.7453125 0.275 0.7453125 0.36875 0.6390625 0.36875
10 0.734375 0.278125 0.8359375 0.278125 0.8359375 0.3625 0.734375 0.3625
10 0.265625 0.5546875 0.353125 0.5546875 0.353125 0.653125 0.265625 0.653125
7 0.359375 0.28125 0.4484375 0.28125 0.4484375 0.3734375 0.359375 0.3734375
7 0.45 0.2734375 0.5375 0.2734375 0.5375 0.375 0.45 0.375
7 0.825 0.2796875 0.9453125 0.2796875 0.9453125 0.3640625 0.825 0.3640625
7 0.25625 0.265625 0.35 0.265625 0.35 0.3796875 0.25625 0.3796875
7 0.54375 0.5546875 0.6359375 0.5546875 0.6359375 0.653125 0.54375 0.653125
7 0.6421875 0.5671875 0.7359375 0.5671875 0.7359375 0.6578125 0.6421875 0.6578125
7 0.15 0.5546875 0.253125 0.5546875 0.253125 0.65625 0.15 0.65625
7 0.540625 0.2734375 0.6296875 0.2734375 0.6296875 0.3765625 0.540625 0.3765625
4 0.3578125 0.371875 0.45 0.371875 0.45 0.4640625 0.3578125 0.4640625
4 0.45 0.378125 0.5375 0.378125 0.5375 0.4625 0.45 0.4625
4 0.540625 0.378125 0.628125 0.378125 0.628125 0.4671875 0.540625 0.4671875
4 0.63125 0.378125 0.721875 0.378125 0.721875 0.4671875 0.63125 0.4671875
4 0.7234375 0.371875 0.8296875 0.371875 0.8296875 0.4609375 0.7234375 0.4609375
4 0.8265625 0.3671875 0.940625 0.3671875 0.940625 0.45625 0.8265625 0.45625
1 0.15625 0.4609375 0.275 0.4609375 0.275 0.55 0.15625 0.55
1 0.265625 0.4625 0.36875 0.4625 0.36875 0.55625 0.265625 0.55625
1 0.3640625 0.46875 0.4390625 0.46875 0.4390625 0.55625 0.3640625 0.55625
1 0.4546875 0.4609375 0.5421875 0.4609375 0.5421875 0.5515625 0.4546875 0.5515625
1 0.5421875 0.465625 0.6359375 0.465625 0.6359375 0.553125 0.5421875 0.553125
1 0.6375 0.4609375 0.734375 0.4609375 0.734375 0.55 0.6375 0.55
1 0.725 0.465625 0.8328125 0.465625 0.8328125 0.5484375 0.725 0.5484375
1 0.8375 0.4609375 0.9359375 0.4609375 0.9359375 0.5515625 0.8375 0.5515625