11 0.7359375 0.4328125 0.8234375 0.4328125 0.8234375 0.4875 0.7359375 0.4875
11 0.58125 0.634375 0.65625 0.634375 0.65625 0.7 0.58125 0.7
11 0.20625 0.578125 0.315625 0.578125 0.315625 0.653125 0.20625 0.653125
11 0.6359375 0.2234375 0.721875 0.2234375 0.721875 0.2953125 0.6359375 0.2953125
9 0.41875 0.6921875 0.475 0.6921875 0.475 0.7640625 0.41875 0.7640625
9 0.3265625 0.571875 0.396875 0.571875 0.396875 0.6328125 0.3265625 0.6328125
9 0.309375 0.446875 0.390625 0.446875 0.390625 0.5125 0.309375 0.5125
9 0.3 0.39375 0.371875 0.39375 0.371875 0.453125 0.3 0.453125
9 0.2875 0.2625 0.3640625 0.2625 0.3640625 0.3234375 0.2875 0.3234375
9 0.5625 0.2390625 0.621875 0.2390625 0.621875 0.2984375 0.5625 0.2984375
9 0.8203125 0.2984375 0.9078125 0.2984375 0.9078125 0.3546875 0.8203125 0.3546875
9 0.7296875 0.61875 0.81875 0.61875 0.81875 0.68125 0.7296875 0.68125
9 0.7390625 0.6828125 0.81875 0.6828125 0.81875 0.7375 0.7390625 0.7375
9 0.653125 0.6828125 0.728125 0.6828125 0.728125 0.7453125 0.653125 0.7453125
9 0.215625 0.3984375 0.2984375 0.3984375 0.2984375 0.4546875 0.215625 0.4546875
8 0.19375 0.3296875 0.278125 0.3296875 0.278125 0.3859375 0.19375 0.3859375
8 0.19375 0.2609375 0.271875 0.2609375 0.271875 0.31875 0.19375 0.31875
8 0.303125 0.63125 0.4 0.63125 0.4 0.703125 0.303125 0.703125
8 0.409375 0.625 0.484375 0.625 0.484375 0.696875 0.409375 0.696875
7 0.4765625 0.440625 0.5609375 0.440625 0.5609375 0.5203125 0.4765625 0.5203125
6 0.7328125 0.221875 0.815625 0.221875 0.815625 0.2875 0.7328125 0.2875
6 0.8171875 0.571875 0.915625 0.571875 0.915625 0.634375 0.8171875 0.634375
6 0.484375 0.63125 0.55625 0.63125 0.55625 0.7 0.484375 0.7
6 0.734375 0.565625 0.821875 0.565625 0.821875 0.625 0.734375 0.625
6 0.6625 0.625 0.7375 0.625 0.7375 0.684375 0.6625 0.684375
5 0.809375 0.496875 0.90625 0.496875 0.90625 0.55625 0.809375 0.55625
5 0.746875 0.29375 0.825 0.29375 0.825 0.353125 0.746875 0.353125
3 0.33125 0.6875 0.403125 0.6875 0.403125 0.759375 0.33125 0.759375
3 0.315625 0.5125 0.384375 0.5125 0.384375 0.5734375 0.315625 0.5734375
3 0.28125 0.31875 0.36875 0.31875 0.36875 0.36875 0.28125 0.36875
3 0.640625 0.3125 0.70625 0.3125 0.70625 0.3703125 0.640625 0.3703125
3 0.740625 0.3765625 0.8171875 0.3765625 0.8171875 0.421875 0.740625 0.421875
3 0.821875 0.68125 0.90625 0.68125 0.90625 0.74375 0.821875 0.74375
3 0.48125 0.690625 0.559375 0.690625 0.559375 0.75625 0.48125 0.75625
2 0.228125 0.690625 0.3203125 0.690625 0.3203125 0.76875 0.228125 0.76875
2 0.353125 0.240625 0.4375 0.240625 0.4375 0.309375 0.353125 0.309375
2 0.4578125 0.25625 0.5421875 0.25625 0.5421875 0.3140625 0.4578125 0.3140625
0 0.2125 0.453125 0.3 0.453125 0.3 0.51875 0.2125 0.51875
0 0.2078125 0.5265625 0.2921875 0.5265625 0.2921875 0.5796875 0.2078125 0.5796875
0 0.80625 0.3671875 0.921875 0.3671875 0.921875 0.4234375 0.80625 0.4234375
0 0.80625 0.4328125 0.9203125 0.4328125 0.9203125 0.4859375 0.80625 0.4859375
0 0.815625 0.625 0.921875 0.625 0.921875 0.6859375 0.815625 0.6859375
0 0.565625 0.6921875 0.65 0.6921875 0.65 0.7625 0.565625 0.7625
0 0.7359375 0.49375 0.81875 0.49375 0.81875 0.55625 0.7359375 0.55625