10 0.80625 0.515625 0.9265625 0.515625 0.9265625 0.5875 0.80625 0.5875
10 0.69375 0.171875 0.803125 0.171875 0.803125 0.284375 0.69375 0.284375
10 0.159375 0.503125 0.28125 0.503125 0.28125 0.5859375 0.159375 0.5859375
6 0.6 0.1953125 0.6671875 0.1953125 0.6671875 0.2828125 0.6 0.2828125
6 0.603125 0.590625 0.678125 0.590625 0.678125 0.65625 0.603125 0.65625
6 0.4171875 0.60625 0.4828125 0.60625 0.4828125 0.678125 0.4171875 0.678125
6 0.5890625 0.8078125 0.6640625 0.8078125 0.6640625 0.8953125 0.5890625 0.8953125
6 0.709375 0.609375 0.790625 0.609375 0.790625 0.6796875 0.709375 0.6796875
7 0.7109375 0.284375 0.8296875 0.284375 0.8296875 0.38125 0.7109375 0.38125
7 0.7890625 0.78125 0.9171875 0.78125 0.9171875 0.903125 0.7890625 0.903125
7 0.3921875 0.2875 0.475 0.2875 0.475 0.38125 0.3921875 0.38125
8 0.69375 0.075 0.771875 0.075 0.771875 0.18125 0.69375 0.18125
8 0.6765625 0.3953125 0.765625 0.3953125 0.765625 0.471875 0.6765625 0.471875
8 0.703125 0.50625 0.79375 0.50625 0.79375 0.578125 0.703125 0.578125
8 0.7 0.6953125 0.7875 0.6953125 0.7875 0.7921875 0.7 0.7921875
8 0.59375 0.7171875 0.68125 0.7171875 0.68125 0.796875 0.59375 0.796875
8 0.4171875 0.70625 0.4890625 0.70625 0.4890625 0.7890625 0.4171875 0.7890625
11 0.3875 0.0921875 0.45625 0.0921875 0.45625 0.1859375 0.3875 0.1859375
11 0.5890625 0.3125 0.65625 0.3125 0.65625 0.3890625 0.5890625 0.3890625
11 0.409375 0.8 0.478125 0.8 0.478125 0.896875 0.409375 0.896875
11 0.33125 0.19375 0.396875 0.19375 0.396875 0.278125 0.33125 0.278125
0 0.803125 0.625 0.8921875 0.625 0.8921875 0.690625 0.803125 0.690625
0 0.528125 0.3078125 0.584375 0.3078125 0.584375 0.3796875 0.528125 0.3796875
0 0.20625 0.171875 0.28125 0.171875 0.28125 0.253125 0.20625 0.253125
5 0.496875 0.2 0.5625 0.2 0.5625 0.28125 0.496875 0.28125
5 0.625 0.50625 0.696875 0.50625 0.696875 0.565625 0.625 0.565625
5 0.403125 0.421875 0.4640625 0.421875 0.4640625 0.484375 0.403125 0.484375
5 0.190625 0.5890625 0.278125 0.5890625 0.278125 0.6640625 0.190625 0.6640625
5 0.1921875 0.696875 0.2796875 0.696875 0.2796875 0.784375 0.1921875 0.784375
5 0.409375 0.20625 0.475 0.20625 0.475 0.290625 0.409375 0.290625
4 0.5078125 0.396875 0.578125 0.396875 0.578125 0.475 0.5078125 0.475
4 0.49375 0.50625 0.565625 0.50625 0.565625 0.578125 0.49375 0.578125
4 0.284375 0.596875 0.378125 0.596875 0.378125 0.684375 0.284375 0.684375
3 0.6125 0.425 0.66875 0.425 0.66875 0.48125 0.6125 0.48125
2 0.5 0.6984375 0.571875 0.6984375 0.571875 0.784375 0.5 0.784375
2 0.303125 0.425 0.378125 0.425 0.378125 0.490625 0.303125 0.490625
2 0.29375 0.515625 0.365625 0.515625 0.365625 0.58125 0.29375 0.58125
0 0.20625 0.4171875 0.2859375 0.4171875 0.2859375 0.4828125 0.20625 0.4828125
2 0.2734375 0.0953125 0.3609375 0.0953125 0.3609375 0.1828125 0.2734375 0.1828125
9 0.521875 0.621875 0.5796875 0.621875 0.5796875 0.6765625 0.521875 0.6765625
3 0.303125 0.31875 0.359375 0.31875 0.359375 0.3765625 0.303125 0.3765625
0 0.3046875 0.7 0.3796875 0.7 0.3796875 0.78125 0.3046875 0.78125
1 0.1546875 0.8 0.2703125 0.8 0.2703125 0.921875 0.1546875 0.921875
6 0.284375 0.809375 0.353125 0.809375 0.353125 0.90625 0.284375 0.90625
7 0.1625 0.2859375 0.284375 0.2859375 0.284375 0.3796875 0.1625 0.3796875
7 0.3921875 0.49375 0.475 0.49375 0.475 0.578125 0.3921875 0.578125