11 0.4453125 0.1578125 0.525 0.1578125 0.525 0.2390625 0.4453125 0.2390625
11 0.559375 0.2390625 0.640625 0.2390625 0.640625 0.315625 0.559375 0.315625
11 0.4359375 0.346875 0.528125 0.346875 0.528125 0.415625 0.4359375 0.415625
11 0.65 0.334375 0.7484375 0.334375 0.7484375 0.3984375 0.65 0.3984375
11 0.328125 0.421875 0.41875 0.421875 0.41875 0.4921875 0.328125 0.4921875
11 0.5546875 0.41875 0.640625 0.41875 0.640625 0.4796875 0.5546875 0.4796875
11 0.4375 0.4984375 0.53125 0.4984375 0.53125 0.5640625 0.4375 0.5640625
11 0.6484375 0.4921875 0.7453125 0.4921875 0.7453125 0.5625 0.6484375 0.5625
11 0.3453125 0.5734375 0.4359375 0.5734375 0.4359375 0.65 0.3453125 0.65
11 0.45625 0.653125 0.5359375 0.653125 0.5359375 0.7375 0.45625 0.7375
11 0.553125 0.721875 0.64375 0.721875 0.64375 0.8125 0.553125 0.8125