3 0.1234375 0.6765625 0.203125 0.6765625 0.203125 0.7390625 0.1234375 0.7390625
3 0.2296875 0.6046875 0.30625 0.6046875 0.30625 0.6625 0.2296875 0.6625
3 0.2203125 0.325 0.29375 0.325 0.29375 0.375 0.2203125 0.375
3 0.2171875 0.2390625 0.2953125 0.2390625 0.2953125 0.3046875 0.2171875 0.3046875
3 0.4171875 0.2375 0.4859375 0.2375 0.4859375 0.290625 0.4171875 0.290625
3 0.525 0.228125 0.5875 0.228125 0.5875 0.29375 0.525 0.29375
3 0.603125 0.2265625 0.6671875 0.2265625 0.6671875 0.2890625 0.603125 0.2890625
3 0.7125 0.234375 0.784375 0.234375 0.784375 0.2953125 0.7125 0.2953125
3 0.815625 0.303125 0.890625 0.303125 0.890625 0.35625 0.815625 0.35625
3 0.809375 0.3796875 0.88125 0.3796875 0.88125 0.4234375 0.809375 0.4234375
3 0.815625 0.6015625 0.896875 0.6015625 0.896875 0.6515625 0.815625 0.6515625
3 0.8 0.74375 0.89375 0.74375 0.89375 0.7984375 0.8 0.7984375
3 0.4296875 0.753125 0.496875 0.753125 0.496875 0.809375 0.4296875 0.809375
3 0.328125 0.75 0.4 0.75 0.4 0.8046875 0.328125 0.8046875
3 0.703125 0.740625 0.778125 0.740625 0.778125 0.803125 0.703125 0.803125
4 0.79375 0.6609375 0.9140625 0.6609375 0.9140625 0.7453125 0.79375 0.7453125
8 0.7046875 0.590625 0.7921875 0.590625 0.7921875 0.6640625 0.7046875 0.6640625
5 0.1125 0.528125 0.2109375 0.528125 0.2109375 0.6 0.1125 0.6
5 0.21875 0.384375 0.3078125 0.384375 0.3078125 0.44375 0.21875 0.44375
5 0.5140625 0.7328125 0.6 0.7328125 0.6 0.81875 0.5140625 0.81875
2 0.60625 0.7390625 0.6921875 0.7390625 0.6921875 0.8375 0.60625 0.8375
2 0.7984375 0.2015625 0.8953125 0.2015625 0.8953125 0.2921875 0.7984375 0.2921875
2 0.309375 0.2203125 0.390625 0.2203125 0.390625 0.3078125 0.309375 0.3078125
2 0.3234375 0.665625 0.4 0.665625 0.4 0.7453125 0.3234375 0.7453125