11 0.5765625 0.559375 0.665625 0.559375 0.665625 0.6328125 0.5765625 0.6328125
11 0.2046875 0.496875 0.29375 0.496875 0.29375 0.5546875 0.2046875 0.5546875
11 0.209375 0.428125 0.303125 0.428125 0.303125 0.490625 0.209375 0.490625
11 0.1171875 0.428125 0.2140625 0.428125 0.2140625 0.49375 0.1171875 0.49375
9 0.3953125 0.284375 0.4796875 0.284375 0.4796875 0.34375 0.3953125 0.34375
9 0.48125 0.35625 0.5609375 0.35625 0.5609375 0.409375 0.48125 0.409375
9 0.5625 0.290625 0.6390625 0.290625 0.6390625 0.346875 0.5625 0.346875
9 0.66875 0.6375 0.7625 0.6375 0.7625 0.7 0.66875 0.7
9 0.671875 0.7078125 0.7671875 0.7078125 0.7671875 0.7609375 0.671875 0.7609375
9 0.490625 0.7015625 0.578125 0.7015625 0.578125 0.7671875 0.490625 0.7671875
9 0.496875 0.640625 0.5765625 0.640625 0.5765625 0.7 0.496875 0.7
9 0.3109375 0.6421875 0.3921875 0.6421875 0.3921875 0.6984375 0.3109375 0.6984375
9 0.3109375 0.7046875 0.384375 0.7046875 0.384375 0.76875 0.3109375 0.76875
9 0.30625 0.58125 0.378125 0.58125 0.378125 0.6328125 0.30625 0.6328125
8 0.6578125 0.203125 0.7546875 0.203125 0.7546875 0.2734375 0.6578125 0.2734375
8 0.66875 0.421875 0.7625 0.421875 0.7625 0.490625 0.66875 0.490625
8 0.1109375 0.303125 0.221875 0.303125 0.221875 0.3625 0.1109375 0.3625
8 0.4890625 0.428125 0.56875 0.428125 0.56875 0.490625 0.4890625 0.490625
7 0.3828125 0.4296875 0.4875 0.4296875 0.4875 0.5 0.3828125 0.5
6 0.6671875 0.5 0.765625 0.5 0.765625 0.5609375 0.6671875 0.5609375
6 0.4765625 0.5625 0.5734375 0.5625 0.5734375 0.6375 0.4765625 0.6375
6 0.3921875 0.565625 0.4875 0.565625 0.4875 0.634375 0.3921875 0.634375
6 0.1109375 0.5703125 0.2203125 0.5703125 0.2203125 0.634375 0.1109375 0.634375
6 0.1078125 0.3734375 0.215625 0.3734375 0.215625 0.4234375 0.1078125 0.4234375
5 0.2984375 0.2953125 0.384375 0.2953125 0.384375 0.3546875 0.2984375 0.3546875
3 0.21875 0.6421875 0.2984375 0.6421875 0.2984375 0.7015625 0.21875 0.7015625
3 0.2234375 0.709375 0.303125 0.709375 0.303125 0.76875 0.2234375 0.76875
3 0.3109375 0.434375 0.3890625 0.434375 0.3890625 0.490625 0.3109375 0.490625
3 0.39375 0.4984375 0.4828125 0.4984375 0.4828125 0.559375 0.39375 0.559375
3 0.58125 0.5046875 0.65625 0.5046875 0.65625 0.5546875 0.58125 0.5546875
3 0.2203125 0.365625 0.303125 0.365625 0.303125 0.421875 0.2203125 0.421875
2 0.3015625 0.2296875 0.3828125 0.2296875 0.3828125 0.2921875 0.3015625 0.2921875
2 0.20625 0.56875 0.2953125 0.56875 0.2953125 0.634375 0.20625 0.634375
2 0.3984375 0.7015625 0.4828125 0.7015625 0.4828125 0.778125 0.3984375 0.778125
2 0.3890625 0.640625 0.4828125 0.640625 0.4828125 0.6953125 0.3890625 0.6953125
0 0.10625 0.4984375 0.209375 0.4984375 0.209375 0.5515625 0.10625 0.5515625
0 0.6625 0.353125 0.7546875 0.353125 0.7546875 0.4203125 0.6625 0.4203125
5 0.66875 0.565625 0.76875 0.565625 0.76875 0.63125 0.66875 0.63125
5 0.578125 0.4265625 0.6640625 0.4265625 0.6640625 0.4953125 0.578125 0.4953125
0 0.1125 0.2265625 0.215625 0.2265625 0.215625 0.2921875 0.1125 0.2921875
0 0.2046875 0.30625 0.2984375 0.30625 0.2984375 0.365625 0.2046875 0.365625
0 0.778125 0.6390625 0.88125 0.6390625 0.88125 0.709375 0.778125 0.709375
9 0.7734375 0.346875 0.8609375 0.346875 0.8609375 0.409375 0.7734375 0.409375
8 0.38125 0.5703125 0.4796875 0.5703125 0.4796875 0.6328125 0.38125 0.6328125
8 0.490625 0.5640625 0.575 0.5640625 0.575 0.6375 0.490625 0.6375