11 0.4015625 0.425 0.4734375 0.425 0.4734375 0.484375 0.4015625 0.484375
11 0.3 0.4984375 0.3796875 0.4984375 0.3796875 0.5609375 0.3 0.5609375
11 0.30625 0.725 0.378125 0.725 0.378125 0.79375 0.30625 0.79375
11 0.7609375 0.3515625 0.8515625 0.3515625 0.8515625 0.415625 0.7609375 0.415625
9 0.5875 0.5625 0.6484375 0.5625 0.6484375 0.6171875 0.5875 0.6171875
9 0.675 0.7140625 0.759375 0.7140625 0.759375 0.7578125 0.675 0.7578125
9 0.7625 0.5640625 0.840625 0.5640625 0.840625 0.615625 0.7625 0.615625
9 0.5796875 0.4296875 0.6484375 0.4296875 0.6484375 0.484375 0.5796875 0.484375
9 0.3953125 0.71875 0.471875 0.71875 0.471875 0.778125 0.3953125 0.778125
9 0.103125 0.6546875 0.190625 0.6546875 0.190625 0.7125 0.103125 0.7125
9 0.2171875 0.30625 0.296875 0.30625 0.296875 0.359375 0.2171875 0.359375
9 0.2171875 0.24375 0.278125 0.24375 0.278125 0.3 0.2171875 0.3
9 0.3078125 0.240625 0.365625 0.240625 0.365625 0.3 0.3078125 0.3
9 0.575 0.2296875 0.640625 0.2296875 0.640625 0.296875 0.575 0.296875
8 0.771875 0.7046875 0.8703125 0.7046875 0.8703125 0.771875 0.771875 0.771875
8 0.771875 0.6390625 0.8671875 0.6390625 0.8671875 0.696875 0.771875 0.696875
8 0.571875 0.3609375 0.6546875 0.3609375 0.6546875 0.4203125 0.571875 0.4203125
8 0.659375 0.296875 0.759375 0.296875 0.759375 0.3625 0.659375 0.3625
7 0.065625 0.7125 0.203125 0.7125 0.203125 0.80625 0.065625 0.80625
6 0.2015625 0.71875 0.29375 0.71875 0.29375 0.79375 0.2015625 0.79375
6 0.1078125 0.3515625 0.2015625 0.3515625 0.2015625 0.425 0.1078125 0.425
6 0.3015625 0.3703125 0.3859375 0.3703125 0.3859375 0.425 0.3015625 0.425
6 0.496875 0.4296875 0.575 0.4296875 0.575 0.4890625 0.496875 0.4890625
6 0.4921875 0.496875 0.5671875 0.496875 0.5671875 0.5578125 0.4921875 0.5578125
5 0.1953125 0.6515625 0.28125 0.6515625 0.28125 0.709375 0.1953125 0.709375
5 0.1 0.4328125 0.1984375 0.4328125 0.1984375 0.496875 0.1 0.496875
3 0.2953125 0.58125 0.384375 0.58125 0.384375 0.625 0.2953125 0.625
3 0.3921875 0.5078125 0.4640625 0.5078125 0.4640625 0.5625 0.3921875 0.5625
3 0.5015625 0.2296875 0.5578125 0.2296875 0.5578125 0.296875 0.5015625 0.296875
3 0.6546875 0.2234375 0.728125 0.2234375 0.728125 0.29375 0.6546875 0.29375
3 0.6828125 0.6453125 0.7625 0.6453125 0.7625 0.70625 0.6828125 0.70625
3 0.58125 0.49375 0.6546875 0.49375 0.6546875 0.55 0.58125 0.55
3 0.1234375 0.228125 0.1984375 0.228125 0.1984375 0.3 0.1234375 0.3
2 0.490625 0.70625 0.575 0.70625 0.575 0.7703125 0.490625 0.7703125
2 0.59375 0.7171875 0.684375 0.7171875 0.684375 0.7796875 0.59375 0.7796875
2 0.7421875 0.221875 0.828125 0.221875 0.828125 0.3046875 0.7421875 0.3046875
0 0.0796875 0.5640625 0.2046875 0.5640625 0.2046875 0.6359375 0.0796875 0.6359375
0 0.09375 0.4984375 0.215625 0.4984375 0.215625 0.559375 0.09375 0.559375
0 0.0921875 0.2859375 0.20625 0.2859375 0.20625 0.3578125 0.0921875 0.3578125
0 0.4046875 0.221875 0.475 0.221875 0.475 0.2953125 0.4046875 0.2953125
0 0.2984375 0.434375 0.3796875 0.434375 0.3796875 0.4875 0.2984375 0.4875
0 0.75 0.5 0.846875 0.5 0.846875 0.5578125 0.75 0.5578125
0 0.75 0.428125 0.8515625 0.428125 0.8515625 0.48125 0.75 0.48125