1 0.7609375 0.7296875 0.9796875 0.7296875 0.9796875 0.8578125 0.7609375 0.8578125
1 0.734375 0.49375 0.9296875 0.49375 0.9296875 0.571875 0.734375 0.571875
4 0.278125 0.7234375 0.503125 0.7234375 0.503125 0.825 0.278125 0.825
4 0.0375 0.3921875 0.265625 0.3921875 0.265625 0.4890625 0.0375 0.4890625
4 0.015625 0.721875 0.24375 0.721875 0.24375 0.8375 0.015625 0.8375
1 0.2734375 0.5125 0.4953125 0.5125 0.4953125 0.603125 0.2734375 0.603125
10 0.55625 0.715625 0.7203125 0.715625 0.7203125 0.84375 0.55625 0.84375
10 0.53125 0.5125 0.70625 0.5125 0.70625 0.596875 0.53125 0.596875
10 0.03125 0.615625 0.2859375 0.615625 0.2859375 0.7046875 0.03125 0.7046875
7 0.778125 0.3984375 0.96875 0.3984375 0.96875 0.4921875 0.778125 0.4921875
7 0.496875 0.390625 0.690625 0.390625 0.690625 0.4921875 0.496875 0.4921875
7 0.2421875 0.4015625 0.4546875 0.4015625 0.4546875 0.4984375 0.2421875 0.4984375