10 0.2140625 0.1625 0.3046875 0.1625 0.3046875 0.2625 0.2140625 0.2625
10 0.2203125 0.278125 0.30625 0.278125 0.30625 0.3640625 0.2203125 0.3640625
10 0.14375 0.378125 0.2328125 0.378125 0.2328125 0.4484375 0.14375 0.4484375
10 0.4515625 0.55625 0.509375 0.55625 0.509375 0.63125 0.4515625 0.63125
10 0.590625 0.55625 0.65625 0.55625 0.65625 0.63125 0.590625 0.63125
10 0.4578125 0.159375 0.515625 0.159375 0.515625 0.259375 0.4578125 0.259375
10 0.590625 0.259375 0.6546875 0.259375 0.6546875 0.353125 0.590625 0.353125
9 0.325 0.465625 0.375 0.465625 0.375 0.5265625 0.325 0.5265625
9 0.2453125 0.5546875 0.29375 0.5546875 0.29375 0.615625 0.2453125 0.615625
9 0.39375 0.65625 0.4421875 0.65625 0.4421875 0.7109375 0.39375 0.7109375
9 0.24375 0.65 0.3 0.65 0.3 0.7109375 0.24375 0.7109375
9 0.26875 0.825 0.3140625 0.825 0.3140625 0.89375 0.26875 0.89375
9 0.6703125 0.7265625 0.71875 0.7265625 0.71875 0.79375 0.6703125 0.79375
9 0.4625 0.465625 0.50625 0.465625 0.50625 0.5234375 0.4625 0.5234375
9 0.540625 0.484375 0.58125 0.484375 0.58125 0.5390625 0.540625 0.5390625
9 0.5859375 0.3921875 0.6375 0.3921875 0.6375 0.4484375 0.5859375 0.4484375
9 0.521875 0.3765625 0.5671875 0.3765625 0.5671875 0.4328125 0.521875 0.4328125
9 0.3890625 0.29375 0.4375 0.29375 0.4375 0.3515625 0.3890625 0.3515625
7 0.6625 0.4609375 0.73125 0.4609375 0.73125 0.5375 0.6625 0.5375
7 0.6609375 0.8171875 0.7359375 0.8171875 0.7359375 0.9328125 0.6609375 0.9328125
7 0.29375 0.3765625 0.3703125 0.3765625 0.3703125 0.45 0.29375 0.45
7 0.3015625 0.16875 0.3734375 0.16875 0.3734375 0.271875 0.3015625 0.271875
7 0.590625 0.1546875 0.6546875 0.1546875 0.6546875 0.2609375 0.590625 0.2609375
6 0.303125 0.290625 0.365625 0.290625 0.365625 0.353125 0.303125 0.353125
6 0.171875 0.5625 0.2375 0.5625 0.2375 0.621875 0.171875 0.621875
6 0.1609375 0.28125 0.228125 0.28125 0.228125 0.3484375 0.1609375 0.3484375
6 0.2421875 0.3828125 0.3015625 0.3828125 0.3015625 0.440625 0.2421875 0.440625
4 0.4515625 0.7296875 0.5046875 0.7296875 0.5046875 0.8328125 0.4515625 0.8328125
4 0.5234375 0.65625 0.5890625 0.65625 0.5890625 0.7359375 0.5234375 0.7359375
4 0.59375 0.7359375 0.653125 0.7359375 0.653125 0.834375 0.59375 0.834375
4 0.521875 0.74375 0.5765625 0.74375 0.5765625 0.8359375 0.521875 0.8359375
1 0.5234375 0.8390625 0.5828125 0.8390625 0.5828125 0.9390625 0.5234375 0.9390625