3 0.746875 0.5265625 0.8125 0.5265625 0.8125 0.59375 0.746875 0.59375
3 0.59375 0.6328125 0.6515625 0.6328125 0.6515625 0.703125 0.59375 0.703125
3 0.665625 0.7328125 0.728125 0.7328125 0.728125 0.8078125 0.665625 0.8078125
3 0.446875 0.5265625 0.503125 0.5265625 0.503125 0.5859375 0.446875 0.5859375
3 0.2875 0.3046875 0.3421875 0.3046875 0.3421875 0.384375 0.2875 0.384375
3 0.2015625 0.1859375 0.2625 0.1859375 0.2625 0.265625 0.2015625 0.265625
3 0.3609375 0.8359375 0.41875 0.8359375 0.41875 0.9203125 0.3609375 0.9203125
4 0.51875 0.5171875 0.59375 0.5171875 0.59375 0.6015625 0.51875 0.6015625
9 0.5953125 0.51875 0.6515625 0.51875 0.6515625 0.584375 0.5953125 0.584375
9 0.6609375 0.6390625 0.7265625 0.6390625 0.7265625 0.709375 0.6609375 0.709375
9 0.4484375 0.6265625 0.5 0.6265625 0.5 0.696875 0.4484375 0.696875
9 0.5171875 0.20625 0.575 0.20625 0.575 0.28125 0.5171875 0.28125
1 0.5921875 0.2890625 0.675 0.2890625 0.675 0.3875 0.5921875 0.3875
1 0.659375 0.1765625 0.75625 0.1765625 0.75625 0.296875 0.659375 0.296875
1 0.3625 0.271875 0.4296875 0.271875 0.4296875 0.3796875 0.3625 0.3796875
1 0.509375 0.8234375 0.58125 0.8234375 0.58125 0.9625 0.509375 0.9625
2 0.5921875 0.828125 0.6671875 0.828125 0.6671875 0.9171875 0.5921875 0.9171875
2 0.7421875 0.2078125 0.821875 0.2078125 0.821875 0.296875 0.7421875 0.296875
2 0.434375 0.8234375 0.5 0.8234375 0.5 0.9375 0.434375 0.9375
2 0.365625 0.078125 0.4328125 0.078125 0.4328125 0.1796875 0.365625 0.1796875
6 0.5234375 0.61875 0.5796875 0.61875 0.5796875 0.690625 0.5234375 0.690625
6 0.2734375 0.7203125 0.3390625 0.7203125 0.3390625 0.8140625 0.2734375 0.8140625
6 0.19375 0.3921875 0.2703125 0.3921875 0.2703125 0.475 0.19375 0.475
6 0.446875 0.0703125 0.5078125 0.0703125 0.5078125 0.184375 0.446875 0.184375
11 0.35625 0.6109375 0.4171875 0.6109375 0.4171875 0.6953125 0.35625 0.6953125
11 0.18125 0.50625 0.265625 0.50625 0.265625 0.5890625 0.18125 0.5890625
11 0.18125 0.6125 0.2578125 0.6125 0.2578125 0.7 0.18125 0.7
5 0.6765625 0.5203125 0.7484375 0.5203125 0.7484375 0.5953125 0.6765625 0.5953125
5 0.515625 0.3 0.58125 0.3 0.58125 0.3921875 0.515625 0.3921875
0 0.596875 0.4078125 0.6671875 0.4078125 0.6671875 0.4953125 0.596875 0.4953125
0 0.165625 0.834375 0.2546875 0.834375 0.2546875 0.940625 0.165625 0.940625
8 0.2859375 0.1734375 0.353125 0.1734375 0.353125 0.2703125 0.2859375 0.2703125
8 0.2734375 0.828125 0.3453125 0.828125 0.3453125 0.9390625 0.2734375 0.9390625
10 0.665625 0.396875 0.759375 0.396875 0.759375 0.4859375 0.665625 0.4859375