10 0.525 0.70625 0.5703125 0.70625 0.5703125 0.878125 0.525 0.878125
4 0.525 0.5390625 0.5765625 0.5390625 0.5765625 0.7296875 0.525 0.7296875
1 0.7015625 0.41875 0.7625 0.41875 0.7625 0.61875 0.7015625 0.61875
5 0.428125 0.553125 0.465625 0.553125 0.465625 0.690625 0.428125 0.690625
5 0.71875 0.196875 0.7765625 0.196875 0.7765625 0.3421875 0.71875 0.3421875
5 0.340625 0.2375 0.3890625 0.2375 0.3890625 0.375 0.340625 0.375
3 0.48125 0.340625 0.515625 0.340625 0.515625 0.465625 0.48125 0.465625
6 0.7 0.5296875 0.7453125 0.5296875 0.7453125 0.678125 0.7 0.678125
6 0.4359375 0.7 0.4703125 0.7 0.4703125 0.846875 0.4359375 0.846875
7 0.3640625 0.428125 0.415625 0.428125 0.415625 0.628125 0.3640625 0.628125
8 0.353125 0.775 0.390625 0.775 0.390625 0.9046875 0.353125 0.9046875
9 0.5875 0.6921875 0.625 0.6921875 0.625 0.8046875 0.5875 0.8046875
9 0.584375 0.4359375 0.621875 0.4359375 0.621875 0.559375 0.584375 0.559375
11 0.3296875 0.625 0.36875 0.625 0.36875 0.753125 0.3296875 0.753125