11 0.7578125 0.8265625 0.840625 0.8265625 0.840625 0.9375 0.7578125 0.9375
11 0.59375 0.26875 0.6609375 0.26875 0.6609375 0.36875 0.59375 0.36875
11 0.503125 0.3890625 0.56875 0.3890625 0.56875 0.4734375 0.503125 0.4734375
11 0.515625 0.5 0.5828125 0.5 0.5828125 0.5859375 0.515625 0.5859375
11 0.440625 0.2953125 0.5 0.2953125 0.5 0.3890625 0.440625 0.3890625
11 0.4375 0.5 0.503125 0.5 0.503125 0.584375 0.4375 0.584375
11 0.3625 0.39375 0.43125 0.39375 0.43125 0.48125 0.3625 0.48125
11 0.365625 0.5984375 0.434375 0.5984375 0.434375 0.6921875 0.365625 0.6921875
11 0.278125 0.284375 0.35625 0.284375 0.35625 0.38125 0.278125 0.38125
11 0.278125 0.4984375 0.3515625 0.4984375 0.3515625 0.571875 0.278125 0.571875
11 0.18125 0.39375 0.265625 0.39375 0.265625 0.471875 0.18125 0.471875