10 0.6578125 0.0453125 0.7609375 0.0453125 0.7609375 0.1515625 0.6578125 0.1515625
7 0.853125 0.1484375 0.96875 0.1484375 0.96875 0.275 0.853125 0.275
7 0.5546875 0.2765625 0.6296875 0.2765625 0.6296875 0.371875 0.5546875 0.371875
8 0.359375 0.3546875 0.428125 0.3546875 0.428125 0.446875 0.359375 0.446875
8 0.465625 0.146875 0.53125 0.146875 0.53125 0.25625 0.465625 0.25625
8 0.55625 0.1875 0.625 0.1875 0.625 0.259375 0.55625 0.259375
8 0.7765625 0.065625 0.8546875 0.065625 0.8546875 0.165625 0.7765625 0.165625
9 0.675 0.4078125 0.725 0.4078125 0.725 0.4890625 0.675 0.4890625
6 0.6625 0.175 0.7296875 0.175 0.7296875 0.25625 0.6625 0.25625
6 0.553125 0.5109375 0.60625 0.5109375 0.60625 0.5796875 0.553125 0.5796875
11 0.8578125 0.3015625 0.94375 0.3015625 0.94375 0.390625 0.8578125 0.390625
11 0.4765625 0.290625 0.5375 0.290625 0.5375 0.3625 0.4765625 0.3625
9 0.478125 0.078125 0.5375 0.078125 0.5375 0.1453125 0.478125 0.1453125
5 0.3921875 0.1703125 0.453125 0.1703125 0.453125 0.2578125 0.3921875 0.2578125
5 0.3921875 0.28125 0.4484375 0.28125 0.4484375 0.359375 0.3921875 0.359375
3 0.8390625 0.43125 0.903125 0.43125 0.903125 0.5 0.8390625 0.5
3 0.8625 0.0875 0.93125 0.0875 0.93125 0.159375 0.8625 0.159375
2 0.5828125 0.0375 0.634375 0.0375 0.634375 0.15 0.5828125 0.15
2 0.384375 0.03125 0.446875 0.03125 0.446875 0.1328125 0.384375 0.1328125
1 0.46875 0.3796875 0.5296875 0.3796875 0.5296875 0.4640625 0.46875 0.4640625
1 0.659375 0.2890625 0.740625 0.2890625 0.740625 0.378125 0.659375 0.378125
0 0.740625 0.40625 0.815625 0.40625 0.815625 0.4671875 0.740625 0.4671875
4 0.7515625 0.303125 0.853125 0.303125 0.853125 0.4015625 0.7515625 0.4015625
4 0.7484375 0.15625 0.8390625 0.15625 0.8390625 0.265625 0.7484375 0.265625
10 0.55 0.39375 0.628125 0.39375 0.628125 0.475 0.55 0.475