3 0.7015625 0.728125 0.771875 0.728125 0.771875 0.8125 0.7015625 0.8125
3 0.634375 0.7296875 0.6890625 0.7296875 0.6890625 0.8078125 0.634375 0.8078125
3 0.715625 0.621875 0.775 0.621875 0.775 0.7125 0.715625 0.7125
3 0.7046875 0.5265625 0.7796875 0.5265625 0.7796875 0.596875 0.7046875 0.596875
3 0.63125 0.5140625 0.68125 0.5140625 0.68125 0.584375 0.63125 0.584375
3 0.478125 0.621875 0.5265625 0.621875 0.5265625 0.7 0.478125 0.7
3 0.4125 0.5171875 0.4671875 0.5171875 0.4671875 0.6015625 0.4125 0.6015625
3 0.3359375 0.4296875 0.3984375 0.4296875 0.3984375 0.5 0.3359375 0.5
3 0.259375 0.41875 0.315625 0.41875 0.315625 0.49375 0.259375 0.49375
3 0.178125 0.4234375 0.2375 0.4234375 0.2375 0.4953125 0.178125 0.4953125
3 0.2546875 0.21875 0.3203125 0.21875 0.3203125 0.3125 0.2546875 0.3125
3 0.4078125 0.3171875 0.459375 0.3171875 0.459375 0.39375 0.4078125 0.39375
3 0.484375 0.425 0.540625 0.425 0.540625 0.496875 0.484375 0.496875
3 0.6390625 0.215625 0.6859375 0.215625 0.6859375 0.2953125 0.6390625 0.2953125
3 0.3375 0.6234375 0.3984375 0.6234375 0.3984375 0.7 0.3375 0.7
4 0.6296875 0.615625 0.709375 0.615625 0.709375 0.703125 0.6296875 0.703125
5 0.315625 0.721875 0.378125 0.721875 0.378125 0.809375 0.315625 0.809375
5 0.48125 0.7203125 0.534375 0.7203125 0.534375 0.8140625 0.48125 0.8140625
8 0.553125 0.4125 0.621875 0.4125 0.621875 0.49375 0.553125 0.49375
8 0.39375 0.7046875 0.465625 0.7046875 0.465625 0.80625 0.39375 0.80625
2 0.5484375 0.709375 0.6109375 0.709375 0.6109375 0.809375 0.5484375 0.809375
2 0.5546875 0.50625 0.6140625 0.50625 0.6140625 0.5921875 0.5546875 0.5921875
2 0.2484375 0.5109375 0.3171875 0.5109375 0.3171875 0.5953125 0.2484375 0.5953125
2 0.246875 0.7015625 0.3140625 0.7015625 0.3140625 0.8015625 0.246875 0.8015625