6 0.2421875 0.3125 0.3296875 0.3125 0.3296875 0.3828125 0.2421875 0.3828125
6 0.6328125 0.3171875 0.7109375 0.3171875 0.7109375 0.3859375 0.6328125 0.3859375
6 0.840625 0.69375 0.9359375 0.69375 0.9359375 0.7765625 0.840625 0.7765625
6 0.528125 0.203125 0.5984375 0.203125 0.5984375 0.290625 0.528125 0.290625
6 0.4609375 0.434375 0.5265625 0.434375 0.5265625 0.496875 0.4609375 0.496875
6 0.1359375 0.61875 0.2296875 0.61875 0.2296875 0.6890625 0.1359375 0.6890625
9 0.1453125 0.83125 0.221875 0.83125 0.221875 0.9046875 0.1453125 0.9046875
9 0.15 0.5125 0.221875 0.5125 0.221875 0.5734375 0.15 0.5734375
9 0.1625 0.415625 0.240625 0.415625 0.240625 0.4765625 0.1625 0.4765625
9 0.1546875 0.2265625 0.2265625 0.2265625 0.2265625 0.2953125 0.1546875 0.2953125
9 0.8359375 0.321875 0.9125 0.321875 0.9125 0.390625 0.8359375 0.390625
9 0.859375 0.215625 0.934375 0.215625 0.934375 0.284375 0.859375 0.284375
9 0.8296875 0.1 0.903125 0.1 0.903125 0.175 0.8296875 0.175
9 0.8296875 0.5015625 0.903125 0.5015625 0.903125 0.5625 0.8296875 0.5625
9 0.846875 0.80625 0.928125 0.80625 0.928125 0.8859375 0.846875 0.8859375
9 0.6484375 0.6125 0.7140625 0.6125 0.7140625 0.6765625 0.6484375 0.6765625
9 0.6421875 0.71875 0.7078125 0.71875 0.7078125 0.7828125 0.6421875 0.7828125
9 0.51875 0.0984375 0.5796875 0.0984375 0.5796875 0.1796875 0.51875 0.1796875
9 0.35625 0.346875 0.415625 0.346875 0.415625 0.40625 0.35625 0.40625
9 0.2578125 0.8296875 0.31875 0.8296875 0.31875 0.9125 0.2578125 0.9125
3 0.2515625 0.421875 0.3203125 0.421875 0.3203125 0.478125 0.2515625 0.478125
3 0.15 0.3546875 0.225 0.3546875 0.225 0.4078125 0.15 0.4078125
3 0.2625 0.228125 0.328125 0.228125 0.328125 0.3 0.2625 0.3
3 0.35 0.1296875 0.4125 0.1296875 0.4125 0.2078125 0.35 0.2078125
3 0.721875 0.5328125 0.78125 0.5328125 0.78125 0.5859375 0.721875 0.5859375
3 0.6328125 0.109375 0.6921875 0.109375 0.6921875 0.184375 0.6328125 0.184375
3 0.56875 0.715625 0.6265625 0.715625 0.6265625 0.778125 0.56875 0.778125
3 0.55625 0.825 0.621875 0.825 0.621875 0.896875 0.55625 0.896875
3 0.4640625 0.8125 0.5109375 0.8125 0.5109375 0.8859375 0.4640625 0.8859375
3 0.65625 0.7984375 0.71875 0.7984375 0.71875 0.8796875 0.65625 0.8796875
3 0.4546875 0.221875 0.5125 0.221875 0.5125 0.284375 0.4546875 0.284375
3 0.74375 0.1125 0.8 0.1125 0.8 0.19375 0.74375 0.19375
3 0.740625 0.8078125 0.8171875 0.8078125 0.8171875 0.8859375 0.740625 0.8859375
3 0.8328125 0.6078125 0.9046875 0.6078125 0.9046875 0.6671875 0.8328125 0.6671875
10 0.625 0.5296875 0.721875 0.5296875 0.721875 0.6046875 0.625 0.6046875
10 0.2234375 0.6171875 0.325 0.6171875 0.325 0.7046875 0.2234375 0.7046875
10 0.328125 0.7171875 0.4234375 0.7171875 0.4234375 0.825 0.328125 0.825
7 0.225 0.715625 0.328125 0.715625 0.328125 0.8234375 0.225 0.8234375
7 0.23125 0.5234375 0.334375 0.5234375 0.334375 0.5953125 0.23125 0.5953125
7 0.3375 0.421875 0.425 0.421875 0.425 0.5 0.3375 0.5
11 0.73125 0.7140625 0.821875 0.7140625 0.821875 0.7953125 0.73125 0.7953125
11 0.721875 0.60625 0.809375 0.60625 0.809375 0.6765625 0.721875 0.6765625
5 0.3578125 0.825 0.4375 0.825 0.4375 0.925 0.3578125 0.925
5 0.3234375 0.521875 0.4 0.521875 0.4 0.5859375 0.3234375 0.5859375
5 0.340625 0.234375 0.409375 0.234375 0.409375 0.3109375 0.340625 0.3109375
5 0.4140625 0.096875 0.4828125 0.096875 0.4828125 0.190625 0.4140625 0.190625
5 0.628125 0.1859375 0.709375 0.1859375 0.709375 0.2765625 0.628125 0.2765625
5 0.525 0.5109375 0.5890625 0.5109375 0.5890625 0.5765625 0.525 0.5765625
0 0.3625 0.63125 0.428125 0.63125 0.428125 0.696875 0.3625 0.696875
0 0.4578125 0.621875 0.51875 0.621875 0.51875 0.690625 0.4578125 0.690625
0 0.5359375 0.6109375 0.596875 0.6109375 0.596875 0.68125 0.5359375 0.68125
0 0.64375 0.409375 0.7125 0.409375 0.7125 0.478125 0.64375 0.478125
0 0.534375 0.4375 0.6 0.4375 0.6 0.490625 0.534375 0.490625
4 0.215625 0.0859375 0.31875 0.0859375 0.31875 0.203125 0.215625 0.203125
4 0.43125 0.7234375 0.5125 0.7234375 0.5125 0.81875 0.43125 0.81875
4 0.1109375 0.70625 0.228125 0.70625 0.228125 0.8109375 0.1109375 0.8109375
1 0.415625 0.2984375 0.4953125 0.2984375 0.4953125 0.3921875 0.415625 0.3921875
1 0.53125 0.2984375 0.60625 0.2984375 0.60625 0.3875 0.53125 0.3875
9 0.1375 0.1359375 0.2078125 0.1359375 0.2078125 0.2109375 0.1375 0.2109375
1 0.453125 0.5125 0.515625 0.5125 0.515625 0.590625 0.453125 0.590625