1 0.5734375 0.5484375 0.615625 0.5484375 0.615625 0.6734375 0.5734375 0.6734375
1 0.5328125 0.29375 0.5765625 0.29375 0.5765625 0.4125 0.5328125 0.4125
2 0.484375 0.696875 0.5125 0.696875 0.5125 0.8 0.484375 0.8
2 0.403125 0.55625 0.434375 0.55625 0.434375 0.6546875 0.403125 0.6546875
2 0.45625 0.475 0.4890625 0.475 0.4890625 0.575 0.45625 0.575
2 0.4453125 0.2890625 0.4796875 0.2890625 0.4796875 0.390625 0.4453125 0.390625
5 0.4015625 0.375 0.43125 0.375 0.43125 0.46875 0.4015625 0.46875
5 0.4109375 0.7140625 0.4390625 0.7140625 0.4390625 0.8109375 0.4109375 0.8109375
5 0.321875 0.7171875 0.353125 0.7171875 0.353125 0.8125 0.321875 0.8125
4 0.2734375 0.5640625 0.3140625 0.5640625 0.3140625 0.6921875 0.2734375 0.6921875
4 0.3078125 0.2859375 0.3453125 0.2859375 0.3453125 0.4046875 0.3078125 0.4046875
0 0.321875 0.46875 0.35 0.46875 0.35 0.5671875 0.321875 0.5671875
0 0.35 0.0875 0.384375 0.0875 0.384375 0.175 0.35 0.175