5 0.1921875 0.33125 0.2953125 0.33125 0.2953125 0.3953125 0.1921875 0.3953125
5 0.4140625 0.325 0.496875 0.325 0.496875 0.390625 0.4140625 0.390625
5 0.859375 0.24375 0.9796875 0.24375 0.9796875 0.3234375 0.859375 0.3234375
5 0.290625 0.421875 0.3921875 0.421875 0.3921875 0.484375 0.290625 0.484375
5 0.534375 0.4171875 0.61875 0.4171875 0.61875 0.471875 0.534375 0.471875
5 0.8390625 0.40625 0.9546875 0.40625 0.9546875 0.471875 0.8390625 0.471875
5 0.41875 0.490625 0.5 0.490625 0.5 0.5546875 0.41875 0.5546875
5 0.5234375 0.565625 0.6125 0.565625 0.6125 0.6390625 0.5234375 0.6390625
5 0.63125 0.64375 0.7171875 0.64375 0.7171875 0.7265625 0.63125 0.7265625
5 0.840625 0.6515625 0.9546875 0.6515625 0.9546875 0.7265625 0.840625 0.7265625
5 0.7234375 0.7375 0.8265625 0.7375 0.8265625 0.828125 0.7234375 0.828125