1 0.8015625 0.5265625 0.9328125 0.5265625 0.9328125 0.6015625 0.8015625 0.6015625
4 0.51875 0.290625 0.615625 0.290625 0.615625 0.38125 0.51875 0.38125
4 0.3203125 0.4484375 0.4125 0.4484375 0.4125 0.521875 0.3203125 0.521875
4 0.2078125 0.5953125 0.3109375 0.5953125 0.3109375 0.66875 0.2078125 0.66875
4 0.615625 0.6015625 0.728125 0.6015625 0.728125 0.6859375 0.615625 0.6859375
6 0.2265625 0.4625 0.3125 0.4625 0.3125 0.51875 0.2265625 0.51875
6 0.7265625 0.3078125 0.8171875 0.3078125 0.8171875 0.3734375 0.7265625 0.3734375
6 0.8109375 0.4609375 0.9234375 0.4609375 0.9234375 0.5203125 0.8109375 0.5203125
6 0.80625 0.7515625 0.9203125 0.7515625 0.9203125 0.83125 0.80625 0.83125
7 0.3203125 0.528125 0.415625 0.528125 0.415625 0.5921875 0.3203125 0.5921875
7 0.4234375 0.7421875 0.509375 0.7421875 0.509375 0.85 0.4234375 0.85
7 0.6140625 0.45625 0.7171875 0.45625 0.7171875 0.5234375 0.6140625 0.5234375
7 0.7171875 0.2234375 0.840625 0.2234375 0.840625 0.3140625 0.7171875 0.3140625
7 0.7234375 0.609375 0.84375 0.609375 0.84375 0.6890625 0.7234375 0.6890625
10 0.33125 0.2140625 0.4171875 0.2140625 0.4171875 0.303125 0.33125 0.303125
10 0.21875 0.2953125 0.3171875 0.2953125 0.3171875 0.3734375 0.21875 0.3734375
10 0.7109375 0.38125 0.8359375 0.38125 0.8359375 0.45 0.7109375 0.45
10 0.4265625 0.4546875 0.5171875 0.4546875 0.5171875 0.521875 0.4265625 0.521875
10 0.5203125 0.5296875 0.615625 0.5296875 0.615625 0.596875 0.5203125 0.596875
10 0.3234375 0.7515625 0.4125 0.7515625 0.4125 0.8546875 0.3234375 0.8546875
10 0.6078125 0.74375 0.721875 0.74375 0.721875 0.8546875 0.6078125 0.8546875