1 0.5484375 0.384375 0.6734375 0.384375 0.6734375 0.4265625 0.5484375 0.4265625
1 0.29375 0.4234375 0.4125 0.4234375 0.4125 0.4671875 0.29375 0.4671875
2 0.696875 0.4890625 0.8 0.4890625 0.8 0.5171875 0.696875 0.5171875
2 0.55625 0.565625 0.6546875 0.565625 0.6546875 0.596875 0.55625 0.596875
2 0.475 0.5109375 0.575 0.5109375 0.575 0.54375 0.475 0.54375
2 0.2890625 0.5203125 0.390625 0.5203125 0.390625 0.5546875 0.2890625 0.5546875
5 0.375 0.56875 0.46875 0.56875 0.46875 0.5984375 0.375 0.5984375
5 0.7140625 0.5609375 0.8109375 0.5609375 0.8109375 0.5890625 0.7140625 0.5890625
5 0.7171875 0.646875 0.8125 0.646875 0.8125 0.678125 0.7171875 0.678125
4 0.5640625 0.6859375 0.6921875 0.6859375 0.6921875 0.7265625 0.5640625 0.7265625
4 0.2859375 0.6546875 0.4046875 0.6546875 0.4046875 0.6921875 0.2859375 0.6921875
0 0.46875 0.65 0.5671875 0.65 0.5671875 0.678125 0.46875 0.678125
0 0.0875 0.615625 0.175 0.615625 0.175 0.65 0.0875 0.65