1 0.4875 0.75 0.590625 0.75 0.590625 0.840625 0.4875 0.840625
4 0.0484375 0.29375 0.19375 0.29375 0.19375 0.38125 0.0484375 0.38125
4 0.7765625 0.440625 0.8921875 0.440625 0.8921875 0.5109375 0.7765625 0.5109375
4 0.778125 0.596875 0.90625 0.596875 0.90625 0.665625 0.778125 0.665625
4 0.153125 0.6734375 0.278125 0.6734375 0.278125 0.7453125 0.153125 0.7453125
6 0.084375 0.21875 0.184375 0.21875 0.184375 0.3 0.084375 0.3
6 0.4890625 0.521875 0.5734375 0.521875 0.5734375 0.59375 0.4890625 0.59375
6 0.384375 0.671875 0.46875 0.671875 0.46875 0.7421875 0.384375 0.7421875
6 0.3890625 0.75 0.4734375 0.75 0.4734375 0.8296875 0.3890625 0.8296875
10 0.28125 0.6046875 0.384375 0.6046875 0.384375 0.6703125 0.28125 0.6703125
10 0.16875 0.590625 0.290625 0.590625 0.290625 0.6625 0.16875 0.6625
10 0.759375 0.1984375 0.86875 0.1984375 0.86875 0.296875 0.759375 0.296875
10 0.7796875 0.5203125 0.9125 0.5203125 0.9125 0.58125 0.7796875 0.58125
10 0.6765625 0.440625 0.7796875 0.440625 0.7796875 0.515625 0.6765625 0.515625
10 0.05625 0.53125 0.1890625 0.53125 0.1890625 0.590625 0.05625 0.590625
10 0.053125 0.6015625 0.1875 0.6015625 0.1875 0.6671875 0.053125 0.6671875
9 0.2875 0.2375 0.36875 0.2375 0.36875 0.296875 0.2875 0.296875
9 0.196875 0.3171875 0.2796875 0.3171875 0.2796875 0.378125 0.196875 0.378125
9 0.290625 0.390625 0.375 0.390625 0.375 0.4390625 0.290625 0.4390625
9 0.396875 0.4609375 0.46875 0.4609375 0.46875 0.5140625 0.396875 0.5140625
9 0.49375 0.309375 0.565625 0.309375 0.565625 0.371875 0.49375 0.371875
9 0.5828125 0.309375 0.6578125 0.309375 0.6578125 0.3640625 0.5828125 0.3640625
9 0.7765625 0.303125 0.85625 0.303125 0.85625 0.365625 0.7765625 0.365625
9 0.590625 0.675 0.671875 0.675 0.671875 0.7265625 0.590625 0.7265625
9 0.4921875 0.66875 0.5671875 0.66875 0.5671875 0.7296875 0.4921875 0.7296875
9 0.296875 0.6765625 0.371875 0.6765625 0.371875 0.7375 0.296875 0.7375
9 0.8171875 0.7453125 0.9046875 0.7453125 0.9046875 0.8109375 0.8171875 0.8109375
7 0.6734375 0.2875 0.771875 0.2875 0.771875 0.3734375 0.6734375 0.3734375
7 0.4890625 0.6046875 0.5828125 0.6046875 0.5828125 0.6640625 0.4890625 0.6640625
7 0.275 0.45 0.384375 0.45 0.384375 0.51875 0.275 0.51875
7 0.05 0.753125 0.184375 0.753125 0.184375 0.8375 0.05 0.8375
7 0.68125 0.740625 0.796875 0.740625 0.796875 0.8375 0.68125 0.8375