3 0.190625 0.1640625 0.24375 0.1640625 0.24375 0.30625 0.190625 0.30625
9 0.2734375 0.1625 0.3234375 0.1625 0.3234375 0.3078125 0.2734375 0.3078125
9 0.3328125 0.1703125 0.378125 0.1703125 0.378125 0.3140625 0.3328125 0.3140625
3 0.4125 0.1625 0.46875 0.1625 0.46875 0.3078125 0.4125 0.3078125
9 0.4953125 0.1703125 0.5453125 0.1703125 0.5453125 0.3125 0.4953125 0.3125
3 0.565625 0.146875 0.6140625 0.146875 0.6140625 0.290625 0.565625 0.290625
9 0.64375 0.146875 0.696875 0.146875 0.696875 0.296875 0.64375 0.296875
3 0.7171875 0.1484375 0.76875 0.1484375 0.76875 0.296875 0.7171875 0.296875
3 0.73125 0.284375 0.790625 0.284375 0.790625 0.43125 0.73125 0.43125
3 0.6421875 0.2828125 0.6984375 0.2828125 0.6984375 0.4328125 0.6421875 0.4328125
9 0.571875 0.29375 0.625 0.29375 0.625 0.4375 0.571875 0.4375
0 0.4953125 0.2515625 0.5453125 0.2515625 0.5453125 0.44375 0.4953125 0.44375
9 0.425 0.3125 0.4734375 0.3125 0.4734375 0.4484375 0.425 0.4484375
0 0.3328125 0.259375 0.390625 0.259375 0.390625 0.4484375 0.3328125 0.4484375
9 0.2546875 0.3140625 0.3078125 0.3140625 0.3078125 0.4609375 0.2546875 0.4609375
9 0.184375 0.309375 0.2375 0.309375 0.2375 0.453125 0.184375 0.453125
3 0.5046875 0.434375 0.5546875 0.434375 0.5546875 0.571875 0.5046875 0.571875