3 0.3828125 0.76875 0.4140625 0.76875 0.4140625 0.8484375 0.3828125 0.8484375
3 0.3875 0.7625 0.4125 0.7625 0.4125 0.84375 0.3875 0.84375
3 0.35 0.6046875 0.3765625 0.6046875 0.3765625 0.6828125 0.35 0.6828125
3 0.353125 0.6 0.378125 0.6 0.378125 0.6765625 0.353125 0.6765625
3 0.2984375 0.6078125 0.325 0.6078125 0.325 0.6953125 0.2984375 0.6953125
3 0.3 0.6109375 0.328125 0.6109375 0.328125 0.6890625 0.3 0.6890625
3 0.346875 0.4453125 0.375 0.4453125 0.375 0.515625 0.346875 0.515625
3 0.35 0.44375 0.375 0.44375 0.375 0.5171875 0.35 0.5171875
3 0.425 0.45 0.453125 0.45 0.453125 0.528125 0.425 0.528125
3 0.3828125 0.3484375 0.4125 0.3484375 0.4125 0.4171875 0.3828125 0.4171875
3 0.50625 0.453125 0.534375 0.453125 0.534375 0.5296875 0.50625 0.5296875
3 0.434375 0.36875 0.4609375 0.36875 0.4609375 0.440625 0.434375 0.440625
3 0.4328125 0.3703125 0.4609375 0.3703125 0.4609375 0.440625 0.4328125 0.440625
3 0.4265625 0.4484375 0.453125 0.4484375 0.453125 0.5234375 0.4265625 0.5234375
3 0.3828125 0.3515625 0.4125 0.3515625 0.4125 0.421875 0.3828125 0.421875
3 0.509375 0.4484375 0.534375 0.4484375 0.534375 0.521875 0.509375 0.521875
0 0.24375 0.2421875 0.2796875 0.2421875 0.2796875 0.3421875 0.24375 0.3421875
2 0.51875 0.34375 0.553125 0.34375 0.553125 0.440625 0.51875 0.440625
0 0.3453125 0.246875 0.3765625 0.246875 0.3765625 0.3390625 0.3453125 0.3390625
2 0.56875 0.2578125 0.6015625 0.2578125 0.6015625 0.3515625 0.56875 0.3515625
1 0.3859375 0.2359375 0.41875 0.2359375 0.41875 0.35 0.3859375 0.35
2 0.3375 0.3421875 0.375 0.3421875 0.375 0.44375 0.3375 0.44375
1 0.2484375 0.3421875 0.2890625 0.3421875 0.2890625 0.4671875 0.2484375 0.4671875
2 0.3 0.3453125 0.334375 0.3453125 0.334375 0.446875 0.3 0.446875
4 0.4734375 0.34375 0.5109375 0.34375 0.5109375 0.4609375 0.4734375 0.4609375
5 0.2953125 0.25 0.3296875 0.25 0.3296875 0.34375 0.2953125 0.34375
4 0.4375 0.2703125 0.4734375 0.2703125 0.4734375 0.3734375 0.4375 0.3734375
5 0.5328125 0.28125 0.565625 0.28125 0.565625 0.375 0.5328125 0.375
2 0.565625 0.2546875 0.60625 0.2546875 0.60625 0.3609375 0.565625 0.3609375
5 0.48125 0.25625 0.515625 0.25625 0.515625 0.346875 0.48125 0.346875
2 0.5140625 0.35 0.5515625 0.35 0.5515625 0.44375 0.5140625 0.44375
4 0.4734375 0.3453125 0.5078125 0.3453125 0.5078125 0.465625 0.4734375 0.465625
2 0.334375 0.3453125 0.371875 0.3453125 0.371875 0.4390625 0.334375 0.4390625
4 0.4375 0.265625 0.4734375 0.265625 0.4734375 0.38125 0.4375 0.38125
2 0.296875 0.3515625 0.33125 0.3515625 0.33125 0.4390625 0.296875 0.4390625
1 0.3796875 0.2375 0.4203125 0.2375 0.4203125 0.35 0.3796875 0.35
5 0.53125 0.2859375 0.56875 0.2859375 0.56875 0.3734375 0.53125 0.3734375
1 0.246875 0.3390625 0.290625 0.3390625 0.290625 0.46875 0.246875 0.46875
5 0.48125 0.2578125 0.515625 0.2578125 0.515625 0.3453125 0.48125 0.3453125
0 0.3453125 0.25 0.378125 0.25 0.378125 0.334375 0.3453125 0.334375
5 0.2953125 0.259375 0.325 0.259375 0.325 0.3375 0.2953125 0.3375
0 0.2421875 0.2484375 0.278125 0.2484375 0.278125 0.3390625 0.2421875 0.3390625