9 0.575 0.7640625 0.603125 0.7640625 0.603125 0.8375 0.575 0.8375
9 0.565625 0.434375 0.59375 0.434375 0.59375 0.509375 0.565625 0.509375
9 0.4203125 0.2546875 0.4484375 0.2546875 0.4484375 0.3390625 0.4203125 0.3390625
9 0.3765625 0.1484375 0.4046875 0.1484375 0.4046875 0.2390625 0.3765625 0.2390625
9 0.3328125 0.0640625 0.3625 0.0640625 0.3625 0.15 0.3328125 0.15
9 0.2828125 0.246875 0.3109375 0.246875 0.3109375 0.328125 0.2828125 0.328125
9 0.5140625 0.1609375 0.540625 0.1609375 0.540625 0.2390625 0.5140625 0.2390625
11 0.3625 0.7875 0.4015625 0.7875 0.4015625 0.878125 0.3625 0.878125
11 0.4140625 0.765625 0.4515625 0.765625 0.4515625 0.85625 0.4140625 0.85625
11 0.3109375 0.6421875 0.3484375 0.6421875 0.3484375 0.740625 0.3109375 0.740625
11 0.571875 0.3234375 0.60625 0.3234375 0.60625 0.4265625 0.571875 0.4265625
11 0.609375 0.225 0.6453125 0.225 0.6453125 0.328125 0.609375 0.328125
6 0.2609375 0.546875 0.3015625 0.546875 0.3015625 0.6453125 0.2609375 0.6453125
6 0.2765625 0.334375 0.3125 0.334375 0.3125 0.434375 0.2765625 0.434375
6 0.421875 0.040625 0.453125 0.040625 0.453125 0.1546875 0.421875 0.1546875
6 0.465625 0.025 0.4953125 0.025 0.4953125 0.1390625 0.465625 0.1390625
6 0.4671875 0.134375 0.496875 0.134375 0.496875 0.240625 0.4671875 0.240625
6 0.603125 0.0453125 0.634375 0.0453125 0.634375 0.15625 0.603125 0.15625
7 0.3109375 0.5171875 0.3578125 0.5171875 0.3578125 0.6421875 0.3109375 0.6421875
7 0.571875 0.4984375 0.615625 0.4984375 0.615625 0.621875 0.571875 0.621875
7 0.3671875 0.003125 0.4046875 0.003125 0.4046875 0.1453125 0.3671875 0.1453125
10 0.421875 0.5234375 0.459375 0.5234375 0.459375 0.646875 0.421875 0.646875
10 0.321875 0.2015625 0.3640625 0.2015625 0.3640625 0.3421875 0.321875 0.3421875
10 0.4984375 0.0125 0.5359375 0.0125 0.5359375 0.1546875 0.4984375 0.1546875
8 0.465625 0.6609375 0.5015625 0.6609375 0.5015625 0.7515625 0.465625 0.7515625
8 0.6140625 0.4234375 0.65625 0.4234375 0.65625 0.51875 0.6140625 0.51875
8 0.509375 0.3265625 0.5421875 0.3265625 0.5421875 0.4328125 0.509375 0.4328125
8 0.415625 0.3390625 0.45 0.3390625 0.45 0.4328125 0.415625 0.4328125
8 0.3203125 0.334375 0.35625 0.334375 0.35625 0.44375 0.3203125 0.44375
8 0.28125 0.115625 0.31875 0.115625 0.31875 0.23125 0.28125 0.23125
11 0.4625 0.2265625 0.49375 0.2265625 0.49375 0.3296875 0.4625 0.3296875
2 0.259375 0.7921875 0.3015625 0.7921875 0.3015625 0.8875 0.259375 0.8875
2 0.2640625 0.6640625 0.30625 0.6640625 0.30625 0.7703125 0.2640625 0.7703125
2 0.4234375 0.14375 0.45625 0.14375 0.45625 0.253125 0.4234375 0.253125
2 0.5625 0.13125 0.5984375 0.13125 0.5984375 0.2375 0.5625 0.2375
5 0.4203125 0.6625 0.459375 0.6625 0.459375 0.753125 0.4203125 0.753125
5 0.528125 0.740625 0.565625 0.740625 0.565625 0.8359375 0.528125 0.8359375
5 0.6171875 0.753125 0.65625 0.753125 0.65625 0.853125 0.6171875 0.853125
5 0.5625 0.640625 0.5984375 0.640625 0.5984375 0.7359375 0.5625 0.7359375
5 0.475 0.521875 0.509375 0.521875 0.509375 0.625 0.475 0.625
5 0.5171875 0.4421875 0.5515625 0.4421875 0.5515625 0.5390625 0.5171875 0.5390625
5 0.3640625 0.2328125 0.396875 0.2328125 0.396875 0.3390625 0.3640625 0.3390625
5 0.28125 0.0515625 0.315625 0.0515625 0.315625 0.153125 0.28125 0.153125
0 0.465625 0.765625 0.496875 0.765625 0.496875 0.8546875 0.465625 0.8546875
0 0.6265625 0.6484375 0.665625 0.6484375 0.665625 0.7421875 0.6265625 0.7421875
0 0.615625 0.346875 0.65 0.346875 0.65 0.44375 0.615625 0.44375
0 0.5640625 0.221875 0.5984375 0.221875 0.5984375 0.325 0.5640625 0.325
0 0.55 0.040625 0.58125 0.040625 0.58125 0.15625 0.55 0.15625
4 0.465625 0.4125 0.503125 0.4125 0.503125 0.5375 0.465625 0.5375
4 0.4640625 0.3 0.5 0.3 0.5 0.428125 0.4640625 0.428125
1 0.3671875 0.403125 0.40625 0.403125 0.40625 0.5328125 0.3671875 0.5328125
1 0.41875 0.409375 0.45625 0.409375 0.45625 0.5375 0.41875 0.5375
4 0.509375 0.2015625 0.5453125 0.2015625 0.5453125 0.3359375 0.509375 0.3359375
1 0.521875 0.5109375 0.5609375 0.5109375 0.5609375 0.6390625 0.521875 0.6390625
0 0.6109375 0.134375 0.6421875 0.134375 0.6421875 0.2296875 0.6109375 0.2296875