8 0.5890625 0.5765625 0.675 0.5765625 0.675 0.6109375 0.5890625 0.6109375
8 0.8125 0.44375 0.909375 0.44375 0.909375 0.478125 0.8125 0.478125
6 0.63125 0.4375 0.70625 0.4375 0.70625 0.46875 0.63125 0.46875
6 0.83125 0.49375 0.91875 0.49375 0.91875 0.51875 0.83125 0.51875
11 0.5203125 0.61875 0.590625 0.61875 0.590625 0.659375 0.5203125 0.659375
11 0.7125 0.4890625 0.796875 0.4890625 0.796875 0.5203125 0.7125 0.5203125
5 0.7515625 0.353125 0.834375 0.353125 0.834375 0.3875 0.7515625 0.3875
1 0.4421875 0.284375 0.51875 0.284375 0.51875 0.3359375 0.4421875 0.3359375
5 0.33125 0.4796875 0.40625 0.4796875 0.40625 0.5109375 0.33125 0.5109375
4 0.7125 0.39375 0.815625 0.39375 0.815625 0.434375 0.7125 0.434375
5 0.7296875 0.5359375 0.8140625 0.5359375 0.8140625 0.5671875 0.7296875 0.5671875
0 0.8125 0.578125 0.89375 0.578125 0.89375 0.609375 0.8125 0.609375
0 0.728125 0.621875 0.8109375 0.621875 0.8109375 0.65625 0.728125 0.65625
7 0.7375 0.2953125 0.834375 0.2953125 0.834375 0.34375 0.7375 0.34375
10 0.828125 0.3921875 0.940625 0.3921875 0.940625 0.4328125 0.828125 0.4328125
5 0.4125 0.5734375 0.475 0.5734375 0.475 0.6078125 0.4125 0.6078125