10 0.0640625 0.8109375 0.1890625 0.8109375 0.1890625 0.9390625 0.0640625 0.9390625
10 0.425 0.4140625 0.5046875 0.4140625 0.5046875 0.4984375 0.425 0.4984375
10 0.6953125 0.4265625 0.8109375 0.4265625 0.8109375 0.50625 0.6953125 0.50625
8 0.109375 0.715625 0.19375 0.715625 0.19375 0.809375 0.109375 0.809375
8 0.2171875 0.728125 0.2921875 0.728125 0.2921875 0.825 0.2171875 0.825
8 0.51875 0.6171875 0.5875 0.6171875 0.5875 0.7 0.51875 0.7
8 0.61875 0.628125 0.690625 0.628125 0.690625 0.7125 0.61875 0.7125
8 0.8046875 0.234375 0.8984375 0.234375 0.8984375 0.328125 0.8046875 0.328125
8 0.803125 0.125 0.90625 0.125 0.90625 0.221875 0.803125 0.221875
5 0.1125 0.09375 0.203125 0.09375 0.203125 0.1921875 0.1125 0.1921875
5 0.196875 0.2890625 0.2796875 0.2890625 0.2796875 0.3734375 0.196875 0.3734375
5 0.4171875 0.109375 0.484375 0.109375 0.484375 0.20625 0.4171875 0.20625
5 0.4359375 0.215625 0.5015625 0.215625 0.5015625 0.303125 0.4359375 0.303125
5 0.3109375 0.7203125 0.3859375 0.7203125 0.3859375 0.803125 0.3109375 0.803125
5 0.321875 0.628125 0.39375 0.628125 0.39375 0.703125 0.321875 0.703125
6 0.21875 0.628125 0.3 0.628125 0.3 0.7 0.21875 0.7
6 0.24375 0.203125 0.31875 0.203125 0.31875 0.290625 0.24375 0.290625
6 0.421875 0.7171875 0.4890625 0.7171875 0.4890625 0.796875 0.421875 0.796875
6 0.60625 0.734375 0.68125 0.734375 0.68125 0.81875 0.60625 0.81875
6 0.625 0.33125 0.7015625 0.33125 0.7015625 0.40625 0.625 0.40625
6 0.7109375 0.1203125 0.7984375 0.1203125 0.7984375 0.2140625 0.7109375 0.2140625
7 0.184375 0.5125 0.2921875 0.5125 0.2921875 0.5953125 0.184375 0.5953125
7 0.4125 0.5203125 0.49375 0.5203125 0.49375 0.6 0.4125 0.6
7 0.5125 0.3234375 0.6046875 0.3234375 0.6046875 0.4203125 0.5125 0.4203125
11 0.20625 0.41875 0.2890625 0.41875 0.2890625 0.49375 0.20625 0.49375
11 0.421875 0.34375 0.4890625 0.34375 0.4890625 0.41875 0.421875 0.41875
11 0.515625 0.440625 0.5875 0.440625 0.5875 0.50625 0.515625 0.50625
11 0.6078125 0.440625 0.6921875 0.440625 0.6921875 0.5109375 0.6078125 0.5109375
4 0.3109375 0.50625 0.3953125 0.50625 0.3953125 0.584375 0.3109375 0.584375
4 0.6046875 0.184375 0.7015625 0.184375 0.7015625 0.296875 0.6046875 0.296875
4 0.803125 0.815625 0.934375 0.815625 0.934375 0.934375 0.803125 0.934375
2 0.321875 0.4125 0.396875 0.4125 0.396875 0.490625 0.321875 0.490625
2 0.415625 0.61875 0.4875 0.61875 0.4875 0.690625 0.415625 0.690625
2 0.5125 0.715625 0.584375 0.715625 0.584375 0.8078125 0.5125 0.8078125
2 0.7 0.6140625 0.8 0.6140625 0.8 0.6890625 0.7 0.6890625
1 0.3109375 0.3140625 0.3953125 0.3140625 0.3953125 0.4109375 0.3109375 0.4109375
1 0.3265625 0.2 0.409375 0.2 0.409375 0.3140625 0.3265625 0.3140625
1 0.5203125 0.190625 0.6046875 0.190625 0.6046875 0.30625 0.5203125 0.30625
0 0.325 0.1046875 0.3890625 0.1046875 0.3890625 0.2015625 0.325 0.2015625
0 0.615625 0.528125 0.690625 0.528125 0.690625 0.590625 0.615625 0.590625
0 0.696875 0.525 0.78125 0.525 0.78125 0.590625 0.696875 0.590625
0 0.696875 0.709375 0.78125 0.709375 0.78125 0.784375 0.696875 0.784375
0 0.7921875 0.71875 0.8890625 0.71875 0.8890625 0.79375 0.7921875 0.79375
3 0.509375 0.546875 0.565625 0.546875 0.565625 0.6 0.509375 0.6
3 0.696875 0.2453125 0.7625 0.2453125 0.7625 0.3125 0.696875 0.3125
9 0.70625 0.3265625 0.778125 0.3265625 0.778125 0.3890625 0.70625 0.3890625