11 0.6015625 0.821875 0.68125 0.821875 0.68125 0.915625 0.6015625 0.915625
11 0.596875 0.4390625 0.66875 0.4390625 0.66875 0.5078125 0.596875 0.5078125
11 0.515625 0.146875 0.578125 0.146875 0.578125 0.2453125 0.515625 0.2453125
11 0.496875 0.7109375 0.571875 0.7109375 0.571875 0.8015625 0.496875 0.8015625
10 0.225 0.525 0.31875 0.525 0.31875 0.603125 0.225 0.603125
10 0.596875 0.315625 0.68125 0.315625 0.68125 0.409375 0.596875 0.409375
10 0.5953125 0.1125 0.6859375 0.1125 0.6859375 0.2359375 0.5953125 0.2359375
9 0.328125 0.3515625 0.3890625 0.3515625 0.3890625 0.41875 0.328125 0.41875
8 0.784375 0.7859375 0.878125 0.7859375 0.878125 0.8859375 0.784375 0.8859375
8 0.328125 0.796875 0.4 0.796875 0.4 0.9015625 0.328125 0.9015625
8 0.215625 0.60625 0.290625 0.60625 0.290625 0.6859375 0.215625 0.6859375
8 0.41875 0.525 0.484375 0.525 0.484375 0.596875 0.41875 0.596875
8 0.7734375 0.421875 0.8671875 0.421875 0.8671875 0.50625 0.7734375 0.50625
8 0.1265625 0.146875 0.215625 0.146875 0.215625 0.2453125 0.1265625 0.2453125
7 0.215625 0.78125 0.3125 0.78125 0.3125 0.89375 0.215625 0.89375
7 0.421875 0.1046875 0.4953125 0.1046875 0.4953125 0.221875 0.421875 0.221875
7 0.78125 0.30625 0.8921875 0.30625 0.8921875 0.4 0.78125 0.4
6 0.78125 0.515625 0.8671875 0.515625 0.8671875 0.5859375 0.78125 0.5859375
6 0.2234375 0.321875 0.2953125 0.321875 0.2953125 0.4 0.2234375 0.4
6 0.1375 0.33125 0.2234375 0.33125 0.2234375 0.4046875 0.1375 0.4046875
6 0.425 0.228125 0.4828125 0.228125 0.4828125 0.3140625 0.425 0.3140625
6 0.3375 0.2359375 0.4078125 0.2359375 0.4078125 0.3296875 0.3375 0.3296875
5 0.7015625 0.6078125 0.7796875 0.6078125 0.7796875 0.6828125 0.7015625 0.6828125
5 0.6015625 0.6078125 0.6671875 0.6078125 0.6671875 0.6859375 0.6015625 0.6859375
5 0.328125 0.5234375 0.4 0.5234375 0.4 0.5953125 0.328125 0.5953125
5 0.69375 0.803125 0.778125 0.803125 0.778125 0.9046875 0.69375 0.9046875
5 0.78125 0.1296875 0.871875 0.1296875 0.871875 0.228125 0.78125 0.228125
5 0.68125 0.128125 0.7578125 0.128125 0.7578125 0.221875 0.68125 0.221875
4 0.221875 0.4125 0.3234375 0.4125 0.3234375 0.4890625 0.221875 0.4890625
4 0.778125 0.2328125 0.8890625 0.2328125 0.8890625 0.33125 0.778125 0.33125
4 0.309375 0.0921875 0.3984375 0.0921875 0.3984375 0.2203125 0.309375 0.2203125
3 0.43125 0.63125 0.4875 0.63125 0.4875 0.7 0.43125 0.7
3 0.134375 0.4359375 0.203125 0.4359375 0.203125 0.49375 0.134375 0.49375
2 0.5953125 0.7140625 0.671875 0.7140625 0.671875 0.80625 0.5953125 0.80625
2 0.7828125 0.690625 0.8703125 0.690625 0.8703125 0.7796875 0.7828125 0.7796875
2 0.6875 0.4234375 0.775 0.4234375 0.775 0.49375 0.6875 0.49375
2 0.4140625 0.3390625 0.4875 0.3390625 0.4875 0.421875 0.4140625 0.421875
1 0.21875 0.7 0.31875 0.7 0.31875 0.7984375 0.21875 0.7984375
1 0.103125 0.7 0.2109375 0.7 0.2109375 0.809375 0.103125 0.809375
1 0.50625 0.6109375 0.578125 0.6109375 0.578125 0.7015625 0.50625 0.7015625
0 0.6125 0.5125 0.68125 0.5125 0.68125 0.5734375 0.6125 0.5734375
0 0.409375 0.4328125 0.4703125 0.4328125 0.4703125 0.4921875 0.409375 0.4921875
0 0.50625 0.33125 0.5765625 0.33125 0.5765625 0.4125 0.50625 0.4125
0 0.2265625 0.221875 0.303125 0.221875 0.303125 0.3125 0.2265625 0.3125
0 0.428125 0.809375 0.503125 0.809375 0.503125 0.903125 0.428125 0.903125
6 0.1046875 0.803125 0.1984375 0.803125 0.1984375 0.890625 0.1046875 0.890625