0 0.809375 0.7921875 0.9015625 0.7921875 0.9015625 0.88125 0.809375 0.88125
0 0.625 0.225 0.6953125 0.225 0.6953125 0.30625 0.625 0.30625
0 0.71875 0.11875 0.8 0.11875 0.8 0.20625 0.71875 0.20625
0 0.8375 0.2109375 0.921875 0.2109375 0.921875 0.2859375 0.8375 0.2859375
0 0.3484375 0.19375 0.4140625 0.19375 0.4140625 0.271875 0.3484375 0.271875
1 0.109375 0.7546875 0.215625 0.7546875 0.215625 0.8625 0.109375 0.8625
1 0.525 0.578125 0.596875 0.578125 0.596875 0.665625 0.525 0.665625
1 0.3203125 0.578125 0.4109375 0.578125 0.4109375 0.659375 0.3203125 0.659375
2 0.5203125 0.6859375 0.5921875 0.6859375 0.5921875 0.75625 0.5203125 0.75625
2 0.815625 0.6 0.9 0.6 0.9 0.66875 0.815625 0.66875
2 0.3421875 0.390625 0.4125 0.390625 0.4125 0.4609375 0.3421875 0.4609375
2 0.440625 0.31875 0.5125 0.31875 0.5125 0.390625 0.440625 0.390625
3 0.4453125 0.5984375 0.5015625 0.5984375 0.5015625 0.65625 0.4453125 0.65625
3 0.2703125 0.2328125 0.3296875 0.2328125 0.3296875 0.2953125 0.2703125 0.2953125
3 0.553125 0.2140625 0.603125 0.2140625 0.603125 0.2859375 0.553125 0.2859375
4 0.521875 0.771875 0.6046875 0.771875 0.6046875 0.884375 0.521875 0.884375
4 0.109375 0.284375 0.23125 0.284375 0.23125 0.38125 0.109375 0.38125
4 0.2296875 0.0703125 0.3328125 0.0703125 0.3328125 0.1890625 0.2296875 0.1890625
5 0.340625 0.675 0.409375 0.675 0.409375 0.75 0.340625 0.75
5 0.4421875 0.1078125 0.503125 0.1078125 0.503125 0.2015625 0.4421875 0.2015625
5 0.6296875 0.1046875 0.7015625 0.1046875 0.7015625 0.2015625 0.6296875 0.2015625
5 0.446875 0.421875 0.5078125 0.421875 0.5078125 0.48125 0.446875 0.48125
5 0.134375 0.671875 0.23125 0.671875 0.23125 0.74375 0.134375 0.74375
5 0.140625 0.5828125 0.2375 0.5828125 0.2375 0.65 0.140625 0.65
6 0.7265625 0.778125 0.8015625 0.778125 0.8015625 0.865625 0.7265625 0.865625
6 0.625 0.76875 0.690625 0.76875 0.690625 0.85625 0.625 0.85625
6 0.625 0.3078125 0.6921875 0.3078125 0.6921875 0.3828125 0.625 0.3828125
6 0.7296875 0.3125 0.8171875 0.3125 0.8171875 0.3875 0.7296875 0.3875
6 0.1328125 0.496875 0.225 0.496875 0.225 0.5578125 0.1328125 0.5578125
7 0.7125 0.4203125 0.815625 0.4203125 0.815625 0.4953125 0.7125 0.4953125
7 0.5359375 0.0828125 0.6109375 0.0828125 0.6109375 0.203125 0.5359375 0.203125
7 0.81875 0.2890625 0.934375 0.2890625 0.934375 0.3859375 0.81875 0.3859375
8 0.728125 0.690625 0.7953125 0.690625 0.7953125 0.7734375 0.728125 0.7734375
8 0.640625 0.5 0.7078125 0.5 0.7078125 0.571875 0.640625 0.571875
8 0.8203125 0.5125 0.9078125 0.5125 0.9078125 0.5875 0.8203125 0.5875
8 0.34375 0.496875 0.4234375 0.496875 0.4234375 0.5625 0.34375 0.5625
8 0.1515625 0.4140625 0.2421875 0.4140625 0.2421875 0.484375 0.1515625 0.484375
9 0.61875 0.68125 0.684375 0.68125 0.684375 0.7375 0.61875 0.7375
9 0.453125 0.665625 0.5109375 0.665625 0.5109375 0.721875 0.453125 0.721875
9 0.4546875 0.2296875 0.5171875 0.2296875 0.5171875 0.2921875 0.4546875 0.2921875
10 0.825 0.075 0.94375 0.075 0.94375 0.196875 0.825 0.196875
10 0.1375 0.1 0.2515625 0.1 0.2515625 0.2125 0.1375 0.2125
10 0.3265625 0.7609375 0.4203125 0.7609375 0.4203125 0.86875 0.3265625 0.86875
11 0.696875 0.621875 0.76875 0.621875 0.76875 0.7 0.696875 0.7
11 0.6265625 0.6078125 0.6984375 0.6078125 0.6984375 0.678125 0.6265625 0.678125
11 0.2453125 0.59375 0.325 0.59375 0.325 0.659375 0.2453125 0.659375
11 0.534375 0.33125 0.596875 0.33125 0.596875 0.4 0.534375 0.4
6 0.153125 0.2015625 0.240625 0.2015625 0.240625 0.2859375 0.153125 0.2859375
8 0.80625 0.4046875 0.8859375 0.4046875 0.8859375 0.4796875 0.80625 0.4796875