0 0.3015625 0.78125 0.36875 0.78125 0.36875 0.86875 0.3015625 0.86875
0 0.3796875 0.6765625 0.440625 0.6765625 0.440625 0.7578125 0.3796875 0.7578125
0 0.5953125 0.6703125 0.65 0.6703125 0.65 0.746875 0.5953125 0.746875
0 0.4421875 0.29375 0.503125 0.29375 0.503125 0.378125 0.4421875 0.378125
0 0.6359375 0.190625 0.7015625 0.190625 0.7015625 0.2859375 0.6359375 0.2859375
0 0.44375 0.090625 0.5 0.090625 0.5 0.1984375 0.44375 0.1984375
0 0.7109375 0.1015625 0.7796875 0.1015625 0.7796875 0.2015625 0.7109375 0.2015625
2 0.36875 0.203125 0.4375 0.203125 0.4375 0.2921875 0.36875 0.2921875
2 0.3109375 0.38125 0.36875 0.38125 0.36875 0.4765625 0.3109375 0.4765625
2 0.2375 0.3984375 0.3 0.3984375 0.3 0.4828125 0.2375 0.4828125
3 0.4515625 0.575 0.4984375 0.575 0.4984375 0.6609375 0.4515625 0.6609375
3 0.4515625 0.3875 0.4984375 0.3875 0.4984375 0.475 0.4515625 0.475
3 0.5234375 0.2921875 0.5609375 0.2921875 0.5609375 0.3609375 0.5234375 0.3609375
3 0.5828125 0.2109375 0.6234375 0.2109375 0.6234375 0.2921875 0.5828125 0.2921875
3 0.7109375 0.284375 0.7703125 0.284375 0.7703125 0.3640625 0.7109375 0.3640625
3 0.30625 0.209375 0.359375 0.209375 0.359375 0.29375 0.30625 0.29375
3 0.2328125 0.221875 0.2984375 0.221875 0.2984375 0.296875 0.2328125 0.296875
5 0.5203125 0.56875 0.5671875 0.56875 0.5671875 0.64375 0.5203125 0.64375
5 0.6421875 0.2921875 0.703125 0.2921875 0.703125 0.375 0.6421875 0.375
6 0.453125 0.671875 0.509375 0.671875 0.509375 0.7484375 0.453125 0.7484375
6 0.378125 0.39375 0.428125 0.39375 0.428125 0.4734375 0.378125 0.4734375
6 0.5859375 0.103125 0.6328125 0.103125 0.6328125 0.20625 0.5859375 0.20625
6 0.371875 0.096875 0.428125 0.096875 0.428125 0.196875 0.371875 0.196875
6 0.38125 0.4921875 0.4375 0.4921875 0.4375 0.56875 0.38125 0.56875
7 0.5078125 0.3640625 0.5875 0.3640625 0.5875 0.4515625 0.5078125 0.4515625
9 0.6640625 0.5484375 0.7140625 0.5484375 0.7140625 0.6171875 0.6640625 0.6171875
9 0.5921875 0.4734375 0.646875 0.4734375 0.646875 0.5515625 0.5921875 0.5515625
9 0.6640625 0.384375 0.725 0.384375 0.725 0.446875 0.6640625 0.446875
9 0.603125 0.775 0.65625 0.775 0.65625 0.85 0.603125 0.85
9 0.321875 0.6765625 0.3703125 0.6765625 0.3703125 0.7453125 0.321875 0.7453125
9 0.2421875 0.66875 0.3015625 0.66875 0.3015625 0.759375 0.2421875 0.759375
9 0.3109375 0.496875 0.3609375 0.496875 0.3609375 0.56875 0.3109375 0.56875
9 0.246875 0.5046875 0.2953125 0.5046875 0.2953125 0.571875 0.246875 0.571875
9 0.309375 0.309375 0.371875 0.309375 0.371875 0.375 0.309375 0.375
9 0.375 0.3 0.4390625 0.3 0.4390625 0.38125 0.375 0.38125
9 0.225 0.309375 0.3 0.309375 0.3 0.378125 0.225 0.378125
11 0.3703125 0.58125 0.4453125 0.58125 0.4453125 0.6609375 0.3703125 0.6609375
11 0.5078125 0.109375 0.5640625 0.109375 0.5640625 0.2125 0.5078125 0.2125
11 0.5078125 0.2140625 0.5703125 0.2140625 0.5703125 0.2921875 0.5078125 0.2921875
11 0.446875 0.20625 0.503125 0.20625 0.503125 0.29375 0.446875 0.29375
8 0.5203125 0.4703125 0.5796875 0.4703125 0.5796875 0.5640625 0.5203125 0.5640625
8 0.525 0.675 0.58125 0.675 0.58125 0.75 0.525 0.75
8 0.6375 0.096875 0.7015625 0.096875 0.7015625 0.1859375 0.6375 0.1859375
8 0.725 0.628125 0.796875 0.628125 0.796875 0.74375 0.725 0.74375