1 0.3640625 0.521875 0.4484375 0.521875 0.4484375 0.621875 0.3640625 0.621875
4 0.2765625 0.6359375 0.3609375 0.6359375 0.3609375 0.7421875 0.2765625 0.7421875
4 0.2875 0.5296875 0.371875 0.5296875 0.371875 0.6296875 0.2875 0.6296875
4 0.4546875 0.428125 0.5234375 0.428125 0.5234375 0.51875 0.4546875 0.51875
4 0.45 0.521875 0.5140625 0.521875 0.5140625 0.6265625 0.45 0.6265625
7 0.1 0.725 0.209375 0.725 0.209375 0.85625 0.1 0.85625
7 0.4546875 0.31875 0.5234375 0.31875 0.5234375 0.41875 0.4546875 0.41875
7 0.371875 0.421875 0.453125 0.421875 0.453125 0.51875 0.371875 0.51875
7 0.371875 0.73125 0.4484375 0.73125 0.4484375 0.8625 0.371875 0.8625
7 0.2796875 0.8390625 0.3625 0.8390625 0.3625 0.9875 0.2796875 0.9875
10 0.453125 0.1921875 0.5328125 0.1921875 0.5328125 0.315625 0.453125 0.315625
10 0.60625 0.084375 0.6921875 0.084375 0.6921875 0.215625 0.60625 0.215625
10 0.690625 0.10625 0.7828125 0.10625 0.7828125 0.2234375 0.690625 0.2234375
10 0.678125 0.1984375 0.790625 0.1984375 0.790625 0.325 0.678125 0.325
10 0.5296875 0.315625 0.6 0.315625 0.6 0.4203125 0.5296875 0.4203125
10 0.359375 0.625 0.440625 0.625 0.440625 0.728125 0.359375 0.728125
10 0.2796875 0.728125 0.3640625 0.728125 0.3640625 0.8671875 0.2796875 0.8671875
9 0.225 0.525 0.284375 0.525 0.284375 0.596875 0.225 0.596875
9 0.3015625 0.4328125 0.3625 0.4328125 0.3625 0.5046875 0.3015625 0.5046875
9 0.384375 0.325 0.4421875 0.325 0.4421875 0.40625 0.384375 0.40625
9 0.6125 0.3328125 0.6734375 0.3328125 0.6734375 0.4171875 0.6125 0.4171875
9 0.678125 0.328125 0.746875 0.328125 0.746875 0.409375 0.678125 0.409375
9 0.60625 0.4265625 0.675 0.4265625 0.675 0.50625 0.60625 0.50625
9 0.5265625 0.5375 0.5859375 0.5375 0.5859375 0.61875 0.5265625 0.61875
9 0.2234375 0.8265625 0.2796875 0.8265625 0.2796875 0.91875 0.2234375 0.91875
9 0.2203125 0.721875 0.2796875 0.721875 0.2796875 0.81875 0.2203125 0.81875
9 0.225 0.6265625 0.2875 0.6265625 0.2875 0.7203125 0.225 0.7203125
9 0.1203125 0.840625 0.2046875 0.840625 0.2046875 0.928125 0.1203125 0.928125
6 0.540625 0.215625 0.60625 0.215625 0.60625 0.309375 0.540625 0.309375
6 0.6140625 0.228125 0.6890625 0.228125 0.6890625 0.3265625 0.6140625 0.3265625
6 0.5328125 0.4390625 0.596875 0.4390625 0.596875 0.5203125 0.5328125 0.5203125
6 0.4609375 0.63125 0.521875 0.63125 0.521875 0.73125 0.4609375 0.73125