5 0.4109375 0.7875 0.4859375 0.7875 0.4859375 0.86875 0.4109375 0.86875
5 0.5171875 0.5234375 0.5859375 0.5234375 0.5859375 0.5765625 0.5171875 0.5765625
4 0.7875 0.5109375 0.90625 0.5109375 0.90625 0.5765625 0.7875 0.5765625
3 0.2171875 0.5109375 0.2890625 0.5109375 0.2890625 0.559375 0.2171875 0.559375
3 0.4171875 0.584375 0.4796875 0.584375 0.4796875 0.634375 0.4171875 0.634375
3 0.4328125 0.3703125 0.4984375 0.3703125 0.4984375 0.421875 0.4328125 0.421875
3 0.69375 0.309375 0.771875 0.309375 0.771875 0.359375 0.69375 0.359375
3 0.69375 0.44375 0.76875 0.44375 0.76875 0.4953125 0.69375 0.4953125
3 0.684375 0.58125 0.75625 0.58125 0.75625 0.6375 0.684375 0.6375
3 0.7921875 0.65625 0.8734375 0.65625 0.8734375 0.7140625 0.7921875 0.7140625
2 0.103125 0.6328125 0.2078125 0.6328125 0.2078125 0.69375 0.103125 0.69375
2 0.509375 0.578125 0.5890625 0.578125 0.5890625 0.64375 0.509375 0.64375
2 0.6 0.3703125 0.6859375 0.3703125 0.6859375 0.4296875 0.6 0.4296875
2 0.3265625 0.4390625 0.409375 0.4390625 0.409375 0.5 0.3265625 0.5
1 0.696875 0.7265625 0.803125 0.7265625 0.803125 0.8125 0.696875 0.8125
1 0.5921875 0.6453125 0.690625 0.6453125 0.690625 0.7171875 0.5921875 0.7171875
1 0.5953125 0.503125 0.6875 0.503125 0.6875 0.571875 0.5953125 0.571875
1 0.171875 0.7125 0.2890625 0.7125 0.2890625 0.79375 0.171875 0.79375
0 0.209375 0.8 0.296875 0.8 0.296875 0.88125 0.209375 0.88125
0 0.515625 0.4421875 0.5859375 0.4421875 0.5859375 0.4984375 0.515625 0.4984375