0 0.6734375 0.315625 0.76875 0.315625 0.76875 0.3453125 0.6734375 0.3453125
0 0.784375 0.5234375 0.8796875 0.5234375 0.8796875 0.55 0.784375 0.55
0 0.703125 0.60625 0.79375 0.60625 0.79375 0.63125 0.703125 0.63125
0 0.61875 0.525 0.7125 0.525 0.7125 0.553125 0.61875 0.553125
0 0.525 0.525 0.6140625 0.525 0.6140625 0.553125 0.525 0.553125
0 0.3109375 0.296875 0.390625 0.296875 0.390625 0.3328125 0.3109375 0.3328125
1 0.684375 0.396875 0.8125 0.396875 0.8125 0.428125 0.684375 0.428125
1 0.7734375 0.396875 0.9 0.396875 0.9 0.428125 0.7734375 0.428125
2 0.6046875 0.3453125 0.7046875 0.3453125 0.7046875 0.3796875 0.6046875 0.3796875
2 0.4359375 0.478125 0.5203125 0.478125 0.5203125 0.5109375 0.4359375 0.5109375
2 0.44375 0.5296875 0.528125 0.5296875 0.528125 0.5625 0.44375 0.5625
2 0.6109375 0.4796875 0.715625 0.4796875 0.715625 0.509375 0.6109375 0.509375
1 0.5859375 0.3890625 0.7046875 0.3890625 0.7046875 0.4234375 0.5859375 0.4234375
4 0.2265625 0.2859375 0.325 0.2859375 0.325 0.334375 0.2265625 0.334375
4 0.4078125 0.290625 0.5171875 0.290625 0.5171875 0.334375 0.4078125 0.334375
4 0.334375 0.4828125 0.4375 0.4828125 0.4375 0.521875 0.334375 0.521875
5 0.2296875 0.3953125 0.3140625 0.3953125 0.3140625 0.4265625 0.2296875 0.4265625
5 0.24375 0.4921875 0.3234375 0.4921875 0.3234375 0.521875 0.24375 0.521875
5 0.2421875 0.6171875 0.321875 0.6171875 0.321875 0.6546875 0.2421875 0.6546875
5 0.425 0.3375 0.50625 0.3375 0.50625 0.36875 0.425 0.36875
5 0.521875 0.4875 0.6125 0.4875 0.6125 0.51875 0.521875 0.51875
11 0.3203125 0.434375 0.4140625 0.434375 0.4140625 0.4625 0.3203125 0.4625
11 0.1359375 0.540625 0.2203125 0.540625 0.2203125 0.5703125 0.1359375 0.5703125
11 0.4375 0.5625 0.5234375 0.5625 0.5234375 0.596875 0.4375 0.596875
11 0.4609375 0.60625 0.5484375 0.60625 0.5484375 0.6375 0.4609375 0.6375
11 0.6921875 0.478125 0.7828125 0.478125 0.7828125 0.5078125 0.6921875 0.5078125
10 0.31875 0.3453125 0.41875 0.3453125 0.41875 0.384375 0.31875 0.384375
10 0.1546875 0.584375 0.2515625 0.584375 0.2515625 0.625 0.1546875 0.625
10 0.51875 0.340625 0.63125 0.340625 0.63125 0.38125 0.51875 0.38125
9 0.425 0.3890625 0.5 0.3890625 0.5 0.4171875 0.425 0.4171875
9 0.2390625 0.4484375 0.3078125 0.4484375 0.3078125 0.4796875 0.2390625 0.4796875
9 0.2375 0.525 0.3046875 0.525 0.3046875 0.55625 0.2375 0.55625
9 0.3609375 0.6203125 0.4328125 0.6203125 0.4328125 0.6515625 0.3609375 0.6515625
9 0.784375 0.35 0.859375 0.35 0.859375 0.378125 0.784375 0.378125
9 0.696875 0.5546875 0.78125 0.5546875 0.78125 0.5828125 0.696875 0.5828125
9 0.6171875 0.609375 0.6921875 0.609375 0.6921875 0.6390625 0.6171875 0.6390625
8 0.2234375 0.3453125 0.3125 0.3453125 0.3125 0.3828125 0.2234375 0.3828125
8 0.1328125 0.4390625 0.2203125 0.4390625 0.2203125 0.4796875 0.1328125 0.4796875
8 0.140625 0.628125 0.228125 0.628125 0.228125 0.671875 0.140625 0.671875
8 0.3375 0.5296875 0.43125 0.5296875 0.43125 0.5703125 0.3375 0.5703125
8 0.41875 0.434375 0.509375 0.434375 0.509375 0.46875 0.41875 0.46875
8 0.609375 0.55625 0.7 0.55625 0.7 0.5953125 0.609375 0.5953125
7 0.34375 0.584375 0.44375 0.584375 0.44375 0.625 0.34375 0.625
7 0.7953125 0.4734375 0.9140625 0.4734375 0.9140625 0.5078125 0.7953125 0.5078125
7 0.684375 0.515625 0.8078125 0.515625 0.8078125 0.55 0.684375 0.55
11 0.4984375 0.3890625 0.5828125 0.3890625 0.5828125 0.421875 0.4984375 0.421875
6 0.753125 0.309375 0.853125 0.309375 0.853125 0.3421875 0.753125 0.3421875
6 0.6828125 0.4375 0.7796875 0.4375 0.7796875 0.46875 0.6828125 0.46875
6 0.5375 0.609375 0.628125 0.609375 0.628125 0.640625 0.5375 0.640625
6 0.5140625 0.309375 0.6140625 0.309375 0.6140625 0.346875 0.5140625 0.346875
6 0.2515625 0.578125 0.3328125 0.578125 0.3328125 0.609375 0.2515625 0.609375
6 0.546875 0.43125 0.6375 0.43125 0.6375 0.4640625 0.546875 0.4640625