4 0.7296875 0.078125 0.8265625 0.078125 0.8265625 0.178125 0.7296875 0.178125
0 0.64375 0.121875 0.7046875 0.121875 0.7046875 0.1921875 0.64375 0.1921875
10 0.559375 0.0796875 0.628125 0.0796875 0.628125 0.18125 0.559375 0.18125
0 0.4734375 0.1234375 0.5234375 0.1234375 0.5234375 0.1921875 0.4734375 0.1921875
7 0.384375 0.1125 0.453125 0.1125 0.453125 0.2109375 0.384375 0.2109375
1 0.2921875 0.0984375 0.3671875 0.0984375 0.3671875 0.19375 0.2921875 0.19375
8 0.2140625 0.11875 0.2859375 0.11875 0.2859375 0.1953125 0.2140625 0.1953125
8 0.1171875 0.1125 0.196875 0.1125 0.196875 0.190625 0.1171875 0.190625
11 0.75 0.184375 0.81875 0.184375 0.81875 0.2546875 0.75 0.2546875
4 0.390625 0.2125 0.45625 0.2125 0.45625 0.2921875 0.390625 0.2921875
9 0.303125 0.228125 0.353125 0.228125 0.353125 0.275 0.303125 0.275
3 0.2296875 0.2359375 0.284375 0.2359375 0.284375 0.284375 0.2296875 0.284375
6 0.1203125 0.2109375 0.19375 0.2109375 0.19375 0.2765625 0.1203125 0.2765625
10 0.7203125 0.290625 0.809375 0.290625 0.809375 0.3640625 0.7203125 0.3640625
8 0.571875 0.290625 0.6375 0.290625 0.6375 0.3484375 0.571875 0.3484375
0 0.484375 0.3 0.534375 0.3 0.534375 0.353125 0.484375 0.353125
6 0.3078125 0.3 0.3640625 0.3 0.3640625 0.3515625 0.3078125 0.3515625
0 0.1140625 0.3171875 0.1890625 0.3171875 0.1890625 0.3703125 0.1140625 0.3703125
2 0.665625 0.390625 0.7328125 0.390625 0.7328125 0.4484375 0.665625 0.4484375
8 0.5640625 0.38125 0.625 0.38125 0.625 0.434375 0.5640625 0.434375
11 0.4109375 0.390625 0.465625 0.390625 0.465625 0.44375 0.4109375 0.44375
3 0.24375 0.40625 0.29375 0.40625 0.29375 0.4515625 0.24375 0.4515625
7 0.7203125 0.4546875 0.8109375 0.4546875 0.8109375 0.5171875 0.7203125 0.5171875
8 0.5859375 0.4703125 0.6421875 0.4703125 0.6421875 0.528125 0.5859375 0.528125
5 0.48125 0.4765625 0.53125 0.4765625 0.53125 0.528125 0.48125 0.528125
11 0.3328125 0.4703125 0.390625 0.4703125 0.390625 0.528125 0.3328125 0.528125
5 0.1296875 0.484375 0.2046875 0.484375 0.2046875 0.5375 0.1296875 0.5375
6 0.73125 0.5421875 0.8046875 0.5421875 0.8046875 0.596875 0.73125 0.596875
5 0.653125 0.55 0.71875 0.55 0.71875 0.6140625 0.653125 0.6140625
5 0.5765625 0.546875 0.6359375 0.546875 0.6359375 0.609375 0.5765625 0.609375
6 0.725 0.6359375 0.79375 0.6359375 0.79375 0.7 0.725 0.7
8 0.5640625 0.634375 0.6296875 0.634375 0.6296875 0.6984375 0.5640625 0.6984375
4 0.4734375 0.55 0.5390625 0.55 0.5390625 0.61875 0.4734375 0.61875
2 0.396875 0.553125 0.45625 0.553125 0.45625 0.609375 0.396875 0.609375
1 0.3203125 0.55625 0.3890625 0.55625 0.3890625 0.6296875 0.3203125 0.6296875
1 0.221875 0.5484375 0.3046875 0.5484375 0.3046875 0.61875 0.221875 0.61875
0 0.134375 0.5671875 0.209375 0.5671875 0.209375 0.6234375 0.134375 0.6234375
11 0.40625 0.6421875 0.465625 0.6421875 0.465625 0.7078125 0.40625 0.7078125
6 0.225 0.6234375 0.296875 0.6234375 0.296875 0.6875 0.225 0.6875
10 0.728125 0.70625 0.821875 0.70625 0.821875 0.8 0.728125 0.8
5 0.578125 0.709375 0.6359375 0.709375 0.6359375 0.7859375 0.578125 0.7859375
2 0.478125 0.703125 0.5375 0.703125 0.5375 0.7796875 0.478125 0.7796875
6 0.33125 0.715625 0.390625 0.715625 0.390625 0.7859375 0.33125 0.7859375
7 0.2 0.71875 0.284375 0.71875 0.284375 0.8171875 0.2 0.8171875
5 0.1359375 0.725 0.20625 0.725 0.20625 0.796875 0.1359375 0.796875
2 0.1234375 0.3875 0.228125 0.3875 0.228125 0.4640625 0.1234375 0.4640625