0 0.2046875 0.578125 0.278125 0.578125 0.278125 0.634375 0.2046875 0.634375
0 0.3046875 0.5140625 0.384375 0.5140625 0.384375 0.5671875 0.3046875 0.5671875
0 0.56875 0.571875 0.6578125 0.571875 0.6578125 0.621875 0.56875 0.621875
0 0.4796875 0.575 0.565625 0.575 0.565625 0.63125 0.4796875 0.63125
0 0.2875 0.3046875 0.36875 0.3046875 0.36875 0.3671875 0.2875 0.3671875
0 0.190625 0.309375 0.2765625 0.309375 0.2765625 0.36875 0.190625 0.36875
2 0.384375 0.578125 0.471875 0.578125 0.471875 0.63125 0.384375 0.63125
2 0.378125 0.64375 0.478125 0.64375 0.478125 0.696875 0.378125 0.696875
2 0.3953125 0.7140625 0.4859375 0.7140625 0.4859375 0.7734375 0.3953125 0.7734375
3 0.221875 0.65625 0.3015625 0.65625 0.3015625 0.7046875 0.221875 0.7046875
3 0.215625 0.709375 0.2953125 0.709375 0.2953125 0.771875 0.215625 0.771875
3 0.3 0.440625 0.3734375 0.440625 0.3734375 0.496875 0.3 0.496875
3 0.390625 0.50625 0.465625 0.50625 0.465625 0.559375 0.390625 0.559375
3 0.5671875 0.5078125 0.6515625 0.5078125 0.6515625 0.55625 0.5671875 0.55625
3 0.2078125 0.38125 0.3 0.38125 0.3 0.4359375 0.2078125 0.4359375
3 0.4703125 0.2296875 0.5515625 0.2296875 0.5515625 0.2890625 0.4703125 0.2890625
0 0.46875 0.4359375 0.5546875 0.4359375 0.5546875 0.490625 0.46875 0.490625
5 0.3734375 0.375 0.4671875 0.375 0.4671875 0.43125 0.3734375 0.43125
5 0.090625 0.240625 0.175 0.240625 0.175 0.29375 0.090625 0.29375
6 0.2921875 0.5859375 0.375 0.5859375 0.375 0.6328125 0.2921875 0.6328125
6 0.371875 0.4375 0.4609375 0.4375 0.4609375 0.4984375 0.371875 0.4984375
6 0.3796875 0.30625 0.4640625 0.30625 0.4640625 0.36875 0.3796875 0.36875
6 0.096875 0.38125 0.19375 0.38125 0.19375 0.4390625 0.096875 0.4390625
6 0.296875 0.36875 0.3640625 0.36875 0.3640625 0.425 0.296875 0.425
7 0.0734375 0.2984375 0.18125 0.2984375 0.18125 0.371875 0.0734375 0.371875
8 0.1109375 0.5078125 0.2015625 0.5078125 0.2015625 0.5671875 0.1109375 0.5671875
8 0.0984375 0.578125 0.19375 0.578125 0.19375 0.6359375 0.0984375 0.6359375
8 0.09375 0.64375 0.2078125 0.64375 0.2078125 0.709375 0.09375 0.709375
8 0.1828125 0.2390625 0.2796875 0.2390625 0.2796875 0.3 0.1828125 0.3
9 0.30625 0.7125 0.38125 0.7125 0.38125 0.7734375 0.30625 0.7734375
9 0.30625 0.6390625 0.3703125 0.6390625 0.3703125 0.7046875 0.30625 0.7046875
9 0.484375 0.6375 0.5671875 0.6375 0.5671875 0.703125 0.484375 0.703125
9 0.490625 0.7125 0.5640625 0.7125 0.5640625 0.771875 0.490625 0.771875
9 0.5734375 0.709375 0.6609375 0.709375 0.6609375 0.76875 0.5734375 0.76875
9 0.5765625 0.64375 0.6625 0.64375 0.6625 0.703125 0.5765625 0.703125
9 0.2765625 0.2375 0.3625 0.2375 0.3625 0.296875 0.2765625 0.296875
9 0.3734375 0.2390625 0.45625 0.2390625 0.45625 0.2953125 0.3734375 0.2953125
9 0.4765625 0.303125 0.5515625 0.303125 0.5515625 0.35625 0.4765625 0.35625
9 0.475 0.36875 0.55625 0.36875 0.55625 0.428125 0.475 0.428125
9 0.1015625 0.7140625 0.20625 0.7140625 0.20625 0.7734375 0.1015625 0.7734375
11 0.1015625 0.45 0.2046875 0.45 0.2046875 0.4984375 0.1015625 0.4984375
11 0.2046875 0.50625 0.303125 0.50625 0.303125 0.565625 0.2046875 0.565625
11 0.2046875 0.440625 0.2984375 0.440625 0.2984375 0.5 0.2046875 0.5
11 0.471875 0.503125 0.5609375 0.503125 0.5609375 0.5625 0.471875 0.5625