2 0.6125 0.03125 0.71875 0.03125 0.71875 0.159375 0.6125 0.159375
2 0.3109375 0.1625 0.3953125 0.1625 0.3953125 0.2609375 0.3109375 0.2609375
2 0.4234375 0.253125 0.5078125 0.253125 0.5078125 0.359375 0.4234375 0.359375
2 0.515625 0.259375 0.60625 0.259375 0.60625 0.35625 0.515625 0.35625
2 0.209375 0.25625 0.303125 0.25625 0.303125 0.35 0.209375 0.35
2 0.209375 0.365625 0.309375 0.365625 0.309375 0.45 0.209375 0.45
2 0.3234375 0.4671875 0.4125 0.4671875 0.4125 0.5609375 0.3234375 0.5609375
2 0.425 0.459375 0.509375 0.459375 0.509375 0.5484375 0.425 0.5484375
2 0.725 0.4734375 0.8125 0.4734375 0.8125 0.565625 0.725 0.565625
2 0.8390625 0.36875 0.9359375 0.36875 0.9359375 0.446875 0.8390625 0.446875
2 0.0640625 0.571875 0.1984375 0.571875 0.1984375 0.6625 0.0640625 0.6625
2 0.528125 0.5859375 0.6125 0.5859375 0.6125 0.6765625 0.528125 0.6765625
2 0.3984375 0.678125 0.5140625 0.678125 0.5140625 0.775 0.3984375 0.775
8 0.1140625 0.1703125 0.2109375 0.1703125 0.2109375 0.259375 0.1140625 0.259375
8 0.5125 0.025 0.590625 0.025 0.590625 0.165625 0.5125 0.165625
8 0.8125 0.034375 0.915625 0.034375 0.915625 0.1578125 0.8125 0.1578125
8 0.615625 0.153125 0.7 0.153125 0.7 0.253125 0.615625 0.253125
8 0.721875 0.153125 0.8140625 0.153125 0.8140625 0.2625 0.721875 0.2625
8 0.715625 0.26875 0.81875 0.26875 0.81875 0.359375 0.715625 0.359375
8 0.1 0.471875 0.215625 0.471875 0.215625 0.565625 0.1 0.565625
8 0.215625 0.578125 0.303125 0.578125 0.303125 0.6625 0.215625 0.6625
8 0.6390625 0.5875 0.7234375 0.5875 0.7234375 0.6671875 0.6390625 0.6671875
8 0.8375 0.5828125 0.94375 0.5828125 0.94375 0.684375 0.8375 0.684375
8 0.5296875 0.690625 0.6140625 0.690625 0.6140625 0.8 0.5296875 0.8
8 0.196875 0.784375 0.3 0.784375 0.3 0.890625 0.196875 0.890625
8 0.321875 0.7625 0.409375 0.7625 0.409375 0.875 0.321875 0.875
8 0.74375 0.7734375 0.8265625 0.7734375 0.8265625 0.9015625 0.74375 0.9015625
8 0.85625 0.7921875 0.95625 0.7921875 0.95625 0.903125 0.85625 0.903125
8 0.63125 0.275 1 0.275 1 0.471875 0.63125 0.471875
8 0.621875 0.4671875 0.71875 0.4671875 0.71875 0.5515625 0.621875 0.5515625