5 0.03125 0.225 0.16875 0.225 0.16875 0.3 0.03125 0.3
5 0.1625 0.109375 0.275 0.109375 0.275 0.20625 0.1625 0.20625
3 0.8 0.39375 0.903125 0.39375 0.903125 0.46875 0.8 0.46875
3 0.8265625 0.3109375 0.9421875 0.3109375 0.9421875 0.3734375 0.8265625 0.3734375
3 0.834375 0.228125 0.946875 0.228125 0.946875 0.2984375 0.834375 0.2984375
3 0.83125 0.1515625 0.9421875 0.1515625 0.9421875 0.23125 0.83125 0.23125
3 0.7234375 0.159375 0.83125 0.159375 0.83125 0.234375 0.7234375 0.234375
3 0.6125 0.1234375 0.709375 0.1234375 0.709375 0.2078125 0.6125 0.2078125
3 0.4984375 0.1296875 0.6046875 0.1296875 0.6046875 0.2140625 0.4984375 0.2140625
2 0.2 0.69375 0.28125 0.69375 0.28125 0.796875 0.2 0.796875
2 0.05 0.690625 0.1875 0.690625 0.1875 0.7796875 0.05 0.7796875
2 0.05625 0.628125 0.175 0.628125 0.175 0.7125 0.05625 0.7125
0 0.4921875 0.690625 0.5796875 0.690625 0.5796875 0.8015625 0.4921875 0.8015625
0 0.60625 0.696875 0.696875 0.696875 0.696875 0.790625 0.60625 0.790625
0 0.690625 0.6953125 0.809375 0.6953125 0.809375 0.7875 0.690625 0.7875
0 0.784375 0.69375 0.903125 0.69375 0.903125 0.7890625 0.784375 0.7890625
0 0.7953125 0.6328125 0.9234375 0.6328125 0.9234375 0.7171875 0.7953125 0.7171875
0 0.8 0.55 0.9421875 0.55 0.9421875 0.61875 0.8 0.61875
0 0.815625 0.4671875 0.9375 0.4671875 0.9375 0.5515625 0.815625 0.5515625