4 0.509375 0.4671875 0.5984375 0.4671875 0.5984375 0.571875 0.509375 0.571875
3 0.1046875 0.0640625 0.1890625 0.0640625 0.1890625 0.16875 0.1046875 0.16875
3 0.23125 0.0671875 0.3015625 0.0671875 0.3015625 0.1671875 0.23125 0.1671875
3 0.4265625 0.065625 0.4953125 0.065625 0.4953125 0.1671875 0.4265625 0.1671875
3 0.628125 0.0546875 0.696875 0.0546875 0.696875 0.1578125 0.628125 0.1578125
3 0.721875 0.0640625 0.7953125 0.0640625 0.7953125 0.1625 0.721875 0.1625
3 0.809375 0.0703125 0.8859375 0.0703125 0.8859375 0.1640625 0.809375 0.1640625
3 0.1328125 0.175 0.2140625 0.175 0.2140625 0.2640625 0.1328125 0.2640625
3 0.328125 0.1671875 0.3984375 0.1671875 0.3984375 0.2609375 0.328125 0.2609375
3 0.63125 0.1625 0.6953125 0.1625 0.6953125 0.259375 0.63125 0.259375
3 0.825 0.1671875 0.909375 0.1671875 0.909375 0.253125 0.825 0.253125
3 0.4171875 0.2765625 0.4859375 0.2765625 0.4859375 0.3578125 0.4171875 0.3578125
3 0.7203125 0.2734375 0.803125 0.2734375 0.803125 0.3546875 0.7203125 0.3546875
3 0.2125 0.384375 0.2953125 0.384375 0.2953125 0.45625 0.2125 0.45625
3 0.5171875 0.378125 0.5890625 0.378125 0.5890625 0.4515625 0.5171875 0.4515625
3 0.834375 0.371875 0.915625 0.371875 0.915625 0.45 0.834375 0.45
3 0.715625 0.4875 0.7984375 0.4875 0.7984375 0.55625 0.715625 0.55625
3 0.2 0.5921875 0.2828125 0.5921875 0.2828125 0.6578125 0.2 0.6578125
3 0.059375 0.8046875 0.159375 0.8046875 0.159375 0.88125 0.059375 0.88125
3 0.1921875 0.8015625 0.2828125 0.8015625 0.2828125 0.8828125 0.1921875 0.8828125
3 0.29375 0.803125 0.378125 0.803125 0.378125 0.8921875 0.29375 0.8921875
3 0.6171875 0.696875 0.690625 0.696875 0.690625 0.7796875 0.6171875 0.7796875
3 0.7484375 0.70625 0.834375 0.70625 0.834375 0.784375 0.7484375 0.784375
3 0.8390625 0.590625 0.9390625 0.590625 0.9390625 0.6671875 0.8390625 0.6671875
11 0.7171875 0.1390625 0.80625 0.1390625 0.80625 0.2578125 0.7171875 0.2578125
5 0.6140625 0.4671875 0.696875 0.4671875 0.696875 0.5515625 0.6140625 0.5515625
5 0.5015625 0.809375 0.6015625 0.809375 0.6015625 0.921875 0.5015625 0.921875
8 0.2140625 0.2578125 0.3046875 0.2578125 0.3046875 0.3640625 0.2140625 0.3640625
8 0.415625 0.4703125 0.5 0.4703125 0.5 0.565625 0.415625 0.565625
8 0.7234375 0.5890625 0.8375 0.5890625 0.8375 0.6796875 0.7234375 0.6796875
2 0.50625 0.1390625 0.5953125 0.1390625 0.5953125 0.2734375 0.50625 0.2734375
2 0.2046875 0.4671875 0.296875 0.4671875 0.296875 0.55625 0.2046875 0.55625
2 0.0921875 0.346875 0.1984375 0.346875 0.1984375 0.45625 0.0921875 0.45625
2 0.409375 0.675 0.5 0.675 0.5 0.7671875 0.409375 0.7671875
9 0.7203125 0.3671875 0.7921875 0.3671875 0.7921875 0.4484375 0.7203125 0.4484375
9 0.3078125 0.3625 0.38125 0.3625 0.38125 0.44375 0.3078125 0.44375
9 0.5109375 0.5875 0.5890625 0.5875 0.5890625 0.659375 0.5109375 0.659375
9 0.08125 0.575 0.18125 0.575 0.18125 0.653125 0.08125 0.653125
9 0.85 0.8078125 0.95 0.8078125 0.95 0.8984375 0.85 0.8984375