3 0.7546875 0.31875 0.821875 0.31875 0.821875 0.3875 0.7546875 0.3875
3 0.765625 0.09375 0.828125 0.09375 0.828125 0.1734375 0.765625 0.1734375
3 0.753125 0.409375 0.815625 0.409375 0.815625 0.478125 0.753125 0.478125
3 0.74375 0.625 0.80625 0.625 0.80625 0.6921875 0.74375 0.6921875
3 0.75 0.7375 0.815625 0.7375 0.815625 0.8125 0.75 0.8125
3 0.50625 0.840625 0.559375 0.840625 0.559375 0.928125 0.50625 0.928125
3 0.509375 0.6390625 0.553125 0.6390625 0.553125 0.7140625 0.509375 0.7140625
1 0.5015625 0.51875 0.5671875 0.51875 0.5671875 0.5984375 0.5015625 0.5984375
1 0.4265625 0.028125 0.4921875 0.028125 0.4921875 0.1734375 0.4265625 0.1734375
1 0.4109375 0.840625 0.48125 0.840625 0.48125 0.98125 0.4109375 0.98125
1 0.7375 0.525 0.8390625 0.525 0.8390625 0.61875 0.7375 0.61875
2 0.5109375 0.325 0.5765625 0.325 0.5765625 0.409375 0.5109375 0.409375
2 0.596875 0.0609375 0.6671875 0.0609375 0.6671875 0.1671875 0.596875 0.1671875
2 0.5875 0.840625 0.653125 0.840625 0.653125 0.96875 0.5875 0.96875
2 0.740625 0.83125 0.809375 0.83125 0.809375 0.95 0.740625 0.95
6 0.165625 0.621875 0.2484375 0.621875 0.2484375 0.70625 0.165625 0.70625
6 0.2609375 0.6328125 0.3234375 0.6328125 0.3234375 0.7203125 0.2609375 0.7203125
6 0.165625 0.29375 0.25 0.29375 0.25 0.3765625 0.165625 0.3765625
6 0.1625 0.059375 0.24375 0.059375 0.24375 0.171875 0.1625 0.171875
9 0.353125 0.63125 0.40625 0.63125 0.40625 0.7 0.353125 0.7
9 0.16875 0.728125 0.240625 0.728125 0.240625 0.8109375 0.16875 0.8109375
9 0.175 0.8359375 0.240625 0.8359375 0.240625 0.9234375 0.175 0.9234375
9 0.175 0.415625 0.240625 0.415625 0.240625 0.4875 0.175 0.4875
11 0.3328125 0.18125 0.403125 0.18125 0.403125 0.278125 0.3328125 0.278125
11 0.1609375 0.1828125 0.253125 0.1828125 0.253125 0.28125 0.1609375 0.28125
11 0.340625 0.515625 0.4125 0.515625 0.4125 0.596875 0.340625 0.596875
0 0.6765625 0.315625 0.7515625 0.315625 0.7515625 0.3875 0.6765625 0.3875
0 0.578125 0.7359375 0.6375 0.7359375 0.6375 0.8390625 0.578125 0.8390625
5 0.6734375 0.4171875 0.7453125 0.4171875 0.7453125 0.49375 0.6734375 0.49375
5 0.6625 0.846875 0.73125 0.846875 0.73125 0.9625 0.6625 0.9625
8 0.41875 0.415625 0.490625 0.415625 0.490625 0.503125 0.41875 0.503125
8 0.3234375 0.415625 0.403125 0.415625 0.403125 0.490625 0.3234375 0.490625
4 0.753125 0.184375 0.859375 0.184375 0.859375 0.2921875 0.753125 0.2921875
10 0.1390625 0.5171875 0.253125 0.5171875 0.253125 0.6140625 0.1390625 0.6140625