3 0.29375 0.1765625 0.38125 0.1765625 0.38125 0.2484375 0.29375 0.2484375
3 0.6078125 0.1875 0.6828125 0.1875 0.6828125 0.259375 0.6078125 0.259375
3 0.7171875 0.275 0.8015625 0.275 0.8015625 0.3453125 0.7171875 0.3453125
3 0.7921875 0.35625 0.88125 0.35625 0.88125 0.4171875 0.7921875 0.4171875
3 0.7140625 0.428125 0.790625 0.428125 0.790625 0.48125 0.7140625 0.48125
3 0.60625 0.3625 0.68125 0.3625 0.68125 0.421875 0.60625 0.421875
3 0.50625 0.36875 0.578125 0.36875 0.578125 0.421875 0.50625 0.421875
3 0.690625 0.5 0.765625 0.5 0.765625 0.559375 0.690625 0.559375
3 0.5890625 0.725 0.675 0.725 0.675 0.803125 0.5890625 0.803125
3 0.4953125 0.6578125 0.575 0.6578125 0.575 0.7203125 0.4953125 0.7203125
3 0.409375 0.575 0.4890625 0.575 0.4890625 0.63125 0.409375 0.63125
3 0.3015625 0.590625 0.378125 0.590625 0.378125 0.64375 0.3015625 0.64375
3 0.3015625 0.5046875 0.3734375 0.5046875 0.3734375 0.5640625 0.3015625 0.5640625
3 0.184375 0.6484375 0.259375 0.6484375 0.259375 0.7203125 0.184375 0.7203125
3 0.18125 0.7234375 0.26875 0.7234375 0.26875 0.7953125 0.18125 0.7953125
4 0.028125 0.33125 0.16875 0.33125 0.16875 0.409375 0.028125 0.409375
8 0.26875 0.65 0.36875 0.65 0.36875 0.734375 0.26875 0.734375
8 0.3859375 0.3421875 0.4890625 0.3421875 0.4890625 0.4140625 0.3859375 0.4140625
2 0.3890625 0.65 0.4734375 0.65 0.4734375 0.734375 0.3890625 0.734375
2 0.1609375 0.509375 0.2796875 0.509375 0.2796875 0.5796875 0.1609375 0.5796875
2 0.50625 0.265625 0.5875 0.265625 0.5875 0.340625 0.50625 0.340625
2 0.5890625 0.43125 0.6796875 0.43125 0.6796875 0.496875 0.5890625 0.496875
5 0.165625 0.4234375 0.2640625 0.4234375 0.2640625 0.4859375 0.165625 0.4859375
5 0.4046875 0.1734375 0.4890625 0.1734375 0.4890625 0.25625 0.4046875 0.25625