10 0.5375 0.7953125 0.60625 0.7953125 0.60625 0.9203125 0.5375 0.9203125
10 0.4625 0.603125 0.5328125 0.603125 0.5328125 0.6953125 0.4625 0.6953125
10 0.525 0.4046875 0.5953125 0.4046875 0.5953125 0.4890625 0.525 0.4890625
10 0.66875 0.3015625 0.759375 0.3015625 0.759375 0.4125 0.66875 0.4125
10 0.2203125 0.3125 0.315625 0.3125 0.315625 0.403125 0.2203125 0.403125
10 0.296875 0.0953125 0.371875 0.0953125 0.371875 0.2109375 0.296875 0.2109375
10 0.7421875 0.69375 0.8484375 0.69375 0.8484375 0.796875 0.7421875 0.796875
7 0.6 0.5140625 0.690625 0.5140625 0.690625 0.5984375 0.6 0.5984375
7 0.6734375 0.090625 0.7578125 0.090625 0.7578125 0.2046875 0.6734375 0.2046875
7 0.609375 0.6921875 0.69375 0.6921875 0.69375 0.7953125 0.609375 0.7953125
7 0.6796875 0.60625 0.7765625 0.60625 0.7765625 0.696875 0.6796875 0.696875
7 0.6765625 0.790625 0.76875 0.790625 0.76875 0.909375 0.6765625 0.909375
6 0.3125 0.4046875 0.3796875 0.4046875 0.3796875 0.5109375 0.3125 0.5109375
6 0.74375 0.2078125 0.828125 0.2078125 0.828125 0.2953125 0.74375 0.2953125
6 0.7484375 0.409375 0.828125 0.409375 0.828125 0.484375 0.7484375 0.484375
6 0.75 0.790625 0.840625 0.790625 0.840625 0.90625 0.75 0.90625
4 0.3875 0.7828125 0.46875 0.7828125 0.46875 0.921875 0.3875 0.921875
4 0.30625 0.6125 0.384375 0.6125 0.384375 0.709375 0.30625 0.709375
4 0.375 0.409375 0.459375 0.409375 0.459375 0.50625 0.375 0.50625
4 0.4515625 0.2 0.521875 0.2 0.521875 0.30625 0.4515625 0.30625
1 0.5296875 0.50625 0.6046875 0.50625 0.6046875 0.596875 0.5296875 0.596875