2 0.453125 0.6109375 0.5296875 0.6109375 0.5296875 0.6859375 0.453125 0.6859375
2 0.3578125 0.5015625 0.440625 0.5015625 0.440625 0.578125 0.3578125 0.578125
2 0.3515625 0.409375 0.4390625 0.409375 0.4390625 0.49375 0.3515625 0.49375
2 0.446875 0.2140625 0.53125 0.2140625 0.53125 0.290625 0.446875 0.290625
2 0.2234375 0.065625 0.334375 0.065625 0.334375 0.1625 0.2234375 0.1625
2 0.23125 0.196875 0.33125 0.196875 0.33125 0.284375 0.23125 0.284375
2 0.24375 0.3046875 0.3453125 0.3046875 0.3453125 0.4015625 0.24375 0.4015625
2 0.24375 0.5109375 0.3375 0.5109375 0.3375 0.5859375 0.24375 0.5859375
2 0.3453125 0.803125 0.4296875 0.803125 0.4296875 0.8875 0.3453125 0.8875
2 0.2375 0.703125 0.334375 0.703125 0.334375 0.7734375 0.2375 0.7734375
2 0.1359375 0.609375 0.2328125 0.609375 0.2328125 0.69375 0.1359375 0.69375
2 0.1125 0.4140625 0.21875 0.4140625 0.21875 0.496875 0.1125 0.496875
8 0.1125 0.19375 0.221875 0.19375 0.221875 0.2875 0.1125 0.2875
8 0.859375 0.1015625 0.984375 0.1015625 0.984375 0.1984375 0.859375 0.1984375
8 0.8421875 0.2109375 0.965625 0.2109375 0.965625 0.2859375 0.8421875 0.2859375
8 0.846875 0.321875 0.965625 0.321875 0.965625 0.39375 0.846875 0.39375
8 0.83125 0.415625 0.9453125 0.415625 0.9453125 0.5046875 0.83125 0.5046875
8 0.8390625 0.5109375 0.946875 0.5109375 0.946875 0.5859375 0.8390625 0.5859375
8 0.840625 0.79375 0.95625 0.79375 0.95625 0.9046875 0.840625 0.9046875
8 0.7359375 0.70625 0.8421875 0.70625 0.8421875 0.8 0.7359375 0.8
8 0.74375 0.603125 0.846875 0.603125 0.846875 0.6875 0.74375 0.6875
8 0.75625 0.425 0.85625 0.425 0.85625 0.490625 0.75625 0.490625
8 0.7421875 0.203125 0.84375 0.203125 0.84375 0.30625 0.7421875 0.30625
8 0.65 0.20625 0.753125 0.20625 0.753125 0.290625 0.65 0.290625
8 0.5515625 0.315625 0.640625 0.315625 0.640625 0.390625 0.5515625 0.390625
8 0.6453125 0.509375 0.7484375 0.509375 0.7484375 0.584375 0.6453125 0.584375
8 0.6453125 0.6953125 0.7375 0.6953125 0.7375 0.796875 0.6453125 0.796875
8 0.54375 0.796875 0.634375 0.796875 0.634375 0.89375 0.54375 0.89375