10 0.1234375 0.7515625 0.2328125 0.7515625 0.2328125 0.85625 0.1234375 0.85625
10 0.7859375 0.4828125 0.9 0.4828125 0.9 0.55625 0.7859375 0.55625
10 0.1140625 0.371875 0.2234375 0.371875 0.2234375 0.446875 0.1140625 0.446875
7 0.7953125 0.0578125 0.90625 0.0578125 0.90625 0.1734375 0.7953125 0.1734375
7 0.11875 0.0875 0.225 0.0875 0.225 0.1984375 0.11875 0.1984375
7 0.325 0.475 0.40625 0.475 0.40625 0.54375 0.325 0.54375
8 0.5203125 0.196875 0.5859375 0.196875 0.5859375 0.275 0.5203125 0.275
8 0.2359375 0.1859375 0.309375 0.1859375 0.309375 0.271875 0.2359375 0.271875
8 0.253125 0.7484375 0.325 0.7484375 0.325 0.8453125 0.253125 0.8453125
8 0.1328125 0.6515625 0.2125 0.6515625 0.2125 0.7328125 0.1328125 0.7328125
8 0.159375 0.5625 0.234375 0.5625 0.234375 0.63125 0.159375 0.63125
8 0.1453125 0.4609375 0.221875 0.4609375 0.221875 0.525 0.1453125 0.525
6 0.4296875 0.7453125 0.4890625 0.7453125 0.4890625 0.8265625 0.4296875 0.8265625
6 0.34375 0.6609375 0.409375 0.6609375 0.409375 0.7265625 0.34375 0.7265625
6 0.5203125 0.3921875 0.571875 0.3921875 0.571875 0.4453125 0.5203125 0.4453125
6 0.5140625 0.2953125 0.56875 0.2953125 0.56875 0.359375 0.5140625 0.359375
6 0.3390625 0.3109375 0.3984375 0.3109375 0.3984375 0.375 0.3390625 0.375
6 0.23125 0.290625 0.30625 0.290625 0.30625 0.3578125 0.23125 0.3578125
11 0.353125 0.5625 0.415625 0.5625 0.415625 0.6265625 0.353125 0.6265625
11 0.4546875 0.38125 0.509375 0.38125 0.509375 0.4421875 0.4546875 0.4421875
11 0.8171875 0.7 0.903125 0.7 0.903125 0.7796875 0.8171875 0.7796875
11 0.796875 0.1890625 0.8765625 0.1890625 0.8765625 0.2640625 0.796875 0.2640625
9 0.4265625 0.290625 0.471875 0.290625 0.471875 0.346875 0.4265625 0.346875
5 0.6015625 0.6640625 0.6609375 0.6640625 0.6609375 0.7359375 0.6015625 0.7359375
5 0.4390625 0.659375 0.4984375 0.659375 0.4984375 0.7296875 0.4390625 0.7296875
5 0.6875 0.75625 0.765625 0.75625 0.765625 0.8375 0.6875 0.8375
5 0.3171875 0.39375 0.384375 0.39375 0.384375 0.453125 0.3171875 0.453125
5 0.803125 0.284375 0.884375 0.284375 0.884375 0.3546875 0.803125 0.3546875
5 0.5265625 0.09375 0.58125 0.09375 0.58125 0.1796875 0.5265625 0.1796875
2 0.615625 0.378125 0.68125 0.378125 0.68125 0.44375 0.615625 0.44375
2 0.6078125 0.465625 0.6734375 0.465625 0.6734375 0.525 0.6078125 0.525
2 0.434375 0.190625 0.496875 0.190625 0.496875 0.26875 0.434375 0.26875
2 0.78125 0.578125 0.871875 0.578125 0.871875 0.6390625 0.78125 0.6390625
0 0.709375 0.578125 0.778125 0.578125 0.778125 0.6359375 0.709375 0.6359375
0 0.7125 0.6796875 0.784375 0.6796875 0.784375 0.74375 0.7125 0.74375
0 0.365625 0.090625 0.4203125 0.090625 0.4203125 0.16875 0.365625 0.16875
0 0.14375 0.28125 0.2171875 0.28125 0.2171875 0.340625 0.14375 0.340625
0 0.6234375 0.0859375 0.6828125 0.0859375 0.6828125 0.1703125 0.6234375 0.1703125
1 0.709375 0.284375 0.8015625 0.284375 0.8015625 0.365625 0.709375 0.365625
1 0.59375 0.2703125 0.675 0.2703125 0.675 0.365625 0.59375 0.365625
1 0.69375 0.0640625 0.7890625 0.0640625 0.7890625 0.178125 0.69375 0.178125
4 0.6984375 0.184375 0.7921875 0.184375 0.7921875 0.275 0.6984375 0.275
4 0.78125 0.378125 0.8921875 0.378125 0.8921875 0.4484375 0.78125 0.4484375
3 0.2484375 0.11875 0.30625 0.11875 0.30625 0.1875 0.2484375 0.1875
4 0.4359375 0.559375 0.503125 0.559375 0.503125 0.634375 0.4359375 0.634375
3 0.440625 0.496875 0.4859375 0.496875 0.4859375 0.546875 0.440625 0.546875