8 0.6734375 0.628125 0.7875 0.628125 0.7875 1 0.6734375 1
8 0.6828125 0.0625 0.834375 0.0625 0.834375 0.434375 0.6828125 0.434375
2 0.546875 0.603125 0.6328125 0.603125 0.6328125 0.965625 0.546875 0.965625
8 0.5203125 0.08125 0.646875 0.08125 0.646875 0.415625 0.5203125 0.415625
2 0.2390625 0.596875 0.3546875 0.596875 0.3546875 0.95 0.2390625 0.95
8 0.3734375 0.0421875 0.478125 0.0421875 0.478125 0.4125 0.3734375 0.4125
2 0.39375 0.365625 0.490625 0.365625 0.490625 0.746875 0.39375 0.746875
2 0.5484375 0.5875 0.6328125 0.5875 0.6328125 0.959375 0.5484375 0.959375
8 0.690625 0.0453125 0.8265625 0.0453125 0.8265625 0.43125 0.690625 0.43125
8 0.1921875 0.0796875 0.3453125 0.0796875 0.3453125 0.4125 0.1921875 0.4125
8 0.534375 0.0625 0.640625 0.0625 0.640625 0.4109375 0.534375 0.4109375
2 0.39375 0.371875 0.490625 0.371875 0.490625 0.74375 0.39375 0.74375
8 0.3765625 0.0390625 0.4734375 0.0390625 0.4734375 0.40625 0.3765625 0.40625
8 0.5359375 0.403125 0.6484375 0.403125 0.6484375 0.7296875 0.5359375 0.7296875
8 0.19375 0.0828125 0.3484375 0.0828125 0.3484375 0.4046875 0.19375 0.4046875
2 0.234375 0.6109375 0.353125 0.6109375 0.353125 0.94375 0.234375 0.94375
8 0.54375 0.3890625 0.646875 0.3890625 0.646875 0.7359375 0.54375 0.7359375
8 0.6734375 0.6296875 0.7796875 0.6296875 0.7796875 0.9921875 0.6734375 0.9921875
2 0.5484375 0.6046875 0.63125 0.6046875 0.63125 0.9546875 0.5484375 0.9546875
2 0.396875 0.36875 0.490625 0.36875 0.490625 0.740625 0.396875 0.740625
2 0.240625 0.6046875 0.353125 0.6046875 0.353125 0.9421875 0.240625 0.9421875
8 0.6796875 0.628125 0.775 0.628125 0.775 1 0.6796875 1
8 0.546875 0.3921875 0.646875 0.3921875 0.646875 0.7359375 0.546875 0.7359375
8 0.690625 0.0515625 0.8265625 0.0515625 0.8265625 0.43125 0.690625 0.43125
8 0.534375 0.071875 0.640625 0.071875 0.640625 0.409375 0.534375 0.409375
8 0.375 0.04375 0.478125 0.04375 0.478125 0.4078125 0.375 0.4078125
8 0.19375 0.084375 0.3484375 0.084375 0.3484375 0.396875 0.19375 0.396875