10 0.1375 0.796875 0.25 0.796875 0.25 0.9203125 0.1375 0.9203125
10 0.11875 0.4265625 0.234375 0.4265625 0.234375 0.496875 0.11875 0.496875
10 0.8109375 0.5375 0.921875 0.5375 0.921875 0.61875 0.8109375 0.61875
6 0.8015625 0.8171875 0.88125 0.8171875 0.88125 0.9046875 0.8015625 0.9046875
8 0.55625 0.7 0.621875 0.7 0.621875 0.7921875 0.55625 0.7921875
8 0.7296875 0.6328125 0.7953125 0.6328125 0.7953125 0.7203125 0.7296875 0.7203125
8 0.721875 0.35 0.809375 0.35 0.809375 0.415625 0.721875 0.415625
8 0.64375 0.340625 0.715625 0.340625 0.715625 0.40625 0.64375 0.40625
8 0.540625 0.253125 0.6109375 0.253125 0.6109375 0.3234375 0.540625 0.3234375
8 0.25 0.4359375 0.325 0.4359375 0.325 0.5015625 0.25 0.5015625
7 0.1265625 0.140625 0.2453125 0.140625 0.2453125 0.2421875 0.1265625 0.2421875
7 0.5328125 0.328125 0.6046875 0.328125 0.6046875 0.403125 0.5328125 0.403125
7 0.825 0.1125 0.94375 0.1125 0.94375 0.221875 0.825 0.221875
11 0.6359375 0.1359375 0.703125 0.1359375 0.703125 0.2203125 0.6359375 0.2203125
6 0.6328125 0.6296875 0.6953125 0.6296875 0.6953125 0.7015625 0.6328125 0.7015625
6 0.628125 0.5359375 0.6875 0.5359375 0.6875 0.5984375 0.628125 0.5984375
6 0.25 0.34375 0.321875 0.34375 0.321875 0.403125 0.25 0.403125
6 0.353125 0.3671875 0.41875 0.3671875 0.41875 0.4265625 0.353125 0.4265625
6 0.3625 0.709375 0.425 0.709375 0.425 0.7875 0.3625 0.7875
11 0.3796875 0.2453125 0.446875 0.2453125 0.446875 0.3171875 0.3796875 0.3171875
11 0.3703125 0.6109375 0.4328125 0.6109375 0.4328125 0.6828125 0.3703125 0.6828125
11 0.465625 0.434375 0.5265625 0.434375 0.5265625 0.4953125 0.465625 0.4953125
9 0.446875 0.346875 0.4984375 0.346875 0.4984375 0.4 0.446875 0.4
4 0.2484375 0.59375 0.3421875 0.59375 0.3421875 0.678125 0.2484375 0.678125
4 0.453125 0.603125 0.525 0.603125 0.525 0.696875 0.453125 0.696875
5 0.615625 0.7140625 0.684375 0.7140625 0.684375 0.7984375 0.615625 0.7984375
5 0.7046875 0.8125 0.7796875 0.8125 0.7796875 0.903125 0.7046875 0.903125
5 0.4546875 0.709375 0.5171875 0.709375 0.5171875 0.790625 0.4546875 0.790625
5 0.55 0.14375 0.6125 0.14375 0.6125 0.2234375 0.55 0.2234375
5 0.634375 0.24375 0.7 0.24375 0.7 0.3140625 0.634375 0.3140625
5 0.3328125 0.44375 0.403125 0.44375 0.403125 0.5015625 0.3328125 0.5015625
3 0.365625 0.1375 0.421875 0.1375 0.421875 0.1984375 0.365625 0.1984375
3 0.4515625 0.546875 0.5078125 0.546875 0.5078125 0.5953125 0.4515625 0.5953125
2 0.8015625 0.6328125 0.8984375 0.6328125 0.8984375 0.703125 0.8015625 0.703125
2 0.640625 0.43125 0.703125 0.43125 0.703125 0.49375 0.640625 0.49375
2 0.534375 0.6125 0.596875 0.6125 0.596875 0.690625 0.534375 0.690625
2 0.4546875 0.2453125 0.521875 0.2453125 0.521875 0.3203125 0.4546875 0.3203125
0 0.153125 0.328125 0.240625 0.328125 0.240625 0.390625 0.153125 0.390625
0 0.271875 0.2515625 0.346875 0.2515625 0.346875 0.3171875 0.271875 0.3171875
0 0.734375 0.7359375 0.80625 0.7359375 0.80625 0.8125 0.734375 0.8125
0 0.815625 0.3546875 0.903125 0.3546875 0.903125 0.4140625 0.815625 0.4140625
0 0.7421875 0.1390625 0.8171875 0.1390625 0.8171875 0.2140625 0.7421875 0.2140625
4 0.521875 0.525 0.590625 0.525 0.590625 0.603125 0.521875 0.603125
1 0.60625 0.7859375 0.6875 0.7859375 0.6875 0.9109375 0.60625 0.9109375
1 0.534375 0.8 0.603125 0.8 0.603125 0.921875 0.534375 0.921875
1 0.809375 0.4390625 0.925 0.4390625 0.925 0.5109375 0.809375 0.5109375