9 0.55 0.4015625 0.60625 0.4015625 0.60625 0.4671875 0.55 0.4671875
9 0.6171875 0.4796875 0.6609375 0.4796875 0.6609375 0.54375 0.6171875 0.54375
9 0.6984375 0.221875 0.7453125 0.221875 0.7453125 0.290625 0.6984375 0.290625
9 0.6296875 0.3171875 0.6765625 0.3171875 0.6765625 0.3796875 0.6296875 0.3796875
9 0.353125 0.1375 0.396875 0.1375 0.396875 0.203125 0.353125 0.203125
9 0.4234375 0.2328125 0.471875 0.2328125 0.471875 0.2984375 0.4234375 0.2984375
9 0.4890625 0.3109375 0.5359375 0.3109375 0.5359375 0.3703125 0.4890625 0.3703125
9 0.69375 0.5609375 0.74375 0.5609375 0.74375 0.6328125 0.69375 0.6328125
9 0.4265625 0.5890625 0.4796875 0.5890625 0.4796875 0.6484375 0.4265625 0.6484375
9 0.49375 0.4953125 0.5390625 0.4953125 0.5390625 0.5515625 0.49375 0.5515625
9 0.36875 0.65625 0.4046875 0.65625 0.4046875 0.721875 0.36875 0.721875
6 0.75625 0.209375 0.81875 0.209375 0.81875 0.284375 0.75625 0.284375
6 0.7609375 0.3859375 0.8265625 0.3859375 0.8265625 0.459375 0.7609375 0.459375
6 0.7671875 0.4765625 0.828125 0.4765625 0.828125 0.5453125 0.7671875 0.5453125
6 0.75625 0.665625 0.825 0.665625 0.825 0.740625 0.75625 0.740625
7 0.625 0.109375 0.6875 0.109375 0.6875 0.209375 0.625 0.209375
7 0.6859375 0.3046875 0.7609375 0.3046875 0.7609375 0.3765625 0.6859375 0.3765625
7 0.7609375 0.56875 0.8515625 0.56875 0.8515625 0.659375 0.7609375 0.659375
7 0.5578125 0.7421875 0.6234375 0.7421875 0.6234375 0.8609375 0.5578125 0.8609375
7 0.4921875 0.66875 0.5453125 0.66875 0.5453125 0.76875 0.4921875 0.76875
10 0.61875 0.5671875 0.6875 0.5671875 0.6875 0.6515625 0.61875 0.6515625
10 0.41875 0.109375 0.475 0.109375 0.475 0.203125 0.41875 0.203125
10 0.4890625 0.10625 0.540625 0.10625 0.540625 0.203125 0.4890625 0.203125
10 0.6234375 0.39375 0.6890625 0.39375 0.6890625 0.471875 0.6234375 0.471875
10 0.6875 0.484375 0.765625 0.484375 0.765625 0.5578125 0.6875 0.5578125
10 0.4875 0.5703125 0.546875 0.5703125 0.546875 0.6484375 0.4875 0.6484375
10 0.7515625 0.75 0.8421875 0.75 0.8421875 0.8625 0.7515625 0.8625
4 0.484375 0.2140625 0.546875 0.2140625 0.546875 0.303125 0.484375 0.303125
4 0.615625 0.215625 0.6875 0.215625 0.6875 0.296875 0.615625 0.296875
4 0.5515625 0.56875 0.6125 0.56875 0.6125 0.646875 0.5515625 0.646875
4 0.615625 0.65 0.690625 0.65 0.690625 0.759375 0.615625 0.759375