0 0.7625 0.05625 0.8359375 0.05625 0.8359375 0.1625 0.7625 0.1625
0 0.53125 0.5921875 0.590625 0.5921875 0.590625 0.671875 0.53125 0.671875
1 0.375 0.184375 0.4546875 0.184375 0.4546875 0.2921875 0.375 0.2921875
1 0.4640625 0.2984375 0.53125 0.2984375 0.53125 0.3890625 0.4640625 0.3890625
1 0.453125 0.4859375 0.525 0.4859375 0.525 0.5734375 0.453125 0.5734375
1 0.76875 0.1765625 0.86875 0.1765625 0.86875 0.2921875 0.76875 0.2921875
2 0.45625 0.678125 0.525 0.678125 0.525 0.7765625 0.45625 0.7765625
2 0.53125 0.390625 0.596875 0.390625 0.596875 0.4765625 0.53125 0.4765625
2 0.678125 0.584375 0.7515625 0.584375 0.7515625 0.675 0.678125 0.675
2 0.8328125 0.3109375 0.925 0.3109375 0.925 0.3984375 0.8328125 0.3984375
3 0.3953125 0.76875 0.4484375 0.76875 0.4484375 0.853125 0.3953125 0.853125
3 0.396875 0.5859375 0.45625 0.5859375 0.45625 0.6609375 0.396875 0.6609375
3 0.4078125 0.409375 0.4609375 0.409375 0.4609375 0.478125 0.4078125 0.478125
3 0.325 0.3109375 0.38125 0.3109375 0.38125 0.3796875 0.325 0.3796875
3 0.61875 0.3984375 0.6703125 0.3984375 0.6703125 0.4640625 0.61875 0.4640625
3 0.603125 0.6953125 0.65625 0.6953125 0.65625 0.7765625 0.603125 0.7765625
3 0.7734375 0.503125 0.8390625 0.503125 0.8390625 0.578125 0.7734375 0.578125
4 0.296875 0.4828125 0.3875 0.4828125 0.3875 0.571875 0.296875 0.571875
5 0.6109375 0.0859375 0.675 0.0859375 0.675 0.1921875 0.6109375 0.1921875
5 0.5359375 0.4828125 0.5890625 0.4828125 0.5890625 0.553125 0.5359375 0.553125