1 0.6390625 0.3546875 0.7375 0.3546875 0.7375 0.4203125 0.6390625 0.4203125
4 0.340625 0.26875 0.428125 0.26875 0.428125 0.346875 0.340625 0.346875
4 0.340625 0.434375 0.421875 0.434375 0.421875 0.4984375 0.340625 0.4984375
4 0.346875 0.56875 0.428125 0.56875 0.428125 0.646875 0.346875 0.646875
4 0.634375 0.5046875 0.734375 0.5046875 0.734375 0.5671875 0.634375 0.5671875
6 0.43125 0.115625 0.51875 0.115625 0.51875 0.196875 0.43125 0.196875
6 0.528125 0.125 0.6125 0.125 0.6125 0.2 0.528125 0.2
6 0.5359375 0.4984375 0.609375 0.4984375 0.609375 0.559375 0.5359375 0.559375
6 0.434375 0.434375 0.509375 0.434375 0.509375 0.4953125 0.434375 0.4953125
7 0.4296875 0.196875 0.51875 0.196875 0.51875 0.278125 0.4296875 0.278125
7 0.5203125 0.190625 0.615625 0.190625 0.615625 0.2796875 0.5203125 0.2796875
7 0.4296875 0.275 0.5140625 0.275 0.5140625 0.35 0.4296875 0.35
7 0.528125 0.359375 0.61875 0.359375 0.61875 0.41875 0.528125 0.41875
7 0.44375 0.5734375 0.521875 0.5734375 0.521875 0.6421875 0.44375 0.6421875
10 0.540625 0.64375 0.625 0.64375 0.625 0.721875 0.540625 0.721875
10 0.5375 0.56875 0.6234375 0.56875 0.6234375 0.640625 0.5375 0.640625
10 0.446875 0.6375 0.525 0.6375 0.525 0.725 0.446875 0.725
10 0.53125 0.428125 0.61875 0.428125 0.61875 0.49375 0.53125 0.49375
10 0.4328125 0.50625 0.5234375 0.50625 0.5234375 0.5625 0.4328125 0.5625
10 0.53125 0.278125 0.6203125 0.278125 0.6203125 0.346875 0.53125 0.346875
10 0.434375 0.3609375 0.5171875 0.3609375 0.5171875 0.421875 0.434375 0.421875