3 0.078125 0.153125 0.1546875 0.153125 0.1546875 0.2234375 0.078125 0.2234375
3 0.1875 0.134375 0.259375 0.134375 0.259375 0.209375 0.1875 0.209375
3 0.275 0.15 0.3453125 0.15 0.3453125 0.221875 0.275 0.221875
3 0.0921875 0.2328125 0.16875 0.2328125 0.16875 0.2984375 0.0921875 0.2984375
3 0.4640625 0.240625 0.5203125 0.240625 0.5203125 0.30625 0.4640625 0.30625
3 0.1921875 0.35 0.2671875 0.35 0.2671875 0.40625 0.1921875 0.40625
3 0.290625 0.3375 0.353125 0.3375 0.353125 0.3953125 0.290625 0.3953125
3 0.2671875 0.4203125 0.328125 0.4203125 0.328125 0.4765625 0.2671875 0.4765625
4 0.346875 0.1046875 0.434375 0.1046875 0.434375 0.2125 0.346875 0.2125
9 0.465625 0.1359375 0.5265625 0.1359375 0.5265625 0.2109375 0.465625 0.2109375
2 0.5546875 0.1140625 0.625 0.1140625 0.625 0.203125 0.5546875 0.203125
8 0.646875 0.103125 0.7296875 0.103125 0.7296875 0.2015625 0.646875 0.2015625
1 0.7390625 0.08125 0.8375 0.08125 0.8375 0.2015625 0.7390625 0.2015625
9 0.1796875 0.2296875 0.2515625 0.2296875 0.2515625 0.290625 0.1796875 0.290625
8 0.2734375 0.228125 0.35625 0.228125 0.35625 0.3125 0.2734375 0.3125
7 0.3578125 0.2046875 0.446875 0.2046875 0.446875 0.3078125 0.3578125 0.3078125
4 0.5515625 0.209375 0.628125 0.209375 0.628125 0.30625 0.5515625 0.30625
5 0.64375 0.215625 0.7140625 0.215625 0.7140625 0.303125 0.64375 0.303125
0 0.7328125 0.23125 0.8078125 0.23125 0.8078125 0.3140625 0.7328125 0.3140625
0 0.0640625 0.3265625 0.165625 0.3265625 0.165625 0.3984375 0.0640625 0.3984375
5 0.378125 0.3140625 0.4484375 0.3140625 0.4484375 0.3859375 0.378125 0.3859375
11 0.4734375 0.3078125 0.540625 0.3078125 0.540625 0.384375 0.4734375 0.384375
6 0.5546875 0.3234375 0.6203125 0.3234375 0.6203125 0.39375 0.5546875 0.39375
8 0.634375 0.321875 0.709375 0.321875 0.709375 0.396875 0.634375 0.396875
2 0.740625 0.3359375 0.8296875 0.3359375 0.8296875 0.4109375 0.740625 0.4109375
1 0.04375 0.41875 0.1625 0.41875 0.1625 0.503125 0.04375 0.503125
10 0.1640625 0.41875 0.2609375 0.41875 0.2609375 0.50625 0.1640625 0.50625
2 0.3671875 0.3953125 0.4421875 0.3953125 0.4421875 0.478125 0.3671875 0.478125
0 0.465625 0.421875 0.53125 0.421875 0.53125 0.4828125 0.465625 0.4828125
0 0.5609375 0.415625 0.6265625 0.415625 0.6265625 0.4765625 0.5609375 0.4765625
8 0.640625 0.421875 0.7203125 0.421875 0.7203125 0.49375 0.640625 0.49375
4 0.746875 0.4265625 0.853125 0.4265625 0.853125 0.4984375 0.746875 0.4984375
9 0.078125 0.528125 0.1609375 0.528125 0.1609375 0.5890625 0.078125 0.5890625
9 0.1890625 0.51875 0.2640625 0.51875 0.2640625 0.5765625 0.1890625 0.5765625
2 0.2703125 0.5078125 0.3546875 0.5078125 0.3546875 0.5734375 0.2703125 0.5734375
5 0.3578125 0.515625 0.434375 0.515625 0.434375 0.58125 0.3578125 0.58125
7 0.45625 0.50625 0.5359375 0.50625 0.5359375 0.5765625 0.45625 0.5765625
1 0.546875 0.5015625 0.6265625 0.5015625 0.6265625 0.5734375 0.546875 0.5734375
6 0.65 0.5 0.7171875 0.5 0.7171875 0.571875 0.65 0.571875
5 0.721875 0.521875 0.796875 0.521875 0.796875 0.59375 0.721875 0.59375
3 0.0921875 0.6078125 0.1640625 0.6078125 0.1640625 0.665625 0.0921875 0.665625
3 0.1953125 0.6140625 0.2578125 0.6140625 0.2578125 0.6703125 0.1953125 0.6703125
3 0.7421875 0.60625 0.809375 0.60625 0.809375 0.6640625 0.7421875 0.6640625
3 0.4765625 0.7 0.534375 0.7 0.534375 0.765625 0.4765625 0.765625
3 0.65625 0.7921875 0.721875 0.7921875 0.721875 0.8671875 0.65625 0.8671875
6 0.2796875 0.6125 0.3546875 0.6125 0.3546875 0.675 0.2796875 0.675
6 0.5703125 0.59375 0.6375 0.59375 0.6375 0.6609375 0.5703125 0.6609375
6 0.6375 0.6078125 0.6984375 0.6078125 0.6984375 0.678125 0.6375 0.678125
6 0.64375 0.7015625 0.7140625 0.7015625 0.7140625 0.7765625 0.64375 0.7765625
8 0.3671875 0.603125 0.446875 0.603125 0.446875 0.678125 0.3671875 0.678125
9 0.490625 0.59375 0.546875 0.59375 0.546875 0.646875 0.490625 0.646875
9 0.09375 0.7 0.1515625 0.7 0.1515625 0.765625 0.09375 0.765625
9 0.1796875 0.7921875 0.2546875 0.7921875 0.2546875 0.8625 0.1796875 0.8625
9 0.3640625 0.7859375 0.425 0.7859375 0.425 0.853125 0.3640625 0.853125
10 0.1578125 0.696875 0.2609375 0.696875 0.2609375 0.7859375 0.1578125 0.7859375
11 0.26875 0.6921875 0.3515625 0.6921875 0.3515625 0.76875 0.26875 0.76875
8 0.39375 0.690625 0.4609375 0.690625 0.4609375 0.775 0.39375 0.775
5 0.5515625 0.6796875 0.61875 0.6796875 0.61875 0.7625 0.5515625 0.7625
5 0.0765625 0.796875 0.1734375 0.796875 0.1734375 0.884375 0.0765625 0.884375
11 0.746875 0.68125 0.8375 0.68125 0.8375 0.765625 0.746875 0.765625
11 0.2765625 0.8 0.3515625 0.8 0.3515625 0.8890625 0.2765625 0.8890625
0 0.4609375 0.7921875 0.5265625 0.7921875 0.5265625 0.8828125 0.4609375 0.8828125
10 0.55625 0.8 0.6421875 0.8 0.6421875 0.915625 0.55625 0.915625
7 0.74375 0.76875 0.85 0.76875 0.85 0.884375 0.74375 0.884375