0 0.734375 0.7875 0.7796875 0.7875 0.7796875 0.93125 0.734375 0.93125
5 0.6125 0.8015625 0.6515625 0.8015625 0.6515625 0.9265625 0.6125 0.9265625
11 0.50625 0.80625 0.540625 0.80625 0.540625 0.93125 0.50625 0.93125
5 0.3421875 0.821875 0.3859375 0.821875 0.3859375 0.95 0.3421875 0.95
8 0.7375 0.4578125 0.79375 0.4578125 0.79375 0.5875 0.7375 0.5875
11 0.74375 0.20625 0.796875 0.20625 0.796875 0.328125 0.74375 0.328125
6 0.628125 0.215625 0.671875 0.215625 0.671875 0.328125 0.628125 0.328125
8 0.43125 0.0671875 0.478125 0.0671875 0.478125 0.20625 0.43125 0.20625
5 0.375 0.234375 0.4203125 0.234375 0.4203125 0.35 0.375 0.35
6 0.3125 0.353125 0.35625 0.353125 0.35625 0.4640625 0.3125 0.4640625
0 0.3296875 0.590625 0.3734375 0.590625 0.3734375 0.715625 0.3296875 0.715625
7 0.5625 0.4578125 0.6109375 0.4578125 0.6109375 0.61875 0.5625 0.61875
1 0.5578125 0.3515625 0.60625 0.3515625 0.60625 0.4984375 0.5578125 0.4984375
4 0.49375 0.4703125 0.540625 0.4703125 0.540625 0.6203125 0.49375 0.6203125
10 0.4890625 0.3390625 0.534375 0.3390625 0.534375 0.4859375 0.4890625 0.4859375
5 0.7703125 0 0.8328125 0 0.8328125 0.05625 0.7703125 0.05625