5 0.4515625 0.3109375 0.515625 0.3109375 0.515625 0.4171875 0.4515625 0.4171875
5 0.515625 0.428125 0.584375 0.428125 0.584375 0.5 0.515625 0.5
3 0.21875 0.2203125 0.2828125 0.2203125 0.2828125 0.3328125 0.21875 0.3328125
3 0.2125 0.328125 0.2859375 0.328125 0.2859375 0.4 0.2125 0.4
3 0.221875 0.43125 0.2875 0.43125 0.2875 0.509375 0.221875 0.509375
3 0.2203125 0.5359375 0.28125 0.5359375 0.28125 0.6 0.2203125 0.6
3 0.2234375 0.628125 0.2828125 0.628125 0.2828125 0.70625 0.2234375 0.70625
3 0.2109375 0.7171875 0.2765625 0.7171875 0.2765625 0.80625 0.2109375 0.80625
3 0.23125 0.8140625 0.2921875 0.8140625 0.2921875 0.9046875 0.23125 0.9046875
2 0.6671875 0.63125 0.7328125 0.63125 0.7328125 0.7140625 0.6671875 0.7140625
2 0.7359375 0.7984375 0.815625 0.7984375 0.815625 0.9234375 0.7359375 0.9234375
2 0.5859375 0.515625 0.6578125 0.515625 0.6578125 0.6109375 0.5859375 0.6109375
0 0.290625 0.2203125 0.3640625 0.2203125 0.3640625 0.30625 0.290625 0.30625
0 0.3640625 0.2109375 0.4328125 0.2109375 0.4328125 0.3109375 0.3640625 0.3109375
0 0.440625 0.2203125 0.5125 0.2203125 0.5125 0.309375 0.440625 0.309375
0 0.525 0.228125 0.590625 0.228125 0.590625 0.315625 0.525 0.315625
0 0.6140625 0.2109375 0.6671875 0.2109375 0.6671875 0.3 0.6140625 0.3
0 0.659375 0.2234375 0.7375 0.2234375 0.7375 0.315625 0.659375 0.315625
0 0.7421875 0.221875 0.8265625 0.221875 0.8265625 0.3109375 0.7421875 0.3109375