1 0.621875 0.140625 0.6984375 0.140625 0.6984375 0.259375 0.621875 0.259375
4 0.190625 0.73125 0.278125 0.73125 0.278125 0.8390625 0.190625 0.8390625
4 0.2765625 0.728125 0.3515625 0.728125 0.3515625 0.8390625 0.2765625 0.8390625
4 0.35 0.725 0.41875 0.725 0.41875 0.8375 0.35 0.8375
4 0.428125 0.71875 0.49375 0.71875 0.49375 0.83125 0.428125 0.83125
6 0.2125 0.2640625 0.275 0.2640625 0.275 0.353125 0.2125 0.353125
6 0.2875 0.171875 0.35 0.171875 0.35 0.265625 0.2875 0.265625
6 0.428125 0.1671875 0.4875 0.1671875 0.4875 0.2578125 0.428125 0.2578125
6 0.5671875 0.1671875 0.6265625 0.1671875 0.6265625 0.25625 0.5671875 0.25625
7 0.1765625 0.046875 0.265625 0.046875 0.265625 0.175 0.1765625 0.175
7 0.259375 0.034375 0.34375 0.034375 0.34375 0.165625 0.259375 0.165625
7 0.34375 0.040625 0.4140625 0.040625 0.4140625 0.16875 0.34375 0.16875
7 0.421875 0.04375 0.4875 0.04375 0.4875 0.165625 0.421875 0.165625
7 0.4875 0.04375 0.553125 0.04375 0.553125 0.175 0.4875 0.175
10 0.49375 0.725 0.55625 0.725 0.55625 0.840625 0.49375 0.840625
10 0.565625 0.715625 0.640625 0.715625 0.640625 0.83125 0.565625 0.83125
10 0.6375 0.721875 0.7140625 0.721875 0.7140625 0.8234375 0.6375 0.8234375
10 0.6921875 0.3484375 0.7828125 0.3484375 0.7828125 0.4390625 0.6921875 0.4390625
10 0.690625 0.2421875 0.78125 0.2421875 0.78125 0.3484375 0.690625 0.3484375
10 0.6859375 0.1484375 0.7796875 0.1484375 0.7796875 0.2546875 0.6859375 0.2546875
10 0.690625 0.053125 0.775 0.053125 0.775 0.16875 0.690625 0.16875