10 0.325 0.2359375 0.409375 0.2359375 0.409375 0.3296875 0.325 0.3296875
10 0.234375 0.4765625 0.3328125 0.4765625 0.3328125 0.540625 0.234375 0.540625
10 0.328125 0.5390625 0.4171875 0.5390625 0.4171875 0.6109375 0.328125 0.6109375
10 0.428125 0.5359375 0.5171875 0.5359375 0.5171875 0.6 0.428125 0.6
10 0.70625 0.759375 0.8140625 0.759375 0.8140625 0.846875 0.70625 0.846875
10 0.1109375 0.7515625 0.2328125 0.7515625 0.2328125 0.840625 0.1109375 0.840625
10 0.7953125 0.3953125 0.9203125 0.3953125 0.9203125 0.4640625 0.7953125 0.4640625
7 0.615625 0.3109375 0.7046875 0.3109375 0.7046875 0.390625 0.615625 0.390625
7 0.5234375 0.6078125 0.6015625 0.6078125 0.6015625 0.675 0.5234375 0.675
7 0.1265625 0.403125 0.240625 0.403125 0.240625 0.4609375 0.1265625 0.4609375
7 0.1203125 0.3203125 0.2375 0.3203125 0.2375 0.396875 0.1203125 0.396875
7 0.809375 0.4765625 0.9328125 0.4765625 0.9328125 0.5375 0.809375 0.5375
6 0.1484375 0.2625 0.2328125 0.2625 0.2328125 0.325 0.1484375 0.325
6 0.240625 0.334375 0.325 0.334375 0.325 0.396875 0.240625 0.396875
6 0.8 0.61875 0.903125 0.61875 0.903125 0.675 0.8 0.675
6 0.134375 0.6875 0.2328125 0.6875 0.2328125 0.7515625 0.134375 0.7515625
4 0.328125 0.396875 0.415625 0.396875 0.415625 0.4671875 0.328125 0.4671875
4 0.603125 0.5390625 0.6953125 0.5390625 0.6953125 0.6 0.603125 0.6
4 0.1265625 0.615625 0.234375 0.615625 0.234375 0.6828125 0.1265625 0.6828125
4 0.1171875 0.4734375 0.234375 0.4734375 0.234375 0.5328125 0.1171875 0.5328125
1 0.434375 0.396875 0.5171875 0.396875 0.5171875 0.4671875 0.434375 0.4671875