3 0.3 0.1953125 0.3796875 0.1953125 0.3796875 0.2671875 0.3 0.2671875
3 0.796875 0.1953125 0.8875 0.1953125 0.8875 0.2609375 0.796875 0.2609375
3 0.6015625 0.2921875 0.675 0.2921875 0.675 0.3515625 0.6015625 0.3515625
3 0.59375 0.4375 0.675 0.4375 0.675 0.4953125 0.59375 0.4953125
3 0.3765625 0.440625 0.4640625 0.440625 0.4640625 0.50625 0.3765625 0.50625
3 0.378125 0.7578125 0.4625 0.7578125 0.4625 0.840625 0.378125 0.840625
3 0.809375 0.759375 0.89375 0.759375 0.89375 0.84375 0.809375 0.84375
1 0.0078125 0.421875 0.159375 0.421875 0.159375 0.4921875 0.0078125 0.4921875
1 0.134375 0.50625 0.2640625 0.50625 0.2640625 0.5703125 0.134375 0.5703125
1 0.484375 0.346875 0.578125 0.346875 0.578125 0.4265625 0.484375 0.4265625
1 0.7046875 0.5125 0.825 0.5125 0.825 0.5890625 0.7046875 0.5890625
2 0.6828125 0.665625 0.78125 0.665625 0.78125 0.759375 0.6828125 0.759375
2 0.2515625 0.6640625 0.3625 0.6640625 0.3625 0.74375 0.2515625 0.74375
2 0.1609375 0.2640625 0.2671875 0.2640625 0.2671875 0.3484375 0.1609375 0.3484375
2 0.69375 0.3640625 0.8015625 0.3640625 0.8015625 0.421875 0.69375 0.421875
5 0.1640625 0.3515625 0.26875 0.3515625 0.26875 0.4265625 0.1640625 0.4265625
5 0.4875 0.596875 0.571875 0.596875 0.571875 0.6703125 0.4875 0.6703125
4 0.471875 0.5078125 0.5734375 0.5078125 0.5734375 0.578125 0.471875 0.578125
0 0.0234375 0.7484375 0.1515625 0.7484375 0.1515625 0.8375 0.0234375 0.8375
0 0.0234375 0.59375 0.1609375 0.59375 0.1609375 0.66875 0.0234375 0.66875