1 0.571875 0.4984375 0.675 0.4984375 0.675 0.5609375 0.571875 0.5609375
4 0.3125 0.271875 0.39375 0.271875 0.39375 0.35625 0.3125 0.35625
4 0.496875 0.26875 0.578125 0.26875 0.578125 0.353125 0.496875 0.353125
4 0.5765625 0.428125 0.6734375 0.428125 0.6734375 0.4875 0.5765625 0.4875
4 0.39375 0.625 0.484375 0.625 0.484375 0.696875 0.39375 0.696875
6 0.21875 0.278125 0.29375 0.278125 0.29375 0.346875 0.21875 0.346875
6 0.7625 0.3 0.846875 0.3 0.846875 0.359375 0.7625 0.359375
6 0.6734375 0.36875 0.75625 0.36875 0.75625 0.421875 0.6734375 0.421875
6 0.303125 0.765625 0.3796875 0.765625 0.3796875 0.8546875 0.303125 0.8546875
7 0.58125 0.275 0.66875 0.275 0.66875 0.3640625 0.58125 0.3640625
7 0.665625 0.2765625 0.76875 0.2765625 0.76875 0.3609375 0.665625 0.3609375
7 0.303125 0.5546875 0.3890625 0.5546875 0.3890625 0.625 0.303125 0.625
7 0.65625 0.628125 0.78125 0.628125 0.78125 0.7078125 0.65625 0.7078125
10 0.1 0.2625 0.2 0.2625 0.2 0.3453125 0.1 0.3453125
10 0.48125 0.353125 0.584375 0.353125 0.584375 0.4234375 0.48125 0.4234375
10 0.7515625 0.425 0.8703125 0.425 0.8703125 0.490625 0.7515625 0.490625
10 0.3890625 0.428125 0.4828125 0.428125 0.4828125 0.490625 0.3890625 0.490625
10 0.3953125 0.49375 0.49375 0.49375 0.49375 0.559375 0.3953125 0.559375
10 0.078125 0.69375 0.203125 0.69375 0.203125 0.784375 0.078125 0.784375
10 0.5734375 0.76875 0.684375 0.76875 0.684375 0.86875 0.5734375 0.86875
7 0.471875 0.775 0.5734375 0.775 0.5734375 0.878125 0.471875 0.878125