0 0.6375 0.7890625 0.70625 0.7890625 0.70625 0.8828125 0.6375 0.8828125
0 0.49375 0.390625 0.5625 0.390625 0.5625 0.484375 0.49375 0.484375
1 0.421875 0.4890625 0.4890625 0.4890625 0.4890625 0.5828125 0.421875 0.5828125
1 0.5671875 0.2875 0.6390625 0.2875 0.6390625 0.3828125 0.5671875 0.3828125
1 0.5671875 0.49375 0.6453125 0.49375 0.6453125 0.584375 0.5671875 0.584375
1 0.3453125 0.4875 0.4171875 0.4875 0.4171875 0.5828125 0.3453125 0.5828125
2 0.1890625 0.384375 0.2625 0.384375 0.2625 0.48125 0.1890625 0.48125
2 0.2640625 0.5875 0.3375 0.5875 0.3375 0.6828125 0.2640625 0.6828125
2 0.4921875 0.590625 0.5609375 0.590625 0.5609375 0.68125 0.4921875 0.68125
2 0.1828125 0.2828125 0.2640625 0.2828125 0.2640625 0.3734375 0.1828125 0.3734375
3 0.34375 0.284375 0.41875 0.284375 0.41875 0.384375 0.34375 0.384375
3 0.4953125 0.190625 0.5625 0.190625 0.5625 0.2859375 0.4953125 0.2859375
3 0.571875 0.1875 0.6421875 0.1875 0.6421875 0.275 0.571875 0.275
3 0.64375 0.09375 0.7125 0.09375 0.7125 0.1875 0.64375 0.1875
3 0.2625 0.7859375 0.3375 0.7859375 0.3375 0.890625 0.2625 0.890625
3 0.56875 0.3921875 0.6375 0.3921875 0.6375 0.4859375 0.56875 0.4859375
3 0.41875 0.5921875 0.484375 0.5921875 0.484375 0.6828125 0.41875 0.6828125
4 0.4953125 0.49375 0.5609375 0.49375 0.5609375 0.5796875 0.4953125 0.5796875
5 0.56875 0.5921875 0.634375 0.5921875 0.634375 0.6828125 0.56875 0.6828125
5 0.3453125 0.59375 0.4109375 0.59375 0.4109375 0.6828125 0.3453125 0.6828125
6 0.4171875 0.7921875 0.4859375 0.7921875 0.4859375 0.890625 0.4171875 0.890625
6 0.4171875 0.6921875 0.4890625 0.6921875 0.4890625 0.7828125 0.4171875 0.7828125
6 0.6515625 0.4890625 0.7140625 0.4890625 0.7140625 0.584375 0.6515625 0.584375
6 0.26875 0.4890625 0.3359375 0.4890625 0.3359375 0.5796875 0.26875 0.5796875
8 0.340625 0.6875 0.409375 0.6875 0.409375 0.784375 0.340625 0.784375
8 0.7140625 0.2953125 0.790625 0.2953125 0.790625 0.3890625 0.7140625 0.3890625
9 0.18125 0.6875 0.259375 0.6875 0.259375 0.7828125 0.18125 0.7828125
9 0.421875 0.3890625 0.4890625 0.3890625 0.4890625 0.4828125 0.421875 0.4828125
9 0.4265625 0.290625 0.4921875 0.290625 0.4921875 0.38125 0.4265625 0.38125
9 0.4203125 0.0875 0.4921875 0.0875 0.4921875 0.1796875 0.4203125 0.1796875
10 0.49375 0.784375 0.5625 0.784375 0.5625 0.89375 0.49375 0.89375
11 0.4203125 0.190625 0.490625 0.190625 0.490625 0.28125 0.4203125 0.28125
11 0.2703125 0.2859375 0.3375 0.2859375 0.3375 0.3796875 0.2703125 0.3796875
11 0.571875 0.078125 0.6375 0.078125 0.6375 0.1796875 0.571875 0.1796875