10 0.09375 0.1890625 0.2921875 0.1890625 0.2921875 0.3015625 0.09375 0.3015625
1 0.315625 0.196875 0.5203125 0.196875 0.5203125 0.3125 0.315625 0.3125
4 0.7078125 0.2 0.9453125 0.2 0.9453125 0.303125 0.7078125 0.303125
4 0.709375 0.3328125 0.9609375 0.3328125 0.9609375 0.415625 0.709375 0.415625
1 0.7078125 0.41875 0.9453125 0.41875 0.9453125 0.4953125 0.7078125 0.4953125
1 0.528125 0.509375 0.7421875 0.509375 0.7421875 0.60625 0.528125 0.60625
4 0.30625 0.509375 0.509375 0.509375 0.509375 0.60625 0.30625 0.60625
10 0.5046875 0.2078125 0.7171875 0.2078125 0.7171875 0.315625 0.5046875 0.315625
7 0.2921875 0.3046875 0.465625 0.3046875 0.465625 0.4015625 0.2921875 0.4015625
7 0.4859375 0.3203125 0.703125 0.3203125 0.703125 0.4125 0.4859375 0.4125
10 0.1125 0.5140625 0.2921875 0.5140625 0.2921875 0.6203125 0.1125 0.6203125
7 0.728125 0.4953125 0.975 0.4953125 0.975 0.5984375 0.728125 0.5984375