0 0.690625 0.1921875 0.75625 0.1921875 0.75625 0.284375 0.690625 0.284375
0 0.5359375 0.184375 0.5921875 0.184375 0.5921875 0.2734375 0.5359375 0.2734375
1 0.2015625 0.70625 0.3 0.70625 0.3 0.821875 0.2015625 0.821875
1 0.55 0.7953125 0.621875 0.7953125 0.621875 0.9375 0.55 0.9375
1 0.2953125 0.046875 0.3796875 0.046875 0.3796875 0.184375 0.2953125 0.184375
1 0.471875 0.0546875 0.5328125 0.0546875 0.5328125 0.1875 0.471875 0.1875
2 0.459375 0.2953125 0.5265625 0.2953125 0.5265625 0.384375 0.459375 0.384375
2 0.690625 0.396875 0.75625 0.396875 0.75625 0.48125 0.690625 0.48125
2 0.621875 0.2875 0.675 0.2875 0.675 0.3765625 0.621875 0.3765625
2 0.3109375 0.5953125 0.3734375 0.5953125 0.3734375 0.678125 0.3109375 0.678125
3 0.3109375 0.1921875 0.3640625 0.1921875 0.3640625 0.2671875 0.3109375 0.2671875
3 0.3890625 0.28125 0.4375 0.28125 0.4375 0.35625 0.3890625 0.35625
3 0.3125 0.415625 0.3671875 0.415625 0.3671875 0.478125 0.3125 0.478125
3 0.5390625 0.496875 0.590625 0.496875 0.590625 0.5640625 0.5390625 0.5640625
3 0.4671875 0.7015625 0.515625 0.7015625 0.515625 0.7765625 0.4671875 0.7765625
3 0.6921875 0.596875 0.7453125 0.596875 0.7453125 0.6625 0.6921875 0.6625
3 0.753125 0.49375 0.81875 0.49375 0.81875 0.565625 0.753125 0.565625
4 0.6046875 0.4859375 0.68125 0.4859375 0.68125 0.5828125 0.6046875 0.5828125
5 0.471875 0.6046875 0.5328125 0.6046875 0.5328125 0.6796875 0.471875 0.6796875
5 0.5375 0.3890625 0.596875 0.3890625 0.596875 0.4734375 0.5375 0.4734375