5 0.23125 0.6984375 0.309375 0.6984375 0.309375 0.80625 0.23125 0.80625
5 0.315625 0.5 0.390625 0.5 0.390625 0.590625 0.315625 0.590625
5 0.3046875 0.046875 0.3796875 0.046875 0.3796875 0.175 0.3046875 0.175
5 0.3875 0.7015625 0.45625 0.7015625 0.45625 0.8171875 0.3875 0.8171875
5 0.384375 0.1625 0.459375 0.1625 0.459375 0.265625 0.384375 0.265625
5 0.4796875 0.490625 0.5390625 0.490625 0.5390625 0.58125 0.4796875 0.58125
5 0.5515625 0.384375 0.609375 0.384375 0.609375 0.478125 0.5515625 0.478125
5 0.5546875 0.15625 0.6203125 0.15625 0.6203125 0.2625 0.5546875 0.2625
5 0.715625 0.8046875 0.7875 0.8046875 0.7875 0.9296875 0.715625 0.9296875
5 0.803125 0.803125 0.89375 0.803125 0.89375 0.928125 0.803125 0.928125
5 0.784375 0.265625 0.875 0.265625 0.875 0.3671875 0.784375 0.3671875
11 0.309375 0.603125 0.390625 0.603125 0.390625 0.70625 0.309375 0.70625
11 0.4671875 0.04375 0.5296875 0.04375 0.5296875 0.16875 0.4671875 0.16875
11 0.54375 0.7984375 0.6125 0.7984375 0.6125 0.9234375 0.54375 0.9234375
11 0.5546875 0.5953125 0.6203125 0.5953125 0.6203125 0.6890625 0.5546875 0.6890625
11 0.625 0.378125 0.7015625 0.378125 0.7015625 0.4625 0.625 0.4625
11 0.546875 0.0578125 0.6125 0.0578125 0.6125 0.1640625 0.546875 0.1640625
11 0.621875 0.0359375 0.69375 0.0359375 0.69375 0.159375 0.621875 0.159375
11 0.70625 0.153125 0.7859375 0.153125 0.7859375 0.265625 0.70625 0.265625
11 0.7140625 0.48125 0.79375 0.48125 0.79375 0.571875 0.7140625 0.571875
11 0.6390625 0.80625 0.7078125 0.80625 0.7078125 0.925 0.6390625 0.925
11 0.784375 0.0265625 0.871875 0.0265625 0.871875 0.15625 0.784375 0.15625