11 0.4328125 0.7609375 0.4921875 0.7609375 0.4921875 0.853125 0.4328125 0.853125
11 0.5015625 0.66875 0.5734375 0.66875 0.5734375 0.75625 0.5015625 0.75625
11 0.571875 0.28125 0.634375 0.28125 0.634375 0.3734375 0.571875 0.3734375
11 0.4359375 0.659375 0.5015625 0.659375 0.5015625 0.759375 0.4359375 0.759375
9 0.29375 0.3140625 0.3578125 0.3140625 0.3578125 0.3890625 0.29375 0.3890625
9 0.3640625 0.3890625 0.4265625 0.3890625 0.4265625 0.478125 0.3640625 0.478125
9 0.284375 0.4859375 0.3328125 0.4859375 0.3328125 0.5625 0.284375 0.5625
9 0.64375 0.384375 0.696875 0.384375 0.696875 0.4515625 0.64375 0.4515625
9 0.7046875 0.3859375 0.765625 0.3859375 0.765625 0.453125 0.7046875 0.453125
9 0.6390625 0.565625 0.7015625 0.565625 0.7015625 0.65 0.6390625 0.65
9 0.7015625 0.56875 0.775 0.56875 0.775 0.65 0.7015625 0.65
9 0.590625 0.5921875 0.634375 0.5921875 0.634375 0.65625 0.590625 0.65625
9 0.634375 0.209375 0.6921875 0.209375 0.6921875 0.275 0.634375 0.275
9 0.696875 0.1984375 0.7625 0.1984375 0.7625 0.2859375 0.696875 0.2859375
9 0.359375 0.08125 0.4171875 0.08125 0.4171875 0.1875 0.359375 0.1875
8 0.2125 0.18125 0.284375 0.18125 0.284375 0.296875 0.2125 0.296875
8 0.425 0.18125 0.490625 0.18125 0.490625 0.2859375 0.425 0.2859375
8 0.4328125 0.390625 0.5 0.390625 0.5 0.471875 0.4328125 0.471875
8 0.290625 0.759375 0.359375 0.759375 0.359375 0.875 0.290625 0.875
7 0.43125 0.4734375 0.503125 0.4734375 0.503125 0.5671875 0.43125 0.5671875
6 0.5015625 0.1875 0.5625 0.1875 0.5625 0.28125 0.5015625 0.28125
6 0.575 0.3765625 0.640625 0.3765625 0.640625 0.45625 0.575 0.45625
6 0.5765625 0.475 0.64375 0.475 0.64375 0.5421875 0.5765625 0.5421875
6 0.5796875 0.7609375 0.6546875 0.7609375 0.6546875 0.8578125 0.5796875 0.8578125
6 0.3671875 0.75625 0.421875 0.75625 0.421875 0.8609375 0.3671875 0.8609375
5 0.29375 0.578125 0.359375 0.578125 0.359375 0.665625 0.29375 0.665625
5 0.4203125 0.2921875 0.5015625 0.2921875 0.5015625 0.38125 0.4203125 0.38125
5 0.215625 0.7640625 0.278125 0.7640625 0.278125 0.8609375 0.215625 0.8609375
3 0.50625 0.4734375 0.5671875 0.4734375 0.5671875 0.56875 0.50625 0.56875
3 0.503125 0.2859375 0.5671875 0.2859375 0.5671875 0.3859375 0.503125 0.3859375
3 0.215625 0.578125 0.290625 0.578125 0.290625 0.6640625 0.215625 0.6640625
3 0.3625 0.65 0.428125 0.65 0.428125 0.7515625 0.3625 0.7515625
3 0.4328125 0.5734375 0.4984375 0.5734375 0.4984375 0.653125 0.4328125 0.653125
3 0.634375 0.6671875 0.709375 0.6671875 0.709375 0.7421875 0.634375 0.7421875
3 0.715625 0.659375 0.78125 0.659375 0.78125 0.734375 0.715625 0.734375
2 0.6390625 0.4640625 0.715625 0.4640625 0.715625 0.559375 0.6390625 0.559375
2 0.7078125 0.465625 0.78125 0.465625 0.78125 0.55625 0.7078125 0.55625
2 0.5671875 0.6640625 0.640625 0.6640625 0.640625 0.7578125 0.5671875 0.7578125
0 0.50625 0.5765625 0.575 0.5765625 0.575 0.6609375 0.50625 0.6609375
0 0.303125 0.6765625 0.3625 0.6765625 0.3625 0.7671875 0.303125 0.7671875
0 0.496875 0.75625 0.56875 0.75625 0.56875 0.871875 0.496875 0.871875
0 0.5765625 0.1828125 0.6359375 0.1828125 0.6359375 0.26875 0.5765625 0.26875
0 0.3625 0.1796875 0.4265625 0.1796875 0.4265625 0.2890625 0.3625 0.2890625
0 0.640625 0.078125 0.7015625 0.078125 0.7015625 0.1859375 0.640625 0.1859375