11 0.3015625 0.359375 0.3890625 0.359375 0.3890625 0.4296875 0.3015625 0.4296875
11 0.4140625 0.440625 0.5015625 0.440625 0.5015625 0.496875 0.4140625 0.496875
11 0.3203125 0.5203125 0.4125 0.5203125 0.4125 0.5859375 0.3203125 0.5859375
11 0.5390625 0.528125 0.6203125 0.528125 0.6203125 0.5875 0.5390625 0.5875
11 0.640625 0.515625 0.7421875 0.515625 0.7421875 0.575 0.640625 0.575
11 0.29375 0.6015625 0.396875 0.6015625 0.396875 0.6640625 0.29375 0.6640625
11 0.4296875 0.60625 0.515625 0.60625 0.515625 0.6703125 0.4296875 0.6703125
11 0.634375 0.60625 0.7359375 0.60625 0.7359375 0.675 0.634375 0.675
11 0.046875 0.6859375 0.159375 0.6859375 0.159375 0.765625 0.046875 0.765625
11 0.3015625 0.6828125 0.3890625 0.6828125 0.3890625 0.7578125 0.3015625 0.7578125
11 0.5203125 0.671875 0.6140625 0.671875 0.6140625 0.7515625 0.5203125 0.7515625