9 0.390625 0.15 0.4171875 0.15 0.4171875 0.2203125 0.390625 0.2203125
9 0.25625 0.04375 0.2875 0.04375 0.2875 0.125 0.25625 0.125
9 0.346875 0.05625 0.375 0.05625 0.375 0.13125 0.346875 0.13125
9 0.4328125 0.05625 0.459375 0.05625 0.459375 0.134375 0.4328125 0.134375
9 0.253125 0.121875 0.28125 0.121875 0.28125 0.196875 0.253125 0.196875
9 0.29375 0.2125 0.3234375 0.2125 0.3234375 0.284375 0.29375 0.284375
9 0.34375 0.159375 0.3703125 0.159375 0.3703125 0.23125 0.34375 0.23125
9 0.428125 0.171875 0.4546875 0.171875 0.4546875 0.2390625 0.428125 0.2390625
9 0.471875 0.178125 0.5 0.178125 0.5 0.246875 0.471875 0.246875
9 0.515625 0.0828125 0.54375 0.0828125 0.54375 0.1578125 0.515625 0.1578125
9 0.5515625 0.09375 0.578125 0.09375 0.578125 0.165625 0.5515625 0.165625
9 0.553125 0.265625 0.5796875 0.265625 0.5796875 0.33125 0.553125 0.33125
9 0.521875 0.16875 0.55 0.16875 0.55 0.2375 0.521875 0.2375
9 0.475 0.2671875 0.5015625 0.2671875 0.5015625 0.334375 0.475 0.334375
9 0.3890625 0.246875 0.415625 0.246875 0.415625 0.315625 0.3890625 0.315625
9 0.421875 0.446875 0.453125 0.446875 0.453125 0.5125 0.421875 0.5125
9 0.46875 0.465625 0.4953125 0.465625 0.4953125 0.53125 0.46875 0.53125
9 0.5125 0.46875 0.5375 0.46875 0.5375 0.53125 0.5125 0.53125
9 0.5578125 0.4734375 0.5859375 0.4734375 0.5859375 0.53125 0.5578125 0.53125
9 0.2390625 0.415625 0.26875 0.415625 0.26875 0.478125 0.2390625 0.478125
9 0.2859375 0.4265625 0.315625 0.4265625 0.315625 0.4890625 0.2859375 0.4890625
9 0.33125 0.4140625 0.359375 0.4140625 0.359375 0.4796875 0.33125 0.4796875
9 0.371875 0.453125 0.4 0.453125 0.4 0.515625 0.371875 0.515625
3 0.240625 0.3046875 0.271875 0.3046875 0.271875 0.3703125 0.240625 0.3703125
3 0.29375 0.3375 0.321875 0.3375 0.321875 0.403125 0.29375 0.403125
3 0.3421875 0.3515625 0.36875 0.3515625 0.36875 0.4140625 0.3421875 0.4140625
3 0.36875 0.340625 0.3953125 0.340625 0.3953125 0.409375 0.36875 0.409375
3 0.4265625 0.3375 0.453125 0.3375 0.453125 0.4 0.4265625 0.4
3 0.46875 0.35625 0.496875 0.35625 0.496875 0.421875 0.46875 0.421875
3 0.5109375 0.375 0.534375 0.375 0.534375 0.434375 0.5109375 0.434375
3 0.55625 0.3546875 0.584375 0.3546875 0.584375 0.421875 0.55625 0.421875
3 0.5453125 0.5859375 0.571875 0.5859375 0.571875 0.6484375 0.5453125 0.6484375
3 0.55 0.684375 0.575 0.684375 0.575 0.740625 0.55 0.740625
3 0.5 0.553125 0.525 0.553125 0.525 0.609375 0.5 0.609375
3 0.465625 0.640625 0.49375 0.640625 0.49375 0.7 0.465625 0.7
3 0.4609375 0.5515625 0.490625 0.5515625 0.490625 0.609375 0.4609375 0.609375
3 0.4984375 0.7515625 0.528125 0.7515625 0.528125 0.8140625 0.4984375 0.8140625
3 0.4046875 0.759375 0.434375 0.759375 0.434375 0.8203125 0.4046875 0.8203125
3 0.4171875 0.55625 0.4421875 0.55625 0.4421875 0.6140625 0.4171875 0.6140625
3 0.365625 0.5359375 0.39375 0.5359375 0.39375 0.5953125 0.365625 0.5953125
3 0.325 0.528125 0.3546875 0.528125 0.3546875 0.5875 0.325 0.5875
3 0.28125 0.5234375 0.3125 0.5234375 0.3125 0.5828125 0.28125 0.5828125
3 0.2375 0.5109375 0.271875 0.5109375 0.271875 0.5734375 0.2375 0.5734375
3 0.28125 0.646875 0.309375 0.646875 0.309375 0.70625 0.28125 0.70625
3 0.315625 0.7546875 0.34375 0.7546875 0.34375 0.8171875 0.315625 0.8171875
3 0.371875 0.6515625 0.4 0.6515625 0.4 0.70625 0.371875 0.70625
3 0.21875 0.7125 0.25 0.7125 0.25 0.775 0.21875 0.775
9 0.3 0.134375 0.328125 0.134375 0.328125 0.20625 0.3 0.20625