10 0.790625 0.515625 0.915625 0.515625 0.915625 0.5875 0.790625 0.5875
10 0.790625 0.053125 0.903125 0.053125 0.903125 0.1875 0.790625 0.1875
10 0.059375 0.384375 0.1828125 0.384375 0.1828125 0.465625 0.059375 0.465625
6 0.09375 0.065625 0.190625 0.065625 0.190625 0.1703125 0.09375 0.1703125
6 0.303125 0.2890625 0.3734375 0.2890625 0.3734375 0.365625 0.303125 0.365625
6 0.59375 0.584375 0.6609375 0.584375 0.6609375 0.646875 0.59375 0.646875
6 0.6984375 0.6078125 0.7734375 0.6078125 0.7734375 0.68125 0.6984375 0.68125
6 0.5921875 0.203125 0.6578125 0.203125 0.6578125 0.28125 0.5921875 0.28125
5 0.2015625 0.078125 0.290625 0.078125 0.290625 0.1671875 0.2015625 0.1671875
5 0.4984375 0.196875 0.5625 0.196875 0.5625 0.28125 0.4984375 0.28125
5 0.615625 0.5046875 0.6828125 0.5046875 0.6828125 0.559375 0.615625 0.559375
5 0.39375 0.784375 0.4625 0.784375 0.4625 0.878125 0.39375 0.878125
5 0.3140625 0.1890625 0.384375 0.1890625 0.384375 0.2734375 0.3140625 0.2734375
4 0.4859375 0.303125 0.5609375 0.303125 0.5609375 0.3890625 0.4859375 0.3890625
4 0.4125 0.403125 0.490625 0.403125 0.490625 0.4796875 0.4125 0.4796875
4 0.68125 0.3171875 0.78125 0.3171875 0.78125 0.403125 0.68125 0.403125
0 0.18125 0.1734375 0.2671875 0.1734375 0.2671875 0.2578125 0.18125 0.2578125
0 0.084375 0.5921875 0.178125 0.5921875 0.178125 0.65625 0.084375 0.65625
0 0.184375 0.8 0.2640625 0.8 0.2640625 0.878125 0.184375 0.878125
0 0.784375 0.6234375 0.8734375 0.6234375 0.8734375 0.69375 0.784375 0.69375
0 0.675 0.696875 0.74375 0.696875 0.74375 0.7734375 0.675 0.7734375
3 0.503125 0.4015625 0.5578125 0.4015625 0.5578125 0.45625 0.503125 0.45625
1 0.30625 0.071875 0.396875 0.071875 0.396875 0.1890625 0.30625 0.1890625
1 0.3953125 0.0578125 0.4734375 0.0578125 0.4734375 0.1796875 0.3953125 0.1796875
1 0.0578125 0.490625 0.1875 0.490625 0.1875 0.56875 0.0578125 0.56875
2 0.084375 0.2890625 0.1921875 0.2890625 0.1921875 0.359375 0.084375 0.359375
2 0.3 0.5046875 0.3625 0.5046875 0.3625 0.571875 0.3 0.571875
2 0.4859375 0.69375 0.5609375 0.69375 0.5609375 0.7734375 0.4859375 0.7734375
2 0.40625 0.3125 0.478125 0.3125 0.478125 0.384375 0.40625 0.384375
5 0.3 0.6953125 0.371875 0.6953125 0.371875 0.76875 0.3 0.76875
3 0.590625 0.8046875 0.65 0.8046875 0.65 0.8875 0.590625 0.8875
8 0.3828125 0.19375 0.453125 0.19375 0.453125 0.2859375 0.3828125 0.2859375
8 0.1890625 0.275 0.2734375 0.275 0.2734375 0.365625 0.1890625 0.365625
6 0.3046875 0.4 0.3796875 0.4 0.3796875 0.4671875 0.3046875 0.4671875
8 0.284375 0.6 0.365625 0.6 0.365625 0.6671875 0.284375 0.6671875
8 0.18125 0.5859375 0.2796875 0.5859375 0.2796875 0.6609375 0.18125 0.6609375
8 0.3984375 0.690625 0.4671875 0.690625 0.4671875 0.76875 0.3984375 0.76875
8 0.690625 0.4984375 0.7734375 0.4984375 0.7734375 0.575 0.690625 0.575
11 0.4796875 0.50625 0.5453125 0.50625 0.5453125 0.571875 0.4796875 0.571875
11 0.578125 0.315625 0.6484375 0.315625 0.6484375 0.3875 0.578125 0.3875
11 0.2953125 0.79375 0.371875 0.79375 0.371875 0.878125 0.2953125 0.878125
11 0.565625 0.69375 0.6359375 0.69375 0.6359375 0.778125 0.565625 0.778125
9 0.5109375 0.6125 0.5703125 0.6125 0.5703125 0.6640625 0.5109375 0.6640625
7 0.4 0.603125 0.475 0.603125 0.475 0.6875 0.4 0.6875
7 0.053125 0.7875 0.1734375 0.7875 0.1734375 0.9015625 0.053125 0.9015625
7 0.775 0.7734375 0.890625 0.7734375 0.890625 0.8984375 0.775 0.8984375