3 0.8375 0.7125 0.9078125 0.7125 0.9078125 0.7734375 0.8375 0.7734375
3 0.3328125 0.6890625 0.40625 0.6890625 0.40625 0.7453125 0.3328125 0.7453125
3 0.540625 0.7015625 0.609375 0.7015625 0.609375 0.7609375 0.540625 0.7609375
3 0.621875 0.63125 0.690625 0.63125 0.690625 0.6890625 0.621875 0.6890625
3 0.725 0.5609375 0.7859375 0.5609375 0.7859375 0.6140625 0.725 0.6140625
3 0.6296875 0.490625 0.69375 0.490625 0.69375 0.5375 0.6296875 0.5375
3 0.534375 0.4953125 0.5984375 0.4953125 0.5984375 0.5390625 0.534375 0.5390625
3 0.3390625 0.55 0.4125 0.55 0.4125 0.59375 0.3390625 0.59375
3 0.15 0.61875 0.2234375 0.61875 0.2234375 0.66875 0.15 0.66875
3 0.1484375 0.178125 0.2328125 0.178125 0.2328125 0.240625 0.1484375 0.240625
3 0.3484375 0.2734375 0.41875 0.2734375 0.41875 0.328125 0.3484375 0.328125
3 0.44375 0.34375 0.50625 0.34375 0.50625 0.396875 0.44375 0.396875
3 0.4390625 0.415625 0.5046875 0.415625 0.5046875 0.4625 0.4390625 0.4625
3 0.5375 0.271875 0.60625 0.271875 0.60625 0.325 0.5375 0.325
3 0.6390625 0.1828125 0.7 0.1828125 0.7 0.2546875 0.6390625 0.2546875
8 0.7078125 0.628125 0.796875 0.628125 0.796875 0.7046875 0.7078125 0.7046875
8 0.33125 0.171875 0.428125 0.171875 0.428125 0.259375 0.33125 0.259375
4 0.4203125 0.6234375 0.5109375 0.6234375 0.5109375 0.7015625 0.4203125 0.7015625
2 0.7359375 0.2609375 0.828125 0.2609375 0.828125 0.334375 0.7359375 0.334375
2 0.6390625 0.409375 0.71875 0.409375 0.71875 0.4703125 0.6390625 0.4703125
2 0.428125 0.48125 0.5078125 0.48125 0.5078125 0.540625 0.428125 0.540625
2 0.2375 0.6046875 0.328125 0.6046875 0.328125 0.678125 0.2375 0.678125
5 0.6421875 0.2625 0.7171875 0.2625 0.7171875 0.328125 0.6421875 0.328125
5 0.24375 0.4703125 0.334375 0.4703125 0.334375 0.53125 0.24375 0.53125