5 0.78125 0.7953125 0.8734375 0.7953125 0.8734375 0.8890625 0.78125 0.8890625
1 0.665625 0.7921875 0.765625 0.7921875 0.765625 0.9109375 0.665625 0.9109375
6 0.515625 0.8015625 0.584375 0.8015625 0.584375 0.9015625 0.515625 0.9015625
8 0.428125 0.79375 0.5 0.79375 0.5 0.884375 0.428125 0.884375
6 0.2125 0.8 0.29375 0.8 0.29375 0.89375 0.2125 0.89375
10 0.103125 0.7890625 0.20625 0.7890625 0.20625 0.9109375 0.103125 0.9109375
5 0.6953125 0.6984375 0.7859375 0.6984375 0.7859375 0.7796875 0.6953125 0.7796875
11 0.6046875 0.6984375 0.678125 0.6984375 0.678125 0.775 0.6046875 0.775
4 0.4921875 0.690625 0.565625 0.690625 0.565625 0.796875 0.4921875 0.796875
4 0.4 0.678125 0.4671875 0.678125 0.4671875 0.7734375 0.4 0.7734375
0 0.3140625 0.7078125 0.3890625 0.7078125 0.3890625 0.7890625 0.3140625 0.7890625
3 0.2375 0.7015625 0.3 0.7015625 0.3 0.7703125 0.2375 0.7703125
2 0.1234375 0.6875 0.2046875 0.6875 0.2046875 0.7765625 0.1234375 0.7765625
10 0.771875 0.584375 0.890625 0.584375 0.890625 0.678125 0.771875 0.678125
5 0.6796875 0.6046875 0.7671875 0.6046875 0.7671875 0.6765625 0.6796875 0.6765625
1 0.584375 0.6046875 0.6703125 0.6046875 0.6703125 0.6890625 0.584375 0.6890625
8 0.4890625 0.6015625 0.56875 0.6015625 0.56875 0.675 0.4890625 0.675
11 0.2984375 0.615625 0.371875 0.615625 0.371875 0.6890625 0.2984375 0.6890625
5 0.78125 0.4953125 0.8859375 0.4953125 0.8859375 0.5625 0.78125 0.5625
9 0.6640625 0.50625 0.7296875 0.50625 0.7296875 0.565625 0.6640625 0.565625
3 0.60625 0.515625 0.6578125 0.515625 0.6578125 0.5765625 0.60625 0.5765625
7 0.48125 0.5015625 0.5609375 0.5015625 0.5609375 0.58125 0.48125 0.58125
0 0.39375 0.509375 0.471875 0.509375 0.471875 0.584375 0.39375 0.584375
3 0.3328125 0.5015625 0.3859375 0.5015625 0.3859375 0.5625 0.3328125 0.5625
7 0.1953125 0.5203125 0.2984375 0.5203125 0.2984375 0.6015625 0.1953125 0.6015625
2 0.103125 0.5078125 0.1953125 0.5078125 0.1953125 0.58125 0.103125 0.58125
2 0.68125 0.41875 0.753125 0.41875 0.753125 0.4921875 0.68125 0.4921875
1 0.58125 0.4140625 0.6609375 0.4140625 0.6609375 0.49375 0.58125 0.49375
10 0.490625 0.403125 0.56875 0.403125 0.56875 0.4921875 0.490625 0.4921875
11 0.3953125 0.41875 0.465625 0.41875 0.465625 0.4890625 0.3953125 0.4890625
5 0.30625 0.428125 0.38125 0.428125 0.38125 0.496875 0.30625 0.496875
9 0.23125 0.4328125 0.29375 0.4328125 0.29375 0.4984375 0.23125 0.4984375
6 0.759375 0.3109375 0.8484375 0.3109375 0.8484375 0.3921875 0.759375 0.3921875
9 0.66875 0.33125 0.734375 0.33125 0.734375 0.3921875 0.66875 0.3921875
4 0.5765625 0.309375 0.6578125 0.309375 0.6578125 0.4 0.5765625 0.4
6 0.4 0.309375 0.4703125 0.309375 0.4703125 0.3890625 0.4 0.3890625
8 0.3171875 0.321875 0.3953125 0.321875 0.3953125 0.4015625 0.3171875 0.4015625
0 0.21875 0.328125 0.3015625 0.328125 0.3015625 0.4078125 0.21875 0.4078125
5 0.103125 0.33125 0.203125 0.33125 0.203125 0.409375 0.103125 0.409375
6 0.759375 0.2015625 0.846875 0.2015625 0.846875 0.2921875 0.759375 0.2921875
11 0.6734375 0.21875 0.7546875 0.21875 0.7546875 0.3046875 0.6734375 0.3046875
2 0.5796875 0.2265625 0.6640625 0.2265625 0.6640625 0.3140625 0.5796875 0.3140625
8 0.490625 0.2046875 0.56875 0.2046875 0.56875 0.2875 0.490625 0.2875
8 0.3953125 0.2203125 0.471875 0.2203125 0.471875 0.3046875 0.3953125 0.3046875
6 0.30625 0.215625 0.375 0.215625 0.375 0.303125 0.30625 0.303125
0 0.203125 0.2078125 0.290625 0.2078125 0.290625 0.3015625 0.203125 0.3015625
8 0.115625 0.2171875 0.20625 0.2171875 0.20625 0.30625 0.115625 0.30625
0 0.6671875 0.109375 0.74375 0.109375 0.74375 0.2046875 0.6671875 0.2046875
7 0.4671875 0.0921875 0.5421875 0.0921875 0.5421875 0.2109375 0.4671875 0.2109375