1 0.1375 0.653125 0.265625 0.653125 0.265625 0.740625 0.1375 0.740625
1 0.5890625 0.725 0.6953125 0.725 0.6953125 0.840625 0.5890625 0.840625
1 0.38125 0.21875 0.475 0.21875 0.475 0.321875 0.38125 0.321875
1 0.5921875 0.1234375 0.690625 0.1234375 0.690625 0.2390625 0.5921875 0.2390625
4 0.4859375 0.4125 0.575 0.4125 0.575 0.484375 0.4859375 0.484375
0 0.825 0.1546875 0.93125 0.1546875 0.93125 0.240625 0.825 0.240625
0 0.0125 0.565625 0.1421875 0.565625 0.1421875 0.634375 0.0125 0.634375
2 0.3765625 0.496875 0.4734375 0.496875 0.4734375 0.559375 0.3765625 0.559375
2 0.6078125 0.3234375 0.6859375 0.3234375 0.6859375 0.4015625 0.6078125 0.4015625
2 0.159375 0.328125 0.271875 0.328125 0.271875 0.4 0.159375 0.4
2 0.0328125 0.240625 0.1515625 0.240625 0.1515625 0.31875 0.0328125 0.31875
1 0.8171875 0.50625 0.9234375 0.50625 0.9234375 0.575 0.8171875 0.575
1 0.0140625 0.728125 0.1359375 0.728125 0.1359375 0.8140625 0.0140625 0.8140625
3 0.39375 0.640625 0.4609375 0.640625 0.4609375 0.6953125 0.39375 0.6953125
3 0.3859375 0.4140625 0.4546875 0.4140625 0.4546875 0.46875 0.3859375 0.46875
3 0.2734375 0.253125 0.3484375 0.253125 0.3484375 0.3125 0.2734375 0.3125
3 0.5109375 0.2421875 0.5796875 0.2421875 0.5796875 0.3078125 0.5109375 0.3078125
3 0.609375 0.6515625 0.68125 0.6515625 0.68125 0.709375 0.609375 0.709375
3 0.8125 0.6515625 0.903125 0.6515625 0.903125 0.7140625 0.8125 0.7140625
3 0.715625 0.415625 0.796875 0.415625 0.796875 0.478125 0.715625 0.478125