1 0.3015625 0.7421875 0.378125 0.7421875 0.378125 0.8609375 0.3015625 0.8609375
4 0.721875 0.1609375 0.809375 0.1609375 0.809375 0.26875 0.721875 0.26875
4 0.6484375 0.1609375 0.7234375 0.1609375 0.7234375 0.271875 0.6484375 0.271875
4 0.58125 0.1625 0.65 0.1625 0.65 0.275 0.58125 0.275
4 0.5078125 0.16875 0.5734375 0.16875 0.5734375 0.28125 0.5078125 0.28125
6 0.7265625 0.646875 0.7890625 0.646875 0.7890625 0.7359375 0.7265625 0.7359375
6 0.65 0.734375 0.7125 0.734375 0.7125 0.828125 0.65 0.828125
6 0.5125 0.74375 0.571875 0.74375 0.571875 0.834375 0.5125 0.834375
6 0.375 0.74375 0.434375 0.74375 0.434375 0.8328125 0.375 0.8328125
7 0.734375 0.825 0.8234375 0.825 0.8234375 0.953125 0.734375 0.953125
7 0.65625 0.834375 0.740625 0.834375 0.740625 0.9671875 0.65625 0.9671875
7 0.5859375 0.83125 0.65625 0.83125 0.65625 0.959375 0.5859375 0.959375
7 0.5125 0.834375 0.578125 0.834375 0.578125 0.95625 0.5125 0.95625
7 0.446875 0.825 0.5125 0.825 0.5125 0.95625 0.446875 0.95625
10 0.44375 0.159375 0.50625 0.159375 0.50625 0.275 0.44375 0.275
10 0.3609375 0.1703125 0.4359375 0.1703125 0.4359375 0.2859375 0.3609375 0.2859375
10 0.2859375 0.1765625 0.3625 0.1765625 0.3625 0.278125 0.2859375 0.278125
10 0.21875 0.5625 0.309375 0.5625 0.309375 0.653125 0.21875 0.653125
10 0.21875 0.653125 0.309375 0.653125 0.309375 0.759375 0.21875 0.759375
10 0.221875 0.7453125 0.315625 0.7453125 0.315625 0.8515625 0.221875 0.8515625
10 0.225 0.83125 0.309375 0.83125 0.309375 0.946875 0.225 0.946875