11 0.821875 0.31875 0.915625 0.31875 0.915625 0.3984375 0.821875 0.3984375
11 0.4390625 0.33125 0.5078125 0.33125 0.5078125 0.403125 0.4390625 0.403125
11 0.146875 0.421875 0.2453125 0.421875 0.2453125 0.484375 0.146875 0.484375
11 0.7109375 0.428125 0.8015625 0.428125 0.8015625 0.503125 0.7109375 0.503125
10 0.525 0.68125 0.603125 0.68125 0.603125 0.775 0.525 0.775
10 0.315625 0.31875 0.409375 0.31875 0.409375 0.403125 0.315625 0.403125
10 0.1125 0.3140625 0.2359375 0.3140625 0.2359375 0.4046875 0.1125 0.4046875
9 0.3515625 0.6109375 0.41875 0.6109375 0.41875 0.671875 0.3515625 0.671875
8 0.7859375 0.1234375 0.8859375 0.1234375 0.8859375 0.2171875 0.7859375 0.2171875
8 0.796875 0.6 0.9015625 0.6 0.9015625 0.671875 0.796875 0.671875
8 0.60625 0.709375 0.6859375 0.709375 0.6859375 0.784375 0.60625 0.784375
8 0.525 0.5171875 0.596875 0.5171875 0.596875 0.5828125 0.525 0.5828125
8 0.421875 0.1328125 0.50625 0.1328125 0.50625 0.2265625 0.421875 0.2265625
8 0.146875 0.784375 0.2453125 0.784375 0.2453125 0.8734375 0.146875 0.8734375
7 0.78125 0.6890625 0.89375 0.6890625 0.89375 0.7859375 0.78125 0.7859375
7 0.1046875 0.5046875 0.221875 0.5046875 0.221875 0.578125 0.1046875 0.578125
7 0.30625 0.1078125 0.4 0.1078125 0.4 0.21875 0.30625 0.21875
6 0.515625 0.1328125 0.584375 0.1328125 0.584375 0.21875 0.515625 0.21875
6 0.321875 0.7046875 0.4 0.7046875 0.4 0.7765625 0.321875 0.7765625
6 0.33125 0.7765625 0.4046875 0.7765625 0.4046875 0.8625 0.33125 0.8625
6 0.228125 0.5171875 0.3140625 0.5171875 0.3140625 0.575 0.228125 0.575
6 0.2359375 0.5921875 0.3296875 0.5921875 0.3296875 0.6625 0.2359375 0.6625
5 0.6078125 0.2203125 0.6828125 0.2203125 0.6828125 0.2984375 0.6078125 0.2984375
5 0.6078125 0.3328125 0.6859375 0.3328125 0.6859375 0.3984375 0.6078125 0.3984375
5 0.5234375 0.6 0.5953125 0.6 0.5953125 0.671875 0.5234375 0.671875
5 0.803125 0.221875 0.9046875 0.221875 0.9046875 0.30625 0.803125 0.30625
5 0.1296875 0.128125 0.228125 0.128125 0.228125 0.21875 0.1296875 0.21875
5 0.128125 0.24375 0.221875 0.24375 0.221875 0.31875 0.128125 0.31875
4 0.4125 0.6765625 0.4890625 0.6765625 0.4890625 0.778125 0.4125 0.778125
4 0.2328125 0.1109375 0.33125 0.1109375 0.33125 0.221875 0.2328125 0.221875
4 0.0921875 0.6015625 0.2203125 0.6015625 0.2203125 0.690625 0.0921875 0.690625
3 0.63125 0.5125 0.7 0.5125 0.7 0.56875 0.63125 0.56875
3 0.4359375 0.7984375 0.49375 0.7984375 0.49375 0.8671875 0.4359375 0.8671875
2 0.7140625 0.328125 0.80625 0.328125 0.80625 0.4046875 0.7140625 0.4046875
2 0.690625 0.1296875 0.7796875 0.1296875 0.7796875 0.2171875 0.690625 0.2171875
2 0.4234375 0.225 0.49375 0.225 0.49375 0.3125 0.4234375 0.3125
2 0.3390625 0.5125 0.421875 0.5125 0.421875 0.5859375 0.3390625 0.5859375
1 0.7 0.68125 0.7984375 0.68125 0.7984375 0.78125 0.7 0.78125
1 0.7 0.7890625 0.809375 0.7890625 0.809375 0.896875 0.7 0.896875
1 0.6109375 0.4234375 0.7015625 0.4234375 0.7015625 0.4953125 0.6109375 0.4953125
0 0.5125 0.31875 0.5734375 0.31875 0.5734375 0.3875 0.5125 0.3875
0 0.4328125 0.5296875 0.4921875 0.5296875 0.4921875 0.590625 0.4328125 0.590625
0 0.33125 0.4234375 0.4125 0.4234375 0.4125 0.49375 0.33125 0.49375
0 0.221875 0.696875 0.3125 0.696875 0.3125 0.7734375 0.221875 0.7734375
0 0.809375 0.496875 0.903125 0.496875 0.903125 0.571875 0.809375 0.571875
6 0.803125 0.8015625 0.890625 0.8015625 0.890625 0.8953125 0.803125 0.8953125