0 0.6890625 0.790625 0.7828125 0.790625 0.7828125 0.9203125 0.6890625 0.9203125
0 0.5515625 0.78125 0.625 0.78125 0.625 0.928125 0.5515625 0.928125
0 0.4671875 0.7890625 0.546875 0.7890625 0.546875 0.9484375 0.4671875 0.9484375
0 0.4140625 0.7984375 0.4671875 0.7984375 0.4671875 0.9109375 0.4140625 0.9109375
0 0.31875 0.7984375 0.3921875 0.7984375 0.3921875 0.925 0.31875 0.925
0 0.2421875 0.7984375 0.309375 0.7984375 0.309375 0.9328125 0.2421875 0.9328125
0 0.146875 0.7953125 0.240625 0.7953125 0.240625 0.940625 0.146875 0.940625
2 0.309375 0.4984375 0.396875 0.4984375 0.396875 0.6078125 0.309375 0.6078125
2 0.2203125 0.4890625 0.309375 0.4890625 0.309375 0.603125 0.2203125 0.603125
2 0.1359375 0.490625 0.2140625 0.490625 0.2140625 0.61875 0.1359375 0.61875
3 0.634375 0.0859375 0.703125 0.0859375 0.703125 0.1765625 0.634375 0.1765625
3 0.553125 0.075 0.6140625 0.075 0.6140625 0.16875 0.553125 0.16875
3 0.4875 0.0796875 0.55 0.0796875 0.55 0.1875 0.4875 0.1875
3 0.3921875 0.0625 0.45625 0.0625 0.45625 0.1765625 0.3921875 0.1765625
3 0.3140625 0.071875 0.38125 0.071875 0.38125 0.171875 0.3140625 0.171875
3 0.2234375 0.0671875 0.303125 0.0671875 0.303125 0.1765625 0.2234375 0.1765625
3 0.1375 0.090625 0.2234375 0.090625 0.2234375 0.1875 0.1375 0.1875
5 0.7078125 0.4171875 0.7953125 0.4171875 0.7953125 0.5015625 0.7078125 0.5015625
5 0.625 0.409375 0.70625 0.409375 0.70625 0.5125 0.625 0.5125