11 0.66875 0.615625 0.7421875 0.615625 0.7421875 0.7140625 0.66875 0.7140625
11 0.65 0.2875 0.725 0.2875 0.725 0.3875 0.65 0.3875
11 0.5609375 0.28125 0.6265625 0.28125 0.6265625 0.371875 0.5609375 0.371875
11 0.4921875 0.4140625 0.55625 0.4140625 0.55625 0.5015625 0.4921875 0.5015625
11 0.5015625 0.6203125 0.565625 0.6203125 0.565625 0.7140625 0.5015625 0.7140625
11 0.4015625 0.30625 0.4765625 0.30625 0.4765625 0.4 0.4015625 0.4
11 0.3265625 0.18125 0.4 0.18125 0.4 0.284375 0.3265625 0.284375
11 0.3390625 0.615625 0.4140625 0.615625 0.4140625 0.715625 0.3390625 0.715625
11 0.246875 0.29375 0.3328125 0.29375 0.3328125 0.38125 0.246875 0.38125
11 0.2421875 0.5234375 0.3234375 0.5234375 0.3234375 0.609375 0.2421875 0.609375
11 0.153125 0.084375 0.24375 0.084375 0.24375 0.20625 0.153125 0.20625