4 0.1046875 0.2375 0.2265625 0.2375 0.2265625 0.315625 0.1046875 0.315625
4 0.8109375 0.2359375 0.9375 0.2359375 0.9375 0.3203125 0.8109375 0.3203125
4 0.134375 0.734375 0.246875 0.734375 0.246875 0.834375 0.134375 0.834375
4 0.8046875 0.7375 0.925 0.7375 0.925 0.83125 0.8046875 0.83125
1 0.5265625 0.3203125 0.615625 0.3203125 0.615625 0.3859375 0.5265625 0.3859375
6 0.3375 0.2515625 0.421875 0.2515625 0.421875 0.315625 0.3375 0.315625
6 0.43125 0.3265625 0.5125 0.3265625 0.5125 0.3921875 0.43125 0.3921875
6 0.53125 0.3984375 0.615625 0.3984375 0.615625 0.4578125 0.53125 0.4578125
6 0.3515625 0.6671875 0.4265625 0.6671875 0.4265625 0.7453125 0.3515625 0.7453125
10 0.109375 0.3921875 0.2296875 0.3921875 0.2296875 0.45625 0.109375 0.45625
10 0.3375 0.390625 0.428125 0.390625 0.428125 0.4609375 0.3375 0.4609375
10 0.8 0.465625 0.928125 0.465625 0.928125 0.5296875 0.8 0.5296875
10 0.615625 0.4609375 0.721875 0.4609375 0.721875 0.5265625 0.615625 0.5265625
10 0.5234375 0.5328125 0.6125 0.5328125 0.6125 0.6046875 0.5234375 0.6046875
10 0.621875 0.534375 0.7171875 0.534375 0.7171875 0.60625 0.621875 0.60625
9 0.3453125 0.328125 0.415625 0.328125 0.415625 0.384375 0.3453125 0.384375
9 0.4359375 0.4015625 0.50625 0.4015625 0.50625 0.45625 0.4359375 0.45625
9 0.265625 0.6015625 0.3375 0.6015625 0.3375 0.6609375 0.265625 0.6609375
9 0.3484375 0.5390625 0.4203125 0.5390625 0.4203125 0.5921875 0.3484375 0.5921875
9 0.4453125 0.6078125 0.50625 0.6078125 0.50625 0.6609375 0.4453125 0.6609375
9 0.5296875 0.66875 0.5984375 0.66875 0.5984375 0.7265625 0.5296875 0.7265625
9 0.4453125 0.7453125 0.515625 0.7453125 0.515625 0.8140625 0.4453125 0.8140625
9 0.64375 0.7453125 0.7171875 0.7453125 0.7171875 0.81875 0.64375 0.81875
9 0.796875 0.6609375 0.8796875 0.6609375 0.8796875 0.721875 0.796875 0.721875
9 0.534375 0.6046875 0.603125 0.6046875 0.603125 0.6609375 0.534375 0.6609375
7 0.13125 0.5375 0.246875 0.5375 0.246875 0.60625 0.13125 0.60625
7 0.8015625 0.59375 0.93125 0.59375 0.93125 0.675 0.8015625 0.675
7 0.803125 0.390625 0.934375 0.390625 0.934375 0.4609375 0.803125 0.4609375
7 0.615625 0.6046875 0.7265625 0.6046875 0.7265625 0.678125 0.615625 0.678125
9 0.63125 0.6671875 0.7 0.6671875 0.7 0.7265625 0.63125 0.7265625
10 0.228125 0.471875 0.325 0.471875 0.325 0.5390625 0.228125 0.5390625
7 0.43125 0.5296875 0.525 0.5296875 0.525 0.60625 0.43125 0.60625