11 0.065625 0.4484375 0.159375 0.4484375 0.159375 0.5234375 0.065625 0.5234375
11 0.321875 0.7765625 0.3875 0.7765625 0.3875 0.85 0.321875 0.85
11 0.690625 0.684375 0.784375 0.684375 0.784375 0.753125 0.690625 0.753125
11 0.7984375 0.5265625 0.875 0.5265625 0.875 0.5875 0.7984375 0.5875
9 0.196875 0.69375 0.2859375 0.69375 0.2859375 0.753125 0.196875 0.753125
9 0.2140625 0.6046875 0.2765625 0.6046875 0.2765625 0.6828125 0.2140625 0.6828125
9 0.2 0.453125 0.28125 0.453125 0.28125 0.521875 0.2 0.521875
9 0.2015625 0.3765625 0.2859375 0.3765625 0.2859375 0.4390625 0.2015625 0.4390625
9 0.190625 0.2984375 0.29375 0.2984375 0.29375 0.359375 0.190625 0.359375
9 0.3078125 0.3078125 0.3828125 0.3078125 0.3828125 0.3609375 0.3078125 0.3609375
9 0.3015625 0.221875 0.384375 0.221875 0.384375 0.290625 0.3015625 0.290625
9 0.509375 0.3890625 0.5984375 0.3890625 0.5984375 0.4421875 0.509375 0.4421875
9 0.6078125 0.321875 0.6890625 0.321875 0.6890625 0.375 0.6078125 0.375
9 0.5109375 0.7609375 0.590625 0.7609375 0.590625 0.825 0.5109375 0.825
9 0.3 0.7015625 0.384375 0.7015625 0.384375 0.759375 0.3 0.759375
8 0.3046875 0.384375 0.4015625 0.384375 0.4015625 0.44375 0.3046875 0.44375
8 0.70625 0.5109375 0.7921875 0.5109375 0.7921875 0.5953125 0.70625 0.5953125
8 0.809375 0.603125 0.90625 0.603125 0.90625 0.659375 0.809375 0.659375
8 0.7921875 0.678125 0.909375 0.678125 0.909375 0.73125 0.7921875 0.73125
7 0.515625 0.6765625 0.621875 0.6765625 0.621875 0.753125 0.515625 0.753125
6 0.403125 0.6140625 0.5 0.6140625 0.5 0.6765625 0.403125 0.6765625
6 0.5109375 0.5359375 0.6046875 0.5359375 0.6046875 0.5953125 0.5109375 0.5953125
6 0.7890625 0.38125 0.903125 0.38125 0.903125 0.440625 0.7890625 0.440625
6 0.415625 0.3875 0.5 0.3875 0.5 0.44375 0.415625 0.44375
6 0.30625 0.4609375 0.390625 0.4609375 0.390625 0.525 0.30625 0.525
5 0.7875 0.7421875 0.890625 0.7421875 0.890625 0.8109375 0.7875 0.8109375
5 0.515625 0.6078125 0.603125 0.6078125 0.603125 0.6609375 0.515625 0.6609375
3 0.303125 0.6109375 0.3921875 0.6109375 0.3921875 0.6765625 0.303125 0.6765625
3 0.5125 0.4578125 0.59375 0.4578125 0.59375 0.5078125 0.5125 0.5078125
3 0.60625 0.54375 0.678125 0.54375 0.678125 0.59375 0.60625 0.59375
3 0.6875 0.60625 0.778125 0.60625 0.778125 0.6625 0.6875 0.6625
3 0.69375 0.3796875 0.778125 0.3796875 0.778125 0.44375 0.69375 0.44375
3 0.7015625 0.30625 0.78125 0.30625 0.78125 0.36875 0.7015625 0.36875
3 0.696875 0.2296875 0.7859375 0.2296875 0.7859375 0.3015625 0.696875 0.3015625
2 0.4046875 0.5390625 0.4984375 0.5390625 0.4984375 0.59375 0.4046875 0.59375
2 0.2 0.1890625 0.2890625 0.1890625 0.2890625 0.275 0.2 0.275
2 0.5046875 0.30625 0.59375 0.30625 0.59375 0.365625 0.5046875 0.365625
0 0.296875 0.5328125 0.378125 0.5328125 0.378125 0.590625 0.296875 0.590625
0 0.4109375 0.2953125 0.5 0.2953125 0.5 0.3546875 0.4109375 0.3546875
0 0.5984375 0.4546875 0.7078125 0.4546875 0.7078125 0.5078125 0.5984375 0.5078125
0 0.7890625 0.296875 0.903125 0.296875 0.903125 0.36875 0.7890625 0.36875
0 0.403125 0.690625 0.4953125 0.690625 0.4953125 0.7578125 0.403125 0.7578125
0 0.4109375 0.765625 0.4828125 0.765625 0.4828125 0.8375 0.4109375 0.8375