6 0.6171875 0.2421875 0.6875 0.2421875 0.6875 0.3296875 0.6171875 0.3296875
6 0.6140625 0.6328125 0.6828125 0.6328125 0.6828125 0.7109375 0.6140625 0.7109375
6 0.2234375 0.840625 0.30625 0.840625 0.30625 0.9359375 0.2234375 0.9359375
6 0.7109375 0.528125 0.796875 0.528125 0.796875 0.5984375 0.7109375 0.5984375
6 0.5046875 0.4609375 0.565625 0.4609375 0.565625 0.5265625 0.5046875 0.5265625
6 0.3109375 0.1359375 0.38125 0.1359375 0.38125 0.2296875 0.3109375 0.2296875
9 0.0953125 0.1453125 0.16875 0.1453125 0.16875 0.221875 0.0953125 0.221875
9 0.4265625 0.15 0.4875 0.15 0.4875 0.221875 0.4265625 0.221875
9 0.5234375 0.1625 0.584375 0.1625 0.584375 0.240625 0.5234375 0.240625
9 0.7046875 0.1546875 0.7734375 0.1546875 0.7734375 0.2265625 0.7046875 0.2265625
9 0.6109375 0.8359375 0.6796875 0.8359375 0.6796875 0.9125 0.6109375 0.9125
9 0.715625 0.8609375 0.7859375 0.8609375 0.7859375 0.934375 0.715625 0.934375
9 0.8265625 0.8296875 0.9015625 0.8296875 0.9015625 0.903125 0.8265625 0.903125
9 0.4375 0.8296875 0.4984375 0.8296875 0.4984375 0.903125 0.4375 0.903125
9 0.1140625 0.846875 0.19375 0.846875 0.19375 0.928125 0.1140625 0.928125
9 0.3234375 0.6484375 0.3875 0.6484375 0.3875 0.7140625 0.3234375 0.7140625
9 0.2171875 0.6421875 0.28125 0.6421875 0.28125 0.7078125 0.2171875 0.7078125
9 0.8203125 0.51875 0.9015625 0.51875 0.9015625 0.5796875 0.8203125 0.5796875
9 0.59375 0.35625 0.653125 0.35625 0.653125 0.415625 0.59375 0.415625
9 0.0875 0.2578125 0.1703125 0.2578125 0.1703125 0.31875 0.0875 0.31875
3 0.521875 0.2515625 0.578125 0.2515625 0.578125 0.3203125 0.521875 0.3203125
3 0.5921875 0.15 0.6453125 0.15 0.6453125 0.225 0.5921875 0.225
3 0.7015625 0.2625 0.7734375 0.2625 0.7734375 0.328125 0.7015625 0.328125
3 0.79375 0.35 0.871875 0.35 0.871875 0.4140625 0.79375 0.4140625
3 0.415625 0.721875 0.46875 0.721875 0.46875 0.7828125 0.415625 0.7828125
3 0.815625 0.6328125 0.890625 0.6328125 0.890625 0.6921875 0.815625 0.6921875
3 0.2234375 0.56875 0.284375 0.56875 0.284375 0.6265625 0.2234375 0.6265625
3 0.103125 0.55625 0.1765625 0.55625 0.1765625 0.621875 0.103125 0.621875
3 0.1140625 0.4640625 0.1875 0.4640625 0.1875 0.5109375 0.1140625 0.5109375
3 0.1203125 0.65625 0.2015625 0.65625 0.2015625 0.7203125 0.1203125 0.7203125
3 0.715625 0.4546875 0.7796875 0.4546875 0.7796875 0.5125 0.715625 0.5125
3 0.80625 0.74375 0.8875 0.74375 0.8875 0.8 0.80625 0.8
3 0.1140625 0.740625 0.1921875 0.740625 0.1921875 0.8171875 0.1140625 0.8171875
3 0.3328125 0.8328125 0.3921875 0.8328125 0.3921875 0.9046875 0.3328125 0.9046875
10 0.396875 0.6265625 0.471875 0.6265625 0.471875 0.721875 0.396875 0.721875
10 0.2953125 0.2234375 0.3828125 0.2234375 0.3828125 0.325 0.2953125 0.325
10 0.175 0.328125 0.2828125 0.328125 0.2828125 0.4234375 0.175 0.4234375
7 0.1765625 0.225 0.284375 0.225 0.284375 0.328125 0.1765625 0.328125
7 0.40625 0.23125 0.478125 0.23125 0.478125 0.334375 0.40625 0.334375
7 0.5015625 0.3390625 0.5796875 0.3390625 0.5796875 0.425 0.5015625 0.425
11 0.20625 0.73125 0.2875 0.73125 0.2875 0.821875 0.20625 0.821875
11 0.3234375 0.721875 0.39375 0.721875 0.39375 0.809375 0.3234375 0.809375
5 0.0765625 0.3578125 0.1765625 0.3578125 0.1765625 0.4375 0.0765625 0.4375
5 0.4140625 0.3234375 0.478125 0.3234375 0.478125 0.4 0.4140625 0.4
5 0.6890625 0.340625 0.765625 0.340625 0.765625 0.409375 0.6890625 0.409375
5 0.809375 0.4140625 0.9046875 0.4140625 0.9046875 0.4828125 0.809375 0.4828125
5 0.7234375 0.628125 0.8140625 0.628125 0.8140625 0.709375 0.7234375 0.709375
5 0.4234375 0.525 0.4890625 0.525 0.4890625 0.5890625 0.4234375 0.5890625
0 0.303125 0.3625 0.36875 0.3625 0.36875 0.428125 0.303125 0.428125
0 0.309375 0.4578125 0.3796875 0.4578125 0.3796875 0.51875 0.309375 0.51875
0 0.31875 0.5359375 0.3890625 0.5359375 0.3890625 0.596875 0.31875 0.596875
0 0.521875 0.64375 0.590625 0.64375 0.590625 0.7125 0.521875 0.7125
0 0.509375 0.534375 0.5640625 0.534375 0.5640625 0.6 0.509375 0.6
4 0.796875 0.215625 0.9140625 0.215625 0.9140625 0.31875 0.796875 0.31875
4 0.18125 0.4328125 0.2765625 0.4328125 0.2765625 0.5125 0.18125 0.5125
4 0.1890625 0.1109375 0.29375 0.1109375 0.29375 0.228125 0.1890625 0.228125
1 0.6078125 0.415625 0.7015625 0.415625 0.7015625 0.4953125 0.6078125 0.4953125
1 0.6125 0.53125 0.7015625 0.53125 0.7015625 0.6078125 0.6125 0.6078125
9 0.7890625 0.1375 0.8640625 0.1375 0.8640625 0.2078125 0.7890625 0.2078125
1 0.4109375 0.453125 0.4875 0.453125 0.4875 0.5171875 0.4109375 0.5171875