9 0.790625 0.0859375 0.8703125 0.0859375 0.8703125 0.1734375 0.790625 0.1734375
9 0.80625 0.309375 0.88125 0.309375 0.88125 0.390625 0.80625 0.390625
9 0.796875 0.4234375 0.8765625 0.4234375 0.8765625 0.490625 0.796875 0.490625
9 0.784375 0.51875 0.86875 0.51875 0.86875 0.5875 0.784375 0.5875
9 0.8125 0.70625 0.89375 0.70625 0.89375 0.784375 0.8125 0.784375
9 0.6984375 0.096875 0.7671875 0.096875 0.7671875 0.1890625 0.6984375 0.1890625
9 0.696875 0.3125 0.771875 0.3125 0.771875 0.384375 0.696875 0.384375
9 0.6984375 0.421875 0.7734375 0.421875 0.7734375 0.49375 0.6984375 0.49375
9 0.69375 0.6078125 0.7671875 0.6078125 0.7671875 0.6796875 0.69375 0.6796875
9 0.6984375 0.6953125 0.7703125 0.6953125 0.7703125 0.7703125 0.6984375 0.7703125
9 0.70625 0.80625 0.7796875 0.80625 0.7796875 0.8890625 0.70625 0.8890625
9 0.590625 0.1046875 0.659375 0.1046875 0.659375 0.19375 0.590625 0.19375
9 0.5984375 0.2203125 0.6703125 0.2203125 0.6703125 0.29375 0.5984375 0.29375
9 0.609375 0.403125 0.6765625 0.403125 0.6765625 0.471875 0.609375 0.471875
9 0.584375 0.5125 0.665625 0.5125 0.665625 0.578125 0.584375 0.578125
9 0.603125 0.5953125 0.66875 0.5953125 0.66875 0.6640625 0.603125 0.6640625
9 0.5984375 0.703125 0.66875 0.703125 0.66875 0.784375 0.5984375 0.784375
9 0.5984375 0.7953125 0.678125 0.7953125 0.678125 0.8796875 0.5984375 0.8796875
9 0.4875 0.225 0.559375 0.225 0.559375 0.303125 0.4875 0.303125
9 0.503125 0.33125 0.5671875 0.33125 0.5671875 0.4046875 0.503125 0.4046875
9 0.509375 0.4234375 0.571875 0.4234375 0.571875 0.4953125 0.509375 0.4953125
9 0.490625 0.5078125 0.5640625 0.5078125 0.5640625 0.5765625 0.490625 0.5765625
9 0.4984375 0.6015625 0.5640625 0.6015625 0.5640625 0.6734375 0.4984375 0.6734375
9 0.4890625 0.696875 0.565625 0.696875 0.565625 0.7765625 0.4890625 0.7765625
9 0.50625 0.80625 0.575 0.80625 0.575 0.8890625 0.50625 0.8890625
9 0.3875 0.125 0.4484375 0.125 0.4484375 0.2109375 0.3875 0.2109375
9 0.41875 0.23125 0.4796875 0.23125 0.4796875 0.309375 0.41875 0.309375
9 0.415625 0.328125 0.4859375 0.328125 0.4859375 0.403125 0.415625 0.403125
9 0.403125 0.409375 0.46875 0.409375 0.46875 0.478125 0.403125 0.478125
9 0.4 0.5109375 0.475 0.5109375 0.475 0.575 0.4 0.575
9 0.4109375 0.603125 0.48125 0.603125 0.48125 0.675 0.4109375 0.675
9 0.409375 0.7140625 0.4796875 0.7140625 0.4796875 0.7953125 0.409375 0.7953125
9 0.4046875 0.80625 0.4765625 0.80625 0.4765625 0.89375 0.4046875 0.89375
9 0.30625 0.225 0.38125 0.225 0.38125 0.2984375 0.30625 0.2984375
9 0.3046875 0.3265625 0.3734375 0.3265625 0.3734375 0.4015625 0.3046875 0.4015625
9 0.31875 0.4203125 0.3875 0.4203125 0.3875 0.4890625 0.31875 0.4890625
9 0.3140625 0.5078125 0.3875 0.5078125 0.3875 0.571875 0.3140625 0.571875
9 0.315625 0.6109375 0.384375 0.6109375 0.384375 0.678125 0.315625 0.678125
9 0.309375 0.8 0.390625 0.8 0.390625 0.884375 0.309375 0.884375
9 0.209375 0.225 0.2859375 0.225 0.2859375 0.2984375 0.209375 0.2984375
9 0.2015625 0.3265625 0.2859375 0.3265625 0.2859375 0.3984375 0.2015625 0.3984375
9 0.1078125 0.1453125 0.196875 0.1453125 0.196875 0.2171875 0.1078125 0.2171875
9 0.1171875 0.228125 0.2015625 0.228125 0.2015625 0.3 0.1171875 0.3
9 0.11875 0.6125 0.2078125 0.6125 0.2078125 0.6875 0.11875 0.6875