4 0.8109375 0.2109375 0.953125 0.2109375 0.953125 0.3453125 0.8109375 0.3453125
3 0.3125 0.1578125 0.4 0.1578125 0.4 0.2453125 0.3125 0.2453125
3 0.4265625 0.0609375 0.4984375 0.0609375 0.4984375 0.1640625 0.4265625 0.1640625
3 0.5203125 0.0578125 0.590625 0.0578125 0.590625 0.15625 0.5203125 0.15625
3 0.625 0.0421875 0.6953125 0.0421875 0.6953125 0.1453125 0.625 0.1453125
3 0.7125 0.0484375 0.7890625 0.0484375 0.7890625 0.1515625 0.7125 0.1515625
3 0.7984375 0.065625 0.878125 0.065625 0.878125 0.1625 0.7984375 0.1625
3 0.7234375 0.1640625 0.7984375 0.1640625 0.7984375 0.2546875 0.7234375 0.2546875
3 0.61875 0.1546875 0.7078125 0.1546875 0.7078125 0.24375 0.61875 0.24375
3 0.5390625 0.2671875 0.6140625 0.2671875 0.6140625 0.346875 0.5390625 0.346875
3 0.821875 0.3375 0.9140625 0.3375 0.9140625 0.421875 0.821875 0.421875
3 0.7265625 0.453125 0.81875 0.453125 0.81875 0.5203125 0.7265625 0.5203125
3 0.853125 0.5625 0.95625 0.5625 0.95625 0.6375 0.853125 0.6375
3 0.7703125 0.6765625 0.8671875 0.6765625 0.8671875 0.753125 0.7703125 0.753125
3 0.634375 0.5546875 0.728125 0.5546875 0.728125 0.625 0.634375 0.625
3 0.421875 0.353125 0.4921875 0.353125 0.4921875 0.440625 0.421875 0.440625
3 0.415625 0.571875 0.51875 0.571875 0.51875 0.6515625 0.415625 0.6515625
3 0.434375 0.6640625 0.51875 0.6640625 0.51875 0.746875 0.434375 0.746875
3 0.084375 0.8078125 0.1859375 0.8078125 0.1859375 0.890625 0.084375 0.890625
3 0.2265625 0.0515625 0.3015625 0.0515625 0.3015625 0.15 0.2265625 0.15
3 0.2171875 0.15625 0.3 0.15625 0.3 0.25 0.2171875 0.25
3 0.125 0.1578125 0.2171875 0.1578125 0.2171875 0.2421875 0.125 0.2421875
3 0.09375 0.0421875 0.196875 0.0421875 0.196875 0.15 0.09375 0.15
3 0.1171875 0.2515625 0.209375 0.2515625 0.209375 0.3359375 0.1171875 0.3359375
9 0.315625 0.046875 0.403125 0.046875 0.403125 0.14375 0.315625 0.14375
9 0.534375 0.575 0.6140625 0.575 0.6140625 0.6515625 0.534375 0.6515625
9 0.2046875 0.571875 0.3 0.571875 0.3 0.64375 0.2046875 0.64375
9 0.090625 0.6890625 0.1875 0.6890625 0.1875 0.7640625 0.090625 0.7640625
9 0.8703125 0.7703125 0.98125 0.7703125 0.98125 0.853125 0.8703125 0.853125
8 0.3234375 0.2375 0.4171875 0.2375 0.4171875 0.3453125 0.3234375 0.3453125
8 0.0984375 0.4515625 0.2015625 0.4515625 0.2015625 0.54375 0.0984375 0.54375
8 0.7421875 0.5703125 0.865625 0.5703125 0.865625 0.65 0.7421875 0.65
11 0.63125 0.4515625 0.7328125 0.4515625 0.7328125 0.5484375 0.63125 0.5484375
5 0.54375 0.7640625 0.6546875 0.7640625 0.6546875 0.8703125 0.54375 0.8703125
2 0.090625 0.34375 0.2140625 0.34375 0.2140625 0.446875 0.090625 0.446875
2 0.5125 0.14375 0.609375 0.14375 0.609375 0.25 0.5125 0.25
2 0.321875 0.4578125 0.4203125 0.4578125 0.4203125 0.5484375 0.321875 0.5484375
2 0.321875 0.66875 0.4296875 0.66875 0.4296875 0.765625 0.321875 0.765625
5 0.625 0.25 0.73125 0.25 0.73125 0.3578125 0.625 0.3578125