0 0.8171875 0.3953125 0.928125 0.3953125 0.928125 0.453125 0.8171875 0.453125
0 0.8125 0.725 0.95 0.725 0.95 0.80625 0.8125 0.80625
0 0.7109375 0.628125 0.8109375 0.628125 0.8109375 0.690625 0.7109375 0.690625
0 0.70625 0.471875 0.8 0.471875 0.8 0.5453125 0.70625 0.5453125
0 0.6984375 0.3015625 0.8125 0.3015625 0.8125 0.3671875 0.6984375 0.3671875
0 0.590625 0.228125 0.690625 0.228125 0.690625 0.3 0.590625 0.3
0 0.59375 0.5515625 0.6890625 0.5515625 0.6890625 0.6203125 0.59375 0.6203125
2 0.496875 0.125 0.578125 0.125 0.578125 0.2125 0.496875 0.2125
2 0.484375 0.3859375 0.58125 0.3859375 0.58125 0.4578125 0.484375 0.4578125
2 0.4765625 0.703125 0.5765625 0.703125 0.5765625 0.78125 0.4765625 0.78125
5 0.0484375 0.11875 0.190625 0.11875 0.190625 0.20625 0.0484375 0.20625
5 0.03125 0.6890625 0.1546875 0.6890625 0.1546875 0.76875 0.03125 0.76875
3 0.1921875 0.228125 0.2859375 0.228125 0.2859375 0.303125 0.1921875 0.303125
3 0.1921875 0.3125 0.290625 0.3125 0.290625 0.3765625 0.1921875 0.3765625
3 0.1828125 0.3828125 0.2734375 0.3828125 0.2734375 0.43125 0.1828125 0.43125
3 0.2859375 0.4609375 0.375 0.4609375 0.375 0.51875 0.2859375 0.51875
3 0.18125 0.4640625 0.271875 0.4640625 0.271875 0.5359375 0.18125 0.5359375
3 0.190625 0.5484375 0.275 0.5484375 0.275 0.6 0.190625 0.6
3 0.1890625 0.6171875 0.2796875 0.6171875 0.2796875 0.6765625 0.1890625 0.6765625