8 0.6109375 0.4515625 0.6828125 0.4515625 0.6828125 0.5203125 0.6109375 0.5203125
8 0.840625 0.46875 0.93125 0.46875 0.93125 0.540625 0.840625 0.540625
8 0.2046875 0.496875 0.29375 0.496875 0.29375 0.5671875 0.2046875 0.5671875
8 0.309375 0.5984375 0.3890625 0.5984375 0.3890625 0.665625 0.309375 0.665625
8 0.08125 0.39375 0.1796875 0.39375 0.1796875 0.475 0.08125 0.475
8 0.5390625 0.778125 0.6109375 0.778125 0.6109375 0.871875 0.5390625 0.871875
6 0.5109375 0.2921875 0.5734375 0.2921875 0.5734375 0.3671875 0.5109375 0.3671875
6 0.596875 0.28125 0.6625 0.28125 0.6625 0.3578125 0.596875 0.3578125
6 0.4171875 0.184375 0.4765625 0.184375 0.4765625 0.275 0.4171875 0.275
6 0.071875 0.2953125 0.171875 0.2953125 0.171875 0.3765625 0.071875 0.3765625
6 0.3140625 0.7953125 0.3890625 0.7953125 0.3890625 0.878125 0.3140625 0.878125
7 0.51875 0.5890625 0.596875 0.5890625 0.596875 0.665625 0.51875 0.665625
7 0.05625 0.6953125 0.190625 0.6953125 0.190625 0.7875 0.05625 0.7875
7 0.515625 0.359375 0.5921875 0.359375 0.5921875 0.453125 0.515625 0.453125
10 0.6078125 0.3484375 0.6890625 0.3484375 0.6890625 0.4390625 0.6078125 0.4390625
10 0.2984375 0.2625 0.3953125 0.2625 0.3953125 0.375 0.2984375 0.375
10 0.8359375 0.7890625 0.9609375 0.7890625 0.9609375 0.9015625 0.8359375 0.9015625
11 0.846875 0.5796875 0.94375 0.5796875 0.94375 0.646875 0.846875 0.646875
11 0.4234375 0.6015625 0.4921875 0.6015625 0.4921875 0.665625 0.4234375 0.665625
11 0.634375 0.6828125 0.7140625 0.6828125 0.7140625 0.7640625 0.634375 0.7640625
11 0.809375 0.034375 0.8921875 0.034375 0.8921875 0.1359375 0.809375 0.1359375
0 0.4296875 0.6890625 0.4921875 0.6890625 0.4921875 0.7578125 0.4296875 0.7578125
0 0.625 0.784375 0.69375 0.784375 0.69375 0.8671875 0.625 0.8671875
0 0.740625 0.78125 0.825 0.78125 0.825 0.865625 0.740625 0.865625
5 0.3046875 0.48125 0.3796875 0.48125 0.3796875 0.5453125 0.3046875 0.5453125
5 0.3125 0.371875 0.390625 0.371875 0.390625 0.44375 0.3125 0.44375
5 0.721875 0.478125 0.803125 0.478125 0.803125 0.54375 0.721875 0.54375
5 0.8234375 0.26875 0.9171875 0.26875 0.9171875 0.353125 0.8234375 0.353125
1 0.409375 0.35625 0.49375 0.35625 0.49375 0.4515625 0.409375 0.4515625
1 0.2875 0.1515625 0.384375 0.1515625 0.384375 0.271875 0.2875 0.271875
1 0.6140625 0.5671875 0.6984375 0.5671875 0.6984375 0.6453125 0.6140625 0.6453125
2 0.3984375 0.078125 0.475 0.078125 0.475 0.171875 0.3984375 0.171875
2 0.3 0.0640625 0.3703125 0.0640625 0.3703125 0.1734375 0.3 0.1734375
5 0.1890625 0.0796875 0.275 0.0796875 0.275 0.1765625 0.1890625 0.1765625
4 0.1625 0.2796875 0.2765625 0.2796875 0.2765625 0.3765625 0.1625 0.3765625
0 0.4078125 0.265625 0.4703125 0.265625 0.4703125 0.34375 0.4078125 0.34375
0 0.3203125 0.6921875 0.3890625 0.6921875 0.3890625 0.7640625 0.3203125 0.7640625
2 0.171875 0.78125 0.2734375 0.78125 0.2734375 0.8625 0.171875 0.8625
3 0.221875 0.6875 0.284375 0.6875 0.284375 0.746875 0.221875 0.746875
3 0.215625 0.61875 0.278125 0.61875 0.278125 0.66875 0.215625 0.66875
9 0.4171875 0.7953125 0.4734375 0.7953125 0.4734375 0.8609375 0.4171875 0.8609375
9 0.1109375 0.8046875 0.1828125 0.8046875 0.1828125 0.865625 0.1109375 0.865625
9 0.515625 0.684375 0.571875 0.684375 0.571875 0.7421875 0.515625 0.7421875
9 0.1125 0.625 0.1859375 0.625 0.1859375 0.678125 0.1125 0.678125
9 0.8375 0.6703125 0.9125 0.6703125 0.9125 0.728125 0.8375 0.728125
6 0.703125 0.55 0.7828125 0.55 0.7828125 0.6109375 0.703125 0.6109375
9 0.70625 0.0765625 0.7625 0.0765625 0.7625 0.153125 0.70625 0.153125
9 0.584375 0.1875 0.640625 0.1875 0.640625 0.25625 0.584375 0.25625
9 0.5171875 0.1 0.571875 0.1 0.571875 0.178125 0.5171875 0.178125
2 0.71875 0.275 0.80625 0.275 0.80625 0.35625 0.71875 0.35625
5 0.7078125 0.15 0.7875 0.15 0.7875 0.240625 0.7078125 0.240625
3 0.8140625 0.1625 0.88125 0.1625 0.88125 0.234375 0.8140625 0.234375
3 0.5890625 0.078125 0.640625 0.078125 0.640625 0.1546875 0.5890625 0.1546875
3 0.5203125 0.1875 0.5703125 0.1875 0.5703125 0.25625 0.5203125 0.25625
3 0.2140625 0.2109375 0.28125 0.2109375 0.28125 0.2796875 0.2140625 0.2796875
9 0.0921875 0.203125 0.1640625 0.203125 0.1640625 0.271875 0.0921875 0.271875
9 0.0953125 0.0984375 0.16875 0.0984375 0.16875 0.171875 0.0953125 0.171875
4 0.728125 0.6671875 0.834375 0.6671875 0.834375 0.75625 0.728125 0.75625
4 0.521875 0.46875 0.596875 0.46875 0.596875 0.546875 0.521875 0.546875
3 0.7234375 0.384375 0.78125 0.384375 0.78125 0.44375 0.7234375 0.44375
9 0.81875 0.3890625 0.8890625 0.3890625 0.8890625 0.446875 0.81875 0.446875
3 0.403125 0.5109375 0.459375 0.5109375 0.459375 0.5625 0.403125 0.5625
3 0.121875 0.5078125 0.2 0.5078125 0.2 0.5640625 0.121875 0.5640625
3 0.2140625 0.4171875 0.284375 0.4171875 0.284375 0.4765625 0.2140625 0.4765625