2 0.2296875 0.546875 0.3140625 0.546875 0.3140625 0.6375 0.2296875 0.6375
2 0.4203125 0.6453125 0.503125 0.6453125 0.503125 0.7359375 0.4203125 0.7359375
2 0.6140625 0.5515625 0.6984375 0.5515625 0.6984375 0.6390625 0.6140625 0.6390625
2 0.5125 0.64375 0.5859375 0.64375 0.5859375 0.73125 0.5125 0.73125
2 0.8046875 0.6453125 0.8921875 0.6453125 0.8921875 0.75 0.8046875 0.75
2 0.0984375 0.7359375 0.1828125 0.7359375 0.1828125 0.85625 0.0984375 0.85625
2 0.225 0.7390625 0.3078125 0.7390625 0.3078125 0.84375 0.225 0.84375
2 0.7046875 0.7375 0.7875 0.7375 0.7875 0.85625 0.7046875 0.85625
2 0.6125 0.8375 0.7046875 0.8375 0.7046875 0.94375 0.6125 0.94375
2 0.5140625 0.73125 0.5921875 0.73125 0.5921875 0.846875 0.5140625 0.846875
2 0.4203125 0.8359375 0.5078125 0.8359375 0.5078125 0.965625 0.4203125 0.965625
2 0.21875 0.8421875 0.3015625 0.8421875 0.3015625 0.953125 0.21875 0.953125
8 0.0984375 0.115625 0.2046875 0.115625 0.2046875 0.2171875 0.0984375 0.2171875
8 0.215625 0.1265625 0.3046875 0.1265625 0.3046875 0.234375 0.215625 0.234375
8 0.3203125 0.1203125 0.3984375 0.1203125 0.3984375 0.2234375 0.3203125 0.2234375
8 0.4203125 0.140625 0.4984375 0.140625 0.4984375 0.228125 0.4203125 0.228125
8 0.5234375 0.1296875 0.5921875 0.1296875 0.5921875 0.2359375 0.5234375 0.2359375
8 0.6109375 0.2421875 0.6921875 0.2421875 0.6921875 0.3359375 0.6109375 0.3359375
8 0.8109375 0.115625 0.921875 0.115625 0.921875 0.2234375 0.8109375 0.2234375
8 0.7203125 0.2421875 0.8140625 0.2421875 0.8140625 0.3328125 0.7203125 0.3328125
8 0.7046875 0.34375 0.7890625 0.34375 0.7890625 0.4328125 0.7046875 0.4328125
8 0.5234375 0.3453125 0.59375 0.3453125 0.59375 0.4265625 0.5234375 0.4265625
8 0.425 0.2421875 0.5109375 0.2421875 0.5109375 0.325 0.425 0.325
8 0.23125 0.24375 0.3203125 0.24375 0.3203125 0.3421875 0.23125 0.3421875
8 0.21875 0.3484375 0.3078125 0.3484375 0.3078125 0.4296875 0.21875 0.4296875
8 0.1203125 0.440625 0.21875 0.440625 0.21875 0.5171875 0.1203125 0.5171875
8 0.3265625 0.4515625 0.4046875 0.4515625 0.4046875 0.528125 0.3265625 0.528125
8 0.8140625 0.4453125 0.9078125 0.4453125 0.9078125 0.5234375 0.8140625 0.5234375