3 0.4125 0.815625 0.475 0.815625 0.475 0.9125 0.4125 0.9125
3 0.4078125 0.7234375 0.4671875 0.7234375 0.4671875 0.8015625 0.4078125 0.8015625
3 0.4109375 0.6125 0.4734375 0.6125 0.4734375 0.6921875 0.4109375 0.6921875
3 0.415625 0.5078125 0.4734375 0.5078125 0.4734375 0.584375 0.415625 0.584375
3 0.4140625 0.403125 0.4734375 0.403125 0.4734375 0.4828125 0.4140625 0.4828125
3 0.415625 0.296875 0.471875 0.296875 0.471875 0.38125 0.415625 0.38125
3 0.4140625 0.190625 0.4765625 0.190625 0.4765625 0.2875 0.4140625 0.2875
1 0.4875 0.590625 0.5625 0.590625 0.5625 0.696875 0.4875 0.696875
1 0.5609375 0.490625 0.6390625 0.490625 0.6390625 0.584375 0.5609375 0.584375
1 0.4828125 0.49375 0.5609375 0.49375 0.5609375 0.584375 0.4828125 0.584375
1 0.325 0.6 0.396875 0.6 0.396875 0.7109375 0.325 0.7109375
0 0.3359375 0.5015625 0.4015625 0.5015625 0.4015625 0.5890625 0.3359375 0.5890625
0 0.33125 0.3875 0.396875 0.3875 0.396875 0.475 0.33125 0.475
5 0.5625 0.3875 0.640625 0.3875 0.640625 0.46875 0.5625 0.46875
5 0.4875 0.38125 0.5578125 0.38125 0.5578125 0.4734375 0.4875 0.4734375
4 0.5625 0.5921875 0.659375 0.5921875 0.659375 0.6921875 0.5625 0.6921875
2 0.4796875 0.0578125 0.5515625 0.0578125 0.5515625 0.1765625 0.4796875 0.1765625
2 0.4046875 0.053125 0.4703125 0.053125 0.4703125 0.178125 0.4046875 0.178125
2 0.315625 0.05 0.3859375 0.05 0.3859375 0.1765625 0.315625 0.1765625
2 0.2390625 0.0515625 0.309375 0.0515625 0.309375 0.171875 0.2390625 0.171875