11 0.425 0.28125 0.4859375 0.28125 0.4859375 0.365625 0.425 0.365625
11 0.846875 0.2953125 0.9359375 0.2953125 0.9359375 0.39375 0.846875 0.39375
10 0.6296875 0.01875 0.7359375 0.01875 0.7359375 0.1390625 0.6296875 0.1390625
6 0.5 0.5171875 0.575 0.5171875 0.575 0.596875 0.5 0.596875
6 0.625 0.15625 0.7078125 0.15625 0.7078125 0.2484375 0.625 0.2484375
7 0.8421875 0.1453125 0.975 0.1453125 0.975 0.2640625 0.8421875 0.2640625
8 0.40625 0.134375 0.4796875 0.134375 0.4796875 0.2453125 0.40625 0.2453125
8 0.5125 0.16875 0.59375 0.16875 0.59375 0.265625 0.5125 0.265625
8 0.2875 0.365625 0.365625 0.365625 0.365625 0.4453125 0.2875 0.4453125
8 0.7578125 0.0390625 0.8421875 0.0390625 0.8421875 0.1578125 0.7578125 0.1578125
9 0.634375 0.428125 0.6953125 0.428125 0.6953125 0.4953125 0.634375 0.4953125
9 0.428125 0.046875 0.4875 0.046875 0.4875 0.134375 0.428125 0.134375
3 0.83125 0.4328125 0.89375 0.4328125 0.89375 0.5109375 0.83125 0.5109375
3 0.8515625 0.0625 0.928125 0.0625 0.928125 0.146875 0.8515625 0.146875
2 0.5390625 0.0109375 0.596875 0.0109375 0.596875 0.1328125 0.5390625 0.1328125
2 0.3171875 0.0078125 0.384375 0.0078125 0.384375 0.1265625 0.3171875 0.1265625
0 0.7109375 0.403125 0.7984375 0.403125 0.7984375 0.475 0.7109375 0.475
1 0.61875 0.2828125 0.71875 0.2828125 0.71875 0.3765625 0.61875 0.3765625
4 0.73125 0.30625 0.8421875 0.30625 0.8421875 0.396875 0.73125 0.396875
4 0.715625 0.1390625 0.825 0.1390625 0.825 0.2546875 0.715625 0.2546875
5 0.328125 0.271875 0.3984375 0.271875 0.3984375 0.35625 0.328125 0.35625
5 0.3296875 0.1546875 0.390625 0.1546875 0.390625 0.25 0.3296875 0.25
7 0.5125 0.2703125 0.59375 0.2703125 0.59375 0.36875 0.5125 0.36875
10 0.5046875 0.3984375 0.58125 0.3984375 0.58125 0.4796875 0.5046875 0.4796875
1 0.4140625 0.3828125 0.484375 0.3828125 0.484375 0.4671875 0.4140625 0.4671875