3 0.23125 0.8296875 0.3 0.8296875 0.3 0.9140625 0.23125 0.9140625
3 0.30625 0.846875 0.3625 0.846875 0.3625 0.9265625 0.30625 0.9265625
3 0.234375 0.3328125 0.303125 0.3328125 0.303125 0.40625 0.234375 0.40625
3 0.2328125 0.13125 0.2984375 0.13125 0.2984375 0.2203125 0.2328125 0.2203125
3 0.3109375 0.128125 0.3609375 0.128125 0.3609375 0.215625 0.3109375 0.215625
3 0.390625 0.134375 0.45 0.134375 0.45 0.21875 0.390625 0.21875
3 0.6890625 0.10625 0.746875 0.10625 0.746875 0.20625 0.6890625 0.20625
3 0.7625 0.0953125 0.834375 0.0953125 0.834375 0.196875 0.7625 0.196875
3 0.69375 0.31875 0.753125 0.31875 0.753125 0.396875 0.69375 0.396875
3 0.61875 0.446875 0.66875 0.446875 0.66875 0.5078125 0.61875 0.5078125
3 0.76875 0.6359375 0.8453125 0.6359375 0.8453125 0.7078125 0.76875 0.7078125
3 0.6828125 0.8390625 0.7453125 0.8390625 0.7453125 0.928125 0.6828125 0.928125
3 0.6015625 0.825 0.659375 0.825 0.659375 0.9265625 0.6015625 0.9265625
3 0.3890625 0.325 0.4453125 0.325 0.4453125 0.4125 0.3890625 0.4125
3 0.7625 0.8328125 0.840625 0.8328125 0.840625 0.93125 0.7625 0.93125
8 0.690625 0.6296875 0.765625 0.6296875 0.765625 0.7234375 0.690625 0.7234375
8 0.453125 0.415625 0.51875 0.415625 0.51875 0.490625 0.453125 0.490625
4 0.371875 0.621875 0.4453125 0.621875 0.4453125 0.71875 0.371875 0.71875
5 0.2921875 0.521875 0.371875 0.521875 0.371875 0.609375 0.2921875 0.609375
5 0.4578125 0.728125 0.5234375 0.728125 0.5234375 0.83125 0.4578125 0.83125
2 0.5296875 0.6234375 0.5953125 0.6234375 0.5953125 0.7328125 0.5296875 0.7328125
2 0.53125 0.528125 0.596875 0.528125 0.596875 0.6109375 0.53125 0.6109375
2 0.609375 0.5296875 0.6828125 0.5296875 0.6828125 0.6125 0.609375 0.6125
2 0.5359375 0.421875 0.59375 0.421875 0.59375 0.50625 0.5359375 0.50625