0 0.4609375 0.3875 0.5328125 0.3875 0.5328125 0.4828125 0.4609375 0.4828125
0 0.684375 0.1625 0.7671875 0.1625 0.7671875 0.28125 0.684375 0.28125
1 0.378125 0.2875 0.45625 0.2875 0.45625 0.3828125 0.378125 0.3828125
1 0.2078125 0.80625 0.2984375 0.80625 0.2984375 0.9375 0.2078125 0.9375
1 0.2984375 0.6890625 0.3765625 0.6890625 0.3765625 0.8203125 0.2984375 0.8203125
1 0.3859375 0.5875 0.453125 0.5875 0.453125 0.6828125 0.3859375 0.6828125
2 0.609375 0.2859375 0.6828125 0.2859375 0.6828125 0.3828125 0.609375 0.3828125
2 0.6125 0.684375 0.6921875 0.684375 0.6921875 0.784375 0.6125 0.784375
2 0.3875 0.7984375 0.4625 0.7984375 0.4625 0.915625 0.3875 0.915625
2 0.4734375 0.7890625 0.5359375 0.7890625 0.5359375 0.8984375 0.4734375 0.8984375
3 0.23125 0.1890625 0.3015625 0.1890625 0.3015625 0.2859375 0.23125 0.2859375
3 0.309375 0.2875 0.371875 0.2875 0.371875 0.390625 0.309375 0.390625
3 0.4640625 0.2890625 0.5328125 0.2890625 0.5328125 0.3828125 0.4640625 0.3828125
3 0.6125 0.4875 0.6859375 0.4875 0.6859375 0.58125 0.6125 0.58125
3 0.3078125 0.3984375 0.3796875 0.3984375 0.3796875 0.4875 0.3078125 0.4875
3 0.465625 0.590625 0.5328125 0.590625 0.5328125 0.684375 0.465625 0.684375
3 0.76875 0.69375 0.84375 0.69375 0.84375 0.784375 0.76875 0.784375
4 0.4625 0.4921875 0.534375 0.4921875 0.534375 0.5828125 0.4625 0.5828125
5 0.5390625 0.3859375 0.60625 0.3859375 0.60625 0.48125 0.5390625 0.48125
5 0.6125 0.5890625 0.6859375 0.5890625 0.6859375 0.678125 0.6125 0.678125
6 0.5421875 0.4921875 0.603125 0.4921875 0.603125 0.584375 0.5421875 0.584375
6 0.540625 0.6859375 0.609375 0.6859375 0.609375 0.790625 0.540625 0.790625
6 0.534375 0.18125 0.609375 0.18125 0.609375 0.2765625 0.534375 0.2765625
6 0.6921875 0.384375 0.7703125 0.384375 0.7703125 0.4828125 0.6921875 0.4828125
8 0.38125 0.06875 0.4546875 0.06875 0.4546875 0.1828125 0.38125 0.1828125
8 0.696875 0.5828125 0.76875 0.5828125 0.76875 0.6890625 0.696875 0.6890625
9 0.3875 0.3921875 0.453125 0.3921875 0.453125 0.4859375 0.3875 0.4859375
9 0.3890625 0.49375 0.4578125 0.49375 0.4578125 0.578125 0.3890625 0.578125
9 0.459375 0.1765625 0.5265625 0.1765625 0.5265625 0.2828125 0.459375 0.2828125
9 0.690625 0.7984375 0.759375 0.7984375 0.759375 0.909375 0.690625 0.909375
10 0.615625 0.3859375 0.684375 0.3859375 0.684375 0.4828125 0.615625 0.4828125
11 0.221875 0.2859375 0.303125 0.2859375 0.303125 0.3890625 0.221875 0.3890625
11 0.309375 0.496875 0.378125 0.496875 0.378125 0.590625 0.309375 0.590625
11 0.390625 0.690625 0.459375 0.690625 0.459375 0.790625 0.390625 0.790625