3 0.865625 0.0484375 0.9625 0.0484375 0.9625 0.1515625 0.865625 0.1515625
3 0.7515625 0.05625 0.8390625 0.05625 0.8390625 0.15 0.7515625 0.15
3 0.759375 0.2765625 0.84375 0.2765625 0.84375 0.3484375 0.759375 0.3484375
3 0.85625 0.603125 0.946875 0.603125 0.946875 0.6765625 0.85625 0.6765625
3 0.753125 0.49375 0.846875 0.49375 0.846875 0.5609375 0.753125 0.5609375
3 0.85 0.7015625 0.9453125 0.7015625 0.9453125 0.7765625 0.85 0.7765625
3 0.88125 0.8125 0.990625 0.8125 0.990625 0.903125 0.88125 0.903125
3 0.7625 0.7015625 0.846875 0.7015625 0.846875 0.7828125 0.7625 0.7828125
3 0.7609375 0.8109375 0.8453125 0.8109375 0.8453125 0.9 0.7609375 0.9
3 0.653125 0.7078125 0.734375 0.7078125 0.734375 0.784375 0.653125 0.784375
3 0.559375 0.809375 0.6296875 0.809375 0.6296875 0.8984375 0.559375 0.8984375
3 0.4546875 0.8125 0.521875 0.8125 0.521875 0.903125 0.4546875 0.903125
3 0.3421875 0.7078125 0.4171875 0.7078125 0.4171875 0.79375 0.3421875 0.79375
3 0.346875 0.8203125 0.421875 0.8203125 0.421875 0.9203125 0.346875 0.9203125
3 0.221875 0.165625 0.296875 0.165625 0.296875 0.2484375 0.221875 0.2484375
3 0.11875 0.1734375 0.203125 0.1734375 0.203125 0.2578125 0.11875 0.2578125
3 0.1125 0.2875 0.203125 0.2875 0.203125 0.3625 0.1125 0.3625
3 0.125 0.5171875 0.2125 0.5171875 0.2125 0.584375 0.125 0.584375
3 0.1234375 0.7171875 0.2078125 0.7171875 0.2078125 0.7953125 0.1234375 0.7953125
3 0.1421875 0.8140625 0.2234375 0.8140625 0.2234375 0.903125 0.1421875 0.903125
3 0.2484375 0.409375 0.3296875 0.409375 0.3296875 0.48125 0.2484375 0.48125
3 0.2359375 0.60625 0.3203125 0.60625 0.3203125 0.675 0.2359375 0.675
3 0.2390625 0.8171875 0.3171875 0.8171875 0.3171875 0.903125 0.2390625 0.903125
9 0.865625 0.175 0.9578125 0.175 0.9578125 0.25625 0.865625 0.25625
9 0.8671875 0.28125 0.9578125 0.28125 0.9578125 0.3609375 0.8671875 0.3609375
9 0.6625 0.8171875 0.74375 0.8171875 0.74375 0.915625 0.6625 0.915625
9 0.2484375 0.5046875 0.3265625 0.5046875 0.3265625 0.58125 0.2484375 0.58125
9 0.1109375 0.0546875 0.2046875 0.0546875 0.2046875 0.1546875 0.1109375 0.1546875
8 0.85625 0.384375 0.9703125 0.384375 0.9703125 0.471875 0.85625 0.471875
8 0.75 0.584375 0.85 0.584375 0.85 0.678125 0.75 0.678125
8 0.209375 0.2703125 0.3203125 0.2703125 0.3203125 0.3609375 0.209375 0.3609375
2 0.8546875 0.490625 0.971875 0.490625 0.971875 0.58125 0.8546875 0.58125
2 0.75 0.36875 0.85 0.36875 0.85 0.4625 0.75 0.4625
2 0.7546875 0.159375 0.8578125 0.159375 0.8578125 0.2703125 0.7546875 0.2703125
2 0.44375 0.6953125 0.5375 0.6953125 0.5375 0.80625 0.44375 0.80625
5 0.228125 0.021875 0.325 0.021875 0.325 0.1484375 0.228125 0.1484375
5 0.0953125 0.384375 0.2109375 0.384375 0.2109375 0.471875 0.0953125 0.471875
11 0.228125 0.709375 0.325 0.709375 0.325 0.8125 0.228125 0.8125
4 0.0765625 0.6 0.2203125 0.6 0.2203125 0.703125 0.0765625 0.703125