0 0.2796875 0.48125 0.3640625 0.48125 0.3640625 0.540625 0.2796875 0.540625
0 0.2765625 0.3421875 0.365625 0.3421875 0.365625 0.4046875 0.2765625 0.4046875
0 0.165625 0.275 0.2703125 0.275 0.2703125 0.3375 0.165625 0.3375
0 0.759375 0.3296875 0.8546875 0.3296875 0.8546875 0.4078125 0.759375 0.4078125
0 0.75625 0.4109375 0.8609375 0.4109375 0.8609375 0.4828125 0.75625 0.4828125
0 0.45 0.484375 0.553125 0.484375 0.553125 0.553125 0.45 0.553125
2 0.3625 0.621875 0.4453125 0.621875 0.4453125 0.690625 0.3625 0.690625
2 0.3578125 0.6921875 0.4484375 0.6921875 0.4484375 0.7640625 0.3578125 0.7640625
2 0.165625 0.5453125 0.275 0.5453125 0.275 0.6296875 0.165625 0.6296875
3 0.1859375 0.6890625 0.2765625 0.6890625 0.2765625 0.75 0.1859375 0.75
3 0.1828125 0.6234375 0.2765625 0.6234375 0.2765625 0.678125 0.1828125 0.678125
3 0.365625 0.4890625 0.4453125 0.4890625 0.4453125 0.5453125 0.365625 0.5453125
3 0.284375 0.4203125 0.359375 0.4203125 0.359375 0.4734375 0.284375 0.4734375
3 0.2015625 0.340625 0.271875 0.340625 0.271875 0.4109375 0.2015625 0.4109375
3 0.671875 0.4921875 0.753125 0.4921875 0.753125 0.5453125 0.671875 0.5453125
3 0.759375 0.1671875 0.8671875 0.1671875 0.8671875 0.2375 0.759375 0.2375
0 0.4625 0.253125 0.540625 0.253125 0.540625 0.325 0.4625 0.325
6 0.7484375 0.6328125 0.84375 0.6328125 0.84375 0.7046875 0.7484375 0.7046875
6 0.4703125 0.5578125 0.55 0.5578125 0.55 0.621875 0.4703125 0.621875
6 0.3546875 0.5703125 0.4625 0.5703125 0.4625 0.6140625 0.3546875 0.6140625
6 0.36875 0.4203125 0.453125 0.4203125 0.453125 0.48125 0.36875 0.48125
6 0.0859375 0.3390625 0.1875 0.3390625 0.1875 0.4 0.0859375 0.4
7 0.7140625 0.703125 0.853125 0.703125 0.853125 0.8 0.7140625 0.8
8 0.7640625 0.4859375 0.875 0.4859375 0.875 0.5578125 0.7640625 0.5578125
8 0.453125 0.4171875 0.55625 0.4171875 0.55625 0.4828125 0.453125 0.4828125
8 0.565625 0.4109375 0.653125 0.4109375 0.653125 0.4890625 0.565625 0.4890625
9 0.371875 0.340625 0.45625 0.340625 0.45625 0.409375 0.371875 0.409375
9 0.640625 0.7 0.721875 0.7 0.721875 0.759375 0.640625 0.759375
9 0.646875 0.6203125 0.73125 0.6203125 0.73125 0.6828125 0.646875 0.6828125
9 0.575 0.334375 0.646875 0.334375 0.646875 0.409375 0.575 0.409375
9 0.5515625 0.25 0.6171875 0.25 0.6171875 0.3328125 0.5515625 0.3328125
9 0.4734375 0.625 0.5640625 0.625 0.5640625 0.6890625 0.4734375 0.6890625
9 0.465625 0.690625 0.5609375 0.690625 0.5609375 0.765625 0.465625 0.765625
9 0.26875 0.6921875 0.346875 0.6921875 0.346875 0.7703125 0.26875 0.7703125
9 0.284375 0.621875 0.3625 0.621875 0.3625 0.68125 0.284375 0.68125
9 0.278125 0.5546875 0.34375 0.5546875 0.34375 0.6203125 0.278125 0.6203125
9 0.4703125 0.3421875 0.5328125 0.3421875 0.5328125 0.4046875 0.4703125 0.4046875
11 0.74375 0.56875 0.853125 0.56875 0.853125 0.634375 0.74375 0.634375
11 0.1828125 0.4171875 0.271875 0.4171875 0.271875 0.4703125 0.1828125 0.4703125
11 0.171875 0.478125 0.271875 0.478125 0.271875 0.540625 0.171875 0.540625
11 0.0921875 0.4125 0.1828125 0.4125 0.1828125 0.478125 0.0921875 0.478125
5 0.7515625 0.25 0.8578125 0.25 0.8578125 0.3203125 0.7515625 0.3203125
5 0.28125 0.25 0.365625 0.25 0.365625 0.3390625 0.28125 0.3390625
9 0.371875 0.2421875 0.4484375 0.2421875 0.4484375 0.3265625 0.371875 0.3265625