11 0.3078125 0.1 0.384375 0.1 0.384375 0.2015625 0.3078125 0.2015625
11 0.8078125 0.08125 0.896875 0.08125 0.896875 0.1828125 0.8078125 0.1828125
11 0.6953125 0.0875 0.7859375 0.0875 0.7859375 0.1921875 0.6953125 0.1921875
11 0.0828125 0.6015625 0.1875 0.6015625 0.1875 0.6734375 0.0828125 0.6734375
10 0.2921875 0.1828125 0.3890625 0.1828125 0.3890625 0.296875 0.2921875 0.296875
10 0.6015625 0.603125 0.690625 0.603125 0.690625 0.70625 0.6015625 0.70625
10 0.378125 0.8140625 0.475 0.8140625 0.475 0.94375 0.378125 0.94375
9 0.5984375 0.2109375 0.6625 0.2109375 0.6625 0.290625 0.5984375 0.290625
8 0.4953125 0.2984375 0.575 0.2984375 0.575 0.39375 0.4953125 0.39375
8 0.1828125 0.4078125 0.2828125 0.4078125 0.2828125 0.478125 0.1828125 0.478125
8 0.7875 0.709375 0.896875 0.709375 0.896875 0.79375 0.7875 0.79375
8 0.6984375 0.8140625 0.8 0.8140625 0.8 0.9140625 0.6984375 0.9140625
8 0.09375 0.5140625 0.1953125 0.5140625 0.1953125 0.5921875 0.09375 0.5921875
8 0.5875 0.3125 0.659375 0.3125 0.659375 0.3984375 0.5875 0.3984375
7 0.4109375 0.615625 0.4921875 0.615625 0.4921875 0.709375 0.4109375 0.709375
7 0.7015625 0.1671875 0.8125 0.1671875 0.8125 0.2875 0.7015625 0.2875
7 0.4984375 0.8203125 0.578125 0.8203125 0.578125 0.9609375 0.4984375 0.9609375
6 0.415625 0.1140625 0.4796875 0.1140625 0.4796875 0.2046875 0.415625 0.2046875
6 0.096875 0.4125 0.190625 0.4125 0.190625 0.4875 0.096875 0.4875
6 0.7875 0.61875 0.8828125 0.61875 0.8828125 0.69375 0.7875 0.69375
6 0.61875 0.725 0.6875 0.725 0.6875 0.80625 0.61875 0.80625
6 0.396875 0.7203125 0.4703125 0.7203125 0.4703125 0.80625 0.396875 0.80625
6 0.81875 0.8046875 0.91875 0.8046875 0.91875 0.9078125 0.81875 0.9078125
5 0.4 0.390625 0.475 0.390625 0.475 0.4703125 0.4 0.4703125
5 0.50625 0.19375 0.5765625 0.19375 0.5765625 0.2828125 0.50625 0.2828125
5 0.5078125 0.0921875 0.5765625 0.0921875 0.5765625 0.190625 0.5078125 0.190625
5 0.41875 0.1984375 0.484375 0.1984375 0.484375 0.29375 0.41875 0.29375
5 0.225 0.1953125 0.3078125 0.1953125 0.3078125 0.290625 0.225 0.290625
5 0.8140625 0.18125 0.91875 0.18125 0.91875 0.2890625 0.8140625 0.2890625
4 0.034375 0.7046875 0.1765625 0.7046875 0.1765625 0.815625 0.034375 0.815625
4 0.2578125 0.7 0.375 0.7 0.375 0.809375 0.2578125 0.809375
4 0.6046875 0.828125 0.6890625 0.828125 0.6890625 0.9640625 0.6046875 0.9640625
3 0.7046875 0.609375 0.7703125 0.609375 0.7703125 0.684375 0.7046875 0.684375
3 0.109375 0.09375 0.19375 0.09375 0.19375 0.184375 0.109375 0.184375
2 0.2109375 0.084375 0.284375 0.084375 0.284375 0.1984375 0.2109375 0.1984375
2 0.5953125 0.096875 0.68125 0.096875 0.68125 0.203125 0.5953125 0.203125
2 0.59375 0.4046875 0.671875 0.4046875 0.671875 0.4828125 0.59375 0.4828125
2 0.1984375 0.5171875 0.2875 0.5171875 0.2875 0.590625 0.1984375 0.590625
1 0.290625 0.50625 0.3859375 0.50625 0.3859375 0.5859375 0.290625 0.5859375
1 0.68125 0.5234375 0.784375 0.5234375 0.784375 0.6078125 0.68125 0.6078125
1 0.50625 0.603125 0.5828125 0.603125 0.5828125 0.6921875 0.50625 0.6921875
0 0.303125 0.4296875 0.3765625 0.4296875 0.3765625 0.4953125 0.303125 0.4953125
0 0.2078125 0.325 0.29375 0.325 0.29375 0.3953125 0.2078125 0.3953125
0 0.7078125 0.425 0.790625 0.425 0.790625 0.49375 0.7078125 0.49375
0 0.184375 0.615625 0.278125 0.615625 0.278125 0.690625 0.184375 0.690625
0 0.409375 0.3078125 0.4734375 0.3078125 0.4734375 0.3890625 0.409375 0.3890625