8 0.1 0.115625 0.2 0.115625 0.2 0.2125 0.1 0.2125
8 0.2140625 0.1203125 0.3109375 0.1203125 0.3109375 0.209375 0.2140625 0.209375
8 0.6265625 0.31875 0.7140625 0.31875 0.7140625 0.390625 0.6265625 0.390625
8 0.73125 0.709375 0.834375 0.709375 0.834375 0.79375 0.73125 0.79375
8 0.725 0.80625 0.81875 0.80625 0.81875 0.8953125 0.725 0.8953125
8 0.6171875 0.421875 0.7046875 0.421875 0.7046875 0.49375 0.6171875 0.49375
0 0.7109375 0.11875 0.7953125 0.11875 0.7953125 0.2078125 0.7109375 0.2078125
0 0.703125 0.2296875 0.7875 0.2296875 0.7875 0.309375 0.703125 0.309375
0 0.5203125 0.234375 0.5859375 0.234375 0.5859375 0.3140625 0.5203125 0.3140625
0 0.5234375 0.33125 0.5890625 0.33125 0.5890625 0.396875 0.5234375 0.396875
0 0.115625 0.6375 0.2125 0.6375 0.2125 0.7125 0.115625 0.7125
4 0.8109375 0.0703125 0.9359375 0.0703125 0.9359375 0.1984375 0.8109375 0.1984375
4 0.175 0.33125 0.290625 0.33125 0.290625 0.41875 0.175 0.41875
4 0.515625 0.61875 0.590625 0.61875 0.590625 0.715625 0.515625 0.715625
6 0.1015625 0.23125 0.1984375 0.23125 0.1984375 0.309375 0.1015625 0.309375
6 0.325 0.325 0.396875 0.325 0.396875 0.390625 0.325 0.390625
6 0.734375 0.334375 0.81875 0.334375 0.81875 0.4015625 0.734375 0.4015625
6 0.7171875 0.5203125 0.8015625 0.5203125 0.8015625 0.5859375 0.7171875 0.5859375
6 0.6359375 0.709375 0.7078125 0.709375 0.7078125 0.79375 0.6359375 0.79375
6 0.21875 0.7046875 0.303125 0.7046875 0.303125 0.7921875 0.21875 0.7921875
3 0.23125 0.259375 0.3 0.259375 0.3 0.321875 0.23125 0.321875
3 0.54375 0.446875 0.603125 0.446875 0.603125 0.5046875 0.54375 0.5046875
9 0.3171875 0.2453125 0.3796875 0.2453125 0.3796875 0.3109375 0.3171875 0.3109375
10 0.41875 0.2125 0.5 0.2125 0.5 0.31875 0.41875 0.31875
10 0.4203125 0.5125 0.5 0.5125 0.5 0.59375 0.4203125 0.59375
10 0.8171875 0.8046875 0.9421875 0.8046875 0.9421875 0.9375 0.8171875 0.9375
2 0.6125 0.215625 0.684375 0.215625 0.684375 0.3078125 0.6125 0.3078125
2 0.71875 0.421875 0.809375 0.421875 0.809375 0.49375 0.71875 0.49375
2 0.6203125 0.525 0.6921875 0.525 0.6921875 0.5953125 0.6203125 0.5953125
2 0.4265625 0.6234375 0.4984375 0.6234375 0.4984375 0.6984375 0.4265625 0.6984375
11 0.4375 0.3328125 0.509375 0.3328125 0.509375 0.4078125 0.4375 0.4078125
11 0.4390625 0.434375 0.50625 0.434375 0.50625 0.5 0.4390625 0.5
11 0.35 0.528125 0.421875 0.528125 0.421875 0.6 0.35 0.6
11 0.434375 0.7265625 0.503125 0.7265625 0.503125 0.8140625 0.434375 0.8140625
1 0.1875 0.425 0.303125 0.425 0.303125 0.503125 0.1875 0.503125
1 0.215625 0.6171875 0.3234375 0.6171875 0.3234375 0.7078125 0.215625 0.7078125
1 0.328125 0.628125 0.421875 0.628125 0.421875 0.725 0.328125 0.725
7 0.325 0.425 0.4171875 0.425 0.4171875 0.5046875 0.325 0.5046875
7 0.525 0.521875 0.603125 0.521875 0.603125 0.60625 0.525 0.60625
7 0.5234375 0.7203125 0.60625 0.7203125 0.60625 0.8390625 0.5234375 0.8390625
5 0.1125 0.54375 0.209375 0.54375 0.209375 0.6125 0.1125 0.6125
5 0.2203125 0.521875 0.3078125 0.521875 0.3078125 0.59375 0.2203125 0.59375
5 0.30625 0.7390625 0.384375 0.7390625 0.384375 0.83125 0.30625 0.83125
5 0.1171875 0.821875 0.2140625 0.821875 0.2140625 0.91875 0.1171875 0.91875
5 0.63125 0.615625 0.7125 0.615625 0.7125 0.696875 0.63125 0.696875
5 0.7234375 0.621875 0.8125 0.621875 0.8125 0.703125 0.7234375 0.703125