1 0.071875 0.128125 0.196875 0.128125 0.196875 0.2390625 0.071875 0.2390625
1 0.6875 0.0875 0.7765625 0.0875 0.7765625 0.209375 0.6875 0.209375
1 0.0828125 0.44375 0.20625 0.44375 0.20625 0.51875 0.0828125 0.51875
7 0.1890625 0.1015625 0.3015625 0.1015625 0.3015625 0.2234375 0.1890625 0.2234375
7 0.4078125 0.209375 0.4953125 0.209375 0.4953125 0.3125 0.4078125 0.3125
7 0.084375 0.534375 0.2 0.534375 0.2 0.609375 0.084375 0.609375
8 0.3078125 0.146875 0.384375 0.146875 0.384375 0.240625 0.3078125 0.240625
8 0.696875 0.434375 0.778125 0.434375 0.778125 0.5046875 0.696875 0.5046875
8 0.4140625 0.540625 0.4796875 0.540625 0.4796875 0.6109375 0.4140625 0.6109375
9 0.50625 0.146875 0.5703125 0.146875 0.5703125 0.2171875 0.50625 0.2171875
9 0.703125 0.521875 0.7703125 0.521875 0.7703125 0.5890625 0.703125 0.5890625
9 0.7921875 0.5390625 0.8609375 0.5390625 0.8609375 0.5953125 0.7921875 0.5953125
9 0.5046875 0.3203125 0.5703125 0.3203125 0.5703125 0.3984375 0.5046875 0.3984375
11 0.6015625 0.35 0.6734375 0.35 0.6734375 0.421875 0.6015625 0.421875
10 0.2 0.4484375 0.303125 0.4484375 0.303125 0.528125 0.2 0.528125
10 0.2 0.5421875 0.303125 0.5421875 0.303125 0.6171875 0.2 0.6171875
10 0.41875 0.1265625 0.4875 0.1265625 0.4875 0.2140625 0.41875 0.2140625
0 0.33125 0.34375 0.4 0.34375 0.4 0.4109375 0.33125 0.4109375
0 0.4234375 0.440625 0.4875 0.440625 0.4875 0.50625 0.4234375 0.50625
0 0.51875 0.45 0.578125 0.45 0.578125 0.5109375 0.51875 0.5109375
0 0.5984375 0.1140625 0.6734375 0.1140625 0.6734375 0.2140625 0.5984375 0.2140625
2 0.5875 0.2453125 0.6640625 0.2453125 0.6640625 0.31875 0.5875 0.31875
2 0.6875 0.2125 0.7625 0.2125 0.7625 0.2984375 0.6875 0.2984375
2 0.3140625 0.5296875 0.3984375 0.5296875 0.3984375 0.5953125 0.3140625 0.5953125
4 0.790625 0.0953125 0.8921875 0.0953125 0.8921875 0.20625 0.790625 0.20625
4 0.06875 0.228125 0.2 0.228125 0.2 0.328125 0.06875 0.328125
4 0.7875 0.190625 0.89375 0.190625 0.89375 0.303125 0.7875 0.303125
4 0.2140625 0.2578125 0.284375 0.2578125 0.284375 0.321875 0.2140625 0.321875
3 0.3015625 0.2578125 0.3671875 0.2578125 0.3671875 0.325 0.3015625 0.325
3 0.5046875 0.24375 0.5640625 0.24375 0.5640625 0.309375 0.5046875 0.309375
3 0.1265625 0.3515625 0.2015625 0.3515625 0.2015625 0.415625 0.1265625 0.415625
3 0.7015625 0.321875 0.76875 0.321875 0.76875 0.3875 0.7015625 0.3875
3 0.79375 0.3234375 0.8703125 0.3234375 0.8703125 0.3859375 0.79375 0.3859375
3 0.3015625 0.4390625 0.3609375 0.4390625 0.3609375 0.49375 0.3015625 0.49375
3 0.5046875 0.528125 0.559375 0.528125 0.559375 0.58125 0.5046875 0.58125
3 0.61875 0.51875 0.6734375 0.51875 0.6734375 0.578125 0.61875 0.578125
3 0.20625 0.353125 0.3 0.353125 0.3 0.4265625 0.20625 0.4265625
5 0.596875 0.434375 0.6640625 0.434375 0.6640625 0.5 0.596875 0.5
5 0.7890625 0.4375 0.8828125 0.4375 0.8828125 0.503125 0.7890625 0.503125
0 0.0984375 0.634375 0.1953125 0.634375 0.1953125 0.70625 0.0984375 0.70625
5 0.603125 0.70625 0.6734375 0.70625 0.6734375 0.7921875 0.603125 0.7921875
5 0.1125 0.8328125 0.209375 0.8328125 0.209375 0.9265625 0.1125 0.9265625
3 0.228125 0.6421875 0.2953125 0.6421875 0.2953125 0.7015625 0.228125 0.7015625
3 0.5265625 0.7375 0.5859375 0.7375 0.5859375 0.8015625 0.5265625 0.8015625
3 0.525 0.834375 0.5859375 0.834375 0.5859375 0.915625 0.525 0.915625
3 0.71875 0.828125 0.7875 0.828125 0.7875 0.90625 0.71875 0.90625
3 0.3234375 0.6375 0.4 0.6375 0.4 0.7078125 0.3234375 0.7078125
6 0.51875 0.63125 0.5828125 0.63125 0.5828125 0.7 0.51875 0.7
6 0.596875 0.625 0.675 0.625 0.675 0.696875 0.596875 0.696875
6 0.703125 0.728125 0.784375 0.728125 0.784375 0.809375 0.703125 0.809375
6 0.6015625 0.821875 0.6828125 0.821875 0.6828125 0.9125 0.6015625 0.9125
6 0.79375 0.8140625 0.8828125 0.8140625 0.8828125 0.909375 0.79375 0.909375
8 0.415625 0.6234375 0.490625 0.6234375 0.490625 0.7078125 0.415625 0.7078125
8 0.8046875 0.615625 0.90625 0.615625 0.90625 0.690625 0.8046875 0.690625
8 0.4078125 0.73125 0.478125 0.73125 0.478125 0.803125 0.4078125 0.803125
9 0.7046875 0.621875 0.7640625 0.621875 0.7640625 0.690625 0.7046875 0.690625
9 0.128125 0.7328125 0.19375 0.7328125 0.19375 0.8078125 0.128125 0.8078125
9 0.80625 0.7171875 0.8828125 0.7171875 0.8828125 0.784375 0.80625 0.784375
9 0.2234375 0.8296875 0.2953125 0.8296875 0.2953125 0.903125 0.2234375 0.903125
9 0.4078125 0.8203125 0.4671875 0.8203125 0.4671875 0.8984375 0.4078125 0.8984375
10 0.19375 0.721875 0.303125 0.721875 0.303125 0.8265625 0.19375 0.8265625
10 0.3109375 0.725 0.390625 0.725 0.390625 0.80625 0.3109375 0.80625
11 0.321875 0.8296875 0.4 0.8296875 0.4 0.9234375 0.321875 0.9234375
11 0.4140625 0.33125 0.4859375 0.33125 0.4859375 0.40625 0.4140625 0.40625