10 0.7875 0.7265625 0.9890625 0.7265625 0.9890625 0.8390625 0.7875 0.8390625
10 0.5109375 0.7328125 0.7 0.7328125 0.7 0.84375 0.5109375 0.84375
10 0.2625 0.61875 0.49375 0.61875 0.49375 0.709375 0.2625 0.709375
7 0.775 0.628125 0.953125 0.628125 0.953125 0.721875 0.775 0.721875
7 0.5375 0.3875 0.7296875 0.3875 0.7296875 0.4890625 0.5375 0.4890625
7 0.0359375 0.403125 0.3 0.403125 0.3 0.503125 0.0359375 0.503125
4 0.5390625 0.6125 0.7328125 0.6125 0.7328125 0.69375 0.5390625 0.69375
4 0.2875 0.40625 0.5125 0.40625 0.5125 0.49375 0.2875 0.49375
4 0.7875 0.521875 0.965625 0.521875 0.965625 0.5984375 0.7875 0.5984375
1 0.50625 0.503125 0.6875 0.503125 0.6875 0.5765625 0.50625 0.5765625
1 0.2796875 0.503125 0.5125 0.503125 0.5125 0.5875 0.2796875 0.5875
1 0.784375 0.40625 0.9609375 0.40625 0.9609375 0.5015625 0.784375 0.5015625