2 0.19375 0.565625 0.26875 0.565625 0.26875 0.6 0.19375 0.6
2 0.2015625 0.51875 0.284375 0.51875 0.284375 0.55625 0.2015625 0.55625
1 0.290625 0.51875 0.375 0.51875 0.375 0.553125 0.290625 0.553125
2 0.3796875 0.5625 0.4515625 0.5625 0.4515625 0.596875 0.3796875 0.596875
0 0.2953125 0.478125 0.3671875 0.478125 0.3671875 0.509375 0.2953125 0.509375
2 0.5625 0.51875 0.6375 0.51875 0.6375 0.553125 0.5625 0.553125
0 0.29375 0.384375 0.371875 0.384375 0.371875 0.4234375 0.29375 0.4234375
0 0.36875 0.25 0.453125 0.25 0.453125 0.290625 0.36875 0.290625
0 0.7421875 0.396875 0.825 0.396875 0.825 0.4328125 0.7421875 0.4328125
0 0.8203125 0.346875 0.9078125 0.346875 0.9078125 0.384375 0.8203125 0.384375
0 0.4921875 0.35 0.5671875 0.35 0.5671875 0.3875 0.4921875 0.3875
5 0.284375 0.2953125 0.3640625 0.2953125 0.3640625 0.3390625 0.284375 0.3390625
5 0.296875 0.340625 0.3734375 0.340625 0.3734375 0.378125 0.296875 0.378125
5 0.471875 0.390625 0.55625 0.390625 0.55625 0.4296875 0.471875 0.4296875
5 0.665625 0.3578125 0.753125 0.3578125 0.753125 0.3890625 0.665625 0.3890625
5 0.1859375 0.4203125 0.2703125 0.4203125 0.2703125 0.4640625 0.1859375 0.4640625
5 0.19375 0.4765625 0.275 0.4765625 0.275 0.515625 0.19375 0.515625
5 0.815625 0.5640625 0.909375 0.5640625 0.909375 0.6 0.815625 0.6
5 0.6515625 0.5625 0.7453125 0.5625 0.7453125 0.6015625 0.6515625 0.6015625
3 0.4765625 0.259375 0.5515625 0.259375 0.5515625 0.3 0.4765625 0.3
3 0.2890625 0.25625 0.3546875 0.25625 0.3546875 0.29375 0.2890625 0.29375
3 0.2125 0.246875 0.2875 0.246875 0.2875 0.284375 0.2125 0.284375
3 0.3921875 0.3046875 0.4640625 0.3046875 0.4640625 0.34375 0.3921875 0.34375
3 0.48125 0.315625 0.546875 0.315625 0.546875 0.346875 0.48125 0.346875
3 0.5796875 0.35625 0.6515625 0.35625 0.6515625 0.3859375 0.5796875 0.3859375
3 0.4828125 0.5640625 0.5546875 0.5640625 0.5546875 0.5953125 0.4828125 0.5953125
4 0.3890625 0.471875 0.4828125 0.471875 0.4828125 0.509375 0.3890625 0.509375
4 0.8109375 0.471875 0.934375 0.471875 0.934375 0.509375 0.8109375 0.509375
1 0.3796875 0.515625 0.48125 0.515625 0.48125 0.559375 0.3796875 0.559375
1 0.4734375 0.471875 0.58125 0.471875 0.58125 0.515625 0.4734375 0.515625
4 0.465625 0.515625 0.56875 0.515625 0.56875 0.5546875 0.465625 0.5546875
9 0.725 0.26875 0.803125 0.26875 0.803125 0.303125 0.725 0.303125
9 0.65 0.271875 0.7171875 0.271875 0.7171875 0.303125 0.65 0.303125
9 0.55 0.26875 0.621875 0.26875 0.621875 0.303125 0.55 0.303125
9 0.5671875 0.315625 0.6421875 0.315625 0.6421875 0.35 0.5671875 0.35
9 0.55625 0.4375 0.628125 0.4375 0.628125 0.471875 0.55625 0.471875
9 0.653125 0.4375 0.71875 0.4375 0.71875 0.471875 0.653125 0.471875
9 0.7484375 0.4734375 0.8203125 0.4734375 0.8203125 0.5046875 0.7484375 0.5046875
9 0.746875 0.515625 0.8234375 0.515625 0.8234375 0.55 0.746875 0.55
6 0.803125 0.265625 0.903125 0.265625 0.903125 0.309375 0.803125 0.309375
6 0.6390625 0.30625 0.7328125 0.30625 0.7328125 0.3453125 0.6390625 0.3453125
6 0.390625 0.428125 0.478125 0.428125 0.478125 0.465625 0.390625 0.465625
6 0.8046875 0.515625 0.9046875 0.515625 0.9046875 0.5546875 0.8046875 0.5546875
6 0.73125 0.559375 0.8234375 0.559375 0.8234375 0.596875 0.73125 0.596875
8 0.375 0.3390625 0.465625 0.3390625 0.465625 0.3796875 0.375 0.3796875
8 0.378125 0.390625 0.4625 0.390625 0.4625 0.43125 0.378125 0.43125
8 0.8015625 0.43125 0.89375 0.43125 0.89375 0.465625 0.8015625 0.465625
8 0.6421875 0.3921875 0.7453125 0.3921875 0.7453125 0.428125 0.6421875 0.428125
11 0.2921875 0.428125 0.3828125 0.428125 0.3828125 0.4625 0.2921875 0.4625
11 0.1875 0.284375 0.26875 0.284375 0.26875 0.328125 0.1875 0.328125
8 0.196875 0.3375 0.290625 0.3375 0.290625 0.378125 0.196875 0.378125
8 0.2 0.3734375 0.2765625 0.3734375 0.2765625 0.4171875 0.2 0.4171875
11 0.46875 0.43125 0.55 0.43125 0.55 0.465625 0.46875 0.465625
11 0.5609375 0.390625 0.6359375 0.390625 0.6359375 0.4265625 0.5609375 0.4265625
7 0.2859375 0.559375 0.384375 0.559375 0.384375 0.603125 0.2859375 0.603125
7 0.646875 0.5109375 0.759375 0.5109375 0.759375 0.5546875 0.646875 0.5546875
10 0.73125 0.340625 0.853125 0.340625 0.853125 0.390625 0.73125 0.390625
10 0.634375 0.4703125 0.759375 0.4703125 0.759375 0.5109375 0.634375 0.5109375
10 0.559375 0.4703125 0.675 0.4703125 0.675 0.50625 0.559375 0.50625
11 0.821875 0.30625 0.90625 0.30625 0.90625 0.346875 0.821875 0.346875
11 0.809375 0.396875 0.9015625 0.396875 0.9015625 0.4375 0.809375 0.4375
6 0.73125 0.43125 0.8171875 0.43125 0.8171875 0.4703125 0.73125 0.4703125
7 0.55625 0.559375 0.671875 0.559375 0.671875 0.596875 0.55625 0.596875