0 0.28125 0.4140625 0.384375 0.4140625 0.384375 0.44375 0.28125 0.44375
0 0.375 0.453125 0.465625 0.453125 0.465625 0.4859375 0.375 0.4859375
0 0.5703125 0.5875 0.6609375 0.5875 0.6609375 0.61875 0.5703125 0.61875
0 0.596875 0.671875 0.6890625 0.671875 0.6890625 0.709375 0.596875 0.709375
0 0.6875 0.578125 0.778125 0.578125 0.778125 0.6125 0.6875 0.6125
1 0.275 0.4953125 0.3953125 0.4953125 0.3953125 0.5328125 0.275 0.5328125
1 0.103125 0.6234375 0.24375 0.6234375 0.24375 0.659375 0.103125 0.659375
1 0.1625 0.36875 0.296875 0.36875 0.296875 0.403125 0.1625 0.403125
2 0.465625 0.5390625 0.5625 0.5390625 0.5625 0.5765625 0.465625 0.5765625
2 0.6859375 0.6703125 0.7703125 0.6703125 0.7703125 0.7125 0.6859375 0.7125
2 0.765625 0.434375 0.8546875 0.434375 0.8546875 0.471875 0.765625 0.471875
2 0.4890625 0.6671875 0.5703125 0.6671875 0.5703125 0.7125 0.4890625 0.7125
4 0.3890625 0.671875 0.5 0.671875 0.5 0.71875 0.3890625 0.71875
4 0.271875 0.540625 0.3953125 0.540625 0.3953125 0.578125 0.271875 0.578125
4 0.790625 0.53125 0.8875 0.53125 0.8875 0.571875 0.790625 0.571875
5 0.7890625 0.675 0.8796875 0.675 0.8796875 0.715625 0.7890625 0.715625
5 0.5671875 0.534375 0.659375 0.534375 0.659375 0.5671875 0.5671875 0.5671875
5 0.1265625 0.671875 0.221875 0.671875 0.221875 0.709375 0.1265625 0.709375
5 0.109375 0.5015625 0.2109375 0.5015625 0.2109375 0.5296875 0.109375 0.5296875
5 0.2875 0.4546875 0.375 0.4546875 0.375 0.4828125 0.2875 0.4828125
0 0.4875 0.45625 0.5703125 0.45625 0.5703125 0.48125 0.4875 0.48125
11 0.7890625 0.4796875 0.871875 0.4796875 0.871875 0.5171875 0.7890625 0.5171875
11 0.3921875 0.6328125 0.4796875 0.6328125 0.4796875 0.6671875 0.3921875 0.6671875
11 0.659375 0.4828125 0.7375 0.4828125 0.7375 0.515625 0.659375 0.515625
11 0.6734375 0.4375 0.75625 0.4375 0.75625 0.471875 0.6734375 0.471875
11 0.1265625 0.575 0.221875 0.575 0.221875 0.60625 0.1265625 0.60625
11 0.20625 0.6265625 0.3078125 0.6265625 0.3078125 0.6609375 0.20625 0.6609375
10 0.56875 0.621875 0.66875 0.621875 0.66875 0.6640625 0.56875 0.6640625
10 0.54375 0.440625 0.653125 0.440625 0.653125 0.475 0.54375 0.475
10 0.16875 0.49375 0.29375 0.49375 0.29375 0.528125 0.16875 0.528125
9 0.5640625 0.359375 0.6328125 0.359375 0.6328125 0.3921875 0.5640625 0.3921875
9 0.503125 0.49375 0.571875 0.49375 0.571875 0.5234375 0.503125 0.5234375
9 0.4890625 0.578125 0.55625 0.578125 0.55625 0.60625 0.4890625 0.60625
9 0.4984375 0.6296875 0.5640625 0.6296875 0.5640625 0.6609375 0.4984375 0.6609375
9 0.39375 0.584375 0.4703125 0.584375 0.4703125 0.6125 0.39375 0.6125
9 0.40625 0.4953125 0.4828125 0.4953125 0.4828125 0.528125 0.40625 0.528125
9 0.15625 0.5453125 0.2296875 0.5453125 0.2296875 0.575 0.15625 0.575
8 0.684375 0.53125 0.7625 0.53125 0.7625 0.571875 0.684375 0.571875
8 0.5734375 0.403125 0.6578125 0.403125 0.6578125 0.4390625 0.5734375 0.4390625
8 0.4640625 0.4109375 0.5453125 0.4109375 0.5453125 0.44375 0.4640625 0.44375
8 0.378125 0.3640625 0.465625 0.3640625 0.465625 0.4 0.378125 0.4
8 0.2234375 0.665625 0.3203125 0.665625 0.3203125 0.7 0.2234375 0.7
8 0.209375 0.4109375 0.3078125 0.4109375 0.3078125 0.4453125 0.209375 0.4453125
7 0.6609375 0.6203125 0.7703125 0.6203125 0.7703125 0.665625 0.6609375 0.665625
7 0.2625 0.5796875 0.3921875 0.5796875 0.3921875 0.61875 0.2625 0.61875
7 0.353125 0.4078125 0.471875 0.4078125 0.471875 0.4453125 0.353125 0.4453125
6 0.6671875 0.3953125 0.7515625 0.3953125 0.7515625 0.43125 0.6671875 0.43125
6 0.4546875 0.375 0.5484375 0.375 0.5484375 0.40625 0.4546875 0.40625
6 0.38125 0.5375 0.465625 0.5375 0.465625 0.5734375 0.38125 0.5734375
6 0.1890625 0.55 0.2828125 0.55 0.2828125 0.58125 0.1890625 0.58125
6 0.2125 0.584375 0.3125 0.584375 0.3125 0.621875 0.2125 0.621875
6 0.209375 0.4609375 0.303125 0.4609375 0.303125 0.4890625 0.209375 0.4890625