3 0.6140625 0.790625 0.684375 0.790625 0.684375 0.8609375 0.6140625 0.8609375
3 0.8125 0.709375 0.896875 0.709375 0.896875 0.765625 0.8125 0.765625
3 0.615625 0.6375 0.684375 0.6375 0.684375 0.69375 0.615625 0.69375
3 0.809375 0.4828125 0.8921875 0.4828125 0.8921875 0.534375 0.809375 0.534375
3 0.7140625 0.4796875 0.7796875 0.4796875 0.7796875 0.53125 0.7140625 0.53125
3 0.7171875 0.3390625 0.7859375 0.3390625 0.7859375 0.390625 0.7171875 0.390625
3 0.5109375 0.4875 0.5953125 0.4875 0.5953125 0.5359375 0.5109375 0.5359375
3 0.321875 0.6484375 0.3984375 0.6484375 0.3984375 0.7015625 0.321875 0.7015625
3 0.10625 0.8015625 0.190625 0.8015625 0.190625 0.8671875 0.10625 0.8671875
3 0.334375 0.4953125 0.403125 0.4953125 0.403125 0.5421875 0.334375 0.5421875
3 0.2171875 0.4359375 0.3 0.4359375 0.3 0.4859375 0.2171875 0.4859375
3 0.23125 0.35625 0.2921875 0.35625 0.2921875 0.4125 0.23125 0.4125
3 0.31875 0.2765625 0.384375 0.2765625 0.384375 0.340625 0.31875 0.340625
3 0.0890625 0.3625 0.1921875 0.3625 0.1921875 0.409375 0.0890625 0.409375
3 0.109375 0.503125 0.19375 0.503125 0.19375 0.5546875 0.109375 0.5546875
4 0.5921875 0.40625 0.690625 0.40625 0.690625 0.478125 0.5921875 0.478125
2 0.79375 0.2546875 0.9046875 0.2546875 0.9046875 0.328125 0.79375 0.328125
2 0.7015625 0.5625 0.8109375 0.5625 0.8109375 0.625 0.7015625 0.625
2 0.428125 0.55625 0.509375 0.55625 0.509375 0.61875 0.428125 0.61875
2 0.203125 0.7046875 0.3 0.7046875 0.3 0.7890625 0.203125 0.7890625
8 0.296875 0.5640625 0.390625 0.5640625 0.390625 0.63125 0.296875 0.63125
8 0.5171875 0.5609375 0.6078125 0.5609375 0.6078125 0.6234375 0.5171875 0.6234375
5 0.421875 0.4140625 0.4953125 0.4140625 0.4953125 0.4765625 0.421875 0.4765625
5 0.409375 0.7140625 0.4796875 0.7140625 0.4796875 0.7921875 0.409375 0.7921875