6 0.3296875 0.7421875 0.3796875 0.7421875 0.3796875 0.8421875 0.3296875 0.8421875
0 0.45 0.7203125 0.5 0.7203125 0.5 0.8078125 0.45 0.8078125
5 0.55625 0.59375 0.6125 0.59375 0.6125 0.671875 0.55625 0.671875
7 0.3984375 0.875 0.46875 0.875 0.46875 0.9953125 0.3984375 0.9953125
1 0.315625 0.596875 0.38125 0.596875 0.38125 0.703125 0.315625 0.703125
3 0.5 0.4796875 0.546875 0.4796875 0.546875 0.5484375 0.5 0.5484375
3 0.3953125 0.46875 0.4359375 0.46875 0.4359375 0.540625 0.3953125 0.540625
0 0.38125 0.3609375 0.43125 0.3609375 0.43125 0.4453125 0.38125 0.4453125
10 0.440625 0.334375 0.5125 0.334375 0.5125 0.4375 0.440625 0.4375
8 0.384375 0.190625 0.440625 0.190625 0.440625 0.303125 0.384375 0.303125
6 0.334375 0.190625 0.38125 0.190625 0.38125 0.290625 0.334375 0.290625
5 0.3359375 0.0375 0.384375 0.0375 0.384375 0.146875 0.3359375 0.146875
11 0.25625 0.0375 0.3046875 0.0375 0.3046875 0.15625 0.25625 0.15625
5 0.19375 0.0296875 0.240625 0.0296875 0.240625 0.146875 0.19375 0.146875
8 0.2609375 0.3265625 0.3203125 0.3265625 0.3203125 0.4234375 0.2609375 0.4234375
11 0.26875 0.4796875 0.321875 0.4796875 0.321875 0.571875 0.26875 0.571875
4 0.1921875 0.45625 0.24375 0.45625 0.24375 0.56875 0.1921875 0.56875
5 0.496875 0.825 0.553125 0.825 0.553125 0.940625 0.496875 0.940625