0 0.24375 0.175 0.3109375 0.175 0.3109375 0.2796875 0.24375 0.2796875
0 0.3265625 0.2828125 0.3984375 0.2828125 0.3984375 0.36875 0.3265625 0.36875
0 0.40625 0.365625 0.4625 0.365625 0.4625 0.4546875 0.40625 0.4546875
0 0.46875 0.4859375 0.534375 0.4859375 0.534375 0.559375 0.46875 0.559375
0 0.553125 0.5671875 0.6046875 0.5671875 0.6046875 0.65 0.553125 0.65
0 0.621875 0.6890625 0.6984375 0.6890625 0.6984375 0.7890625 0.621875 0.7890625
0 0.7140625 0.775 0.7984375 0.775 0.7984375 0.8921875 0.7140625 0.8921875
2 0.6984375 0.25625 0.7890625 0.25625 0.7890625 0.3578125 0.6984375 0.3578125
2 0.703125 0.3640625 0.771875 0.3640625 0.771875 0.453125 0.703125 0.453125
2 0.70625 0.4671875 0.778125 0.4671875 0.778125 0.5671875 0.70625 0.5671875
3 0.475 0.0796875 0.5296875 0.0796875 0.5296875 0.1875 0.475 0.1875
3 0.5453125 0.065625 0.5984375 0.065625 0.5984375 0.18125 0.5453125 0.18125
3 0.6296875 0.0765625 0.6875 0.0765625 0.6875 0.171875 0.6296875 0.171875
3 0.690625 0.071875 0.7578125 0.071875 0.7578125 0.1828125 0.690625 0.1828125
3 0.40625 0.7625 0.4578125 0.7625 0.4578125 0.8734375 0.40625 0.8734375
3 0.325 0.775 0.390625 0.775 0.390625 0.88125 0.325 0.88125
3 0.24375 0.78125 0.3109375 0.78125 0.3109375 0.875 0.24375 0.875
5 0.140625 0.6734375 0.2390625 0.6734375 0.2390625 0.76875 0.140625 0.76875
5 0.146875 0.784375 0.2359375 0.784375 0.2359375 0.915625 0.146875 0.915625