1 0.7984375 0.3234375 0.9078125 0.3234375 0.9078125 0.384375 0.7984375 0.384375
4 0.7859375 0.5984375 0.8953125 0.5984375 0.8953125 0.6625 0.7859375 0.6625
4 0.784375 0.7359375 0.8875 0.7359375 0.8875 0.8109375 0.784375 0.8109375
4 0.15 0.7203125 0.246875 0.7203125 0.246875 0.7984375 0.15 0.7984375
4 0.1390625 0.521875 0.24375 0.521875 0.24375 0.58125 0.1390625 0.58125
6 0.3625 0.3296875 0.4375 0.3296875 0.4375 0.384375 0.3625 0.384375
6 0.44375 0.4 0.51875 0.4 0.51875 0.4546875 0.44375 0.4546875
6 0.5265625 0.4609375 0.6046875 0.4609375 0.6046875 0.5171875 0.5265625 0.5171875
6 0.353125 0.71875 0.434375 0.71875 0.434375 0.7890625 0.353125 0.7890625
9 0.690625 0.659375 0.765625 0.659375 0.765625 0.7078125 0.690625 0.7078125
9 0.61875 0.71875 0.6828125 0.71875 0.6828125 0.775 0.61875 0.775
9 0.6203125 0.8 0.6859375 0.8 0.6859375 0.859375 0.6203125 0.859375
9 0.53125 0.659375 0.596875 0.659375 0.596875 0.709375 0.53125 0.709375
9 0.5203125 0.721875 0.5890625 0.721875 0.5890625 0.778125 0.5203125 0.778125
9 0.446875 0.6578125 0.509375 0.6578125 0.509375 0.7109375 0.446875 0.7109375
9 0.4421875 0.7875 0.50625 0.7875 0.50625 0.8546875 0.4421875 0.8546875
9 0.44375 0.4640625 0.5140625 0.4640625 0.5140625 0.5125 0.44375 0.5125
9 0.35625 0.3984375 0.43125 0.3984375 0.43125 0.4515625 0.35625 0.4515625
9 0.353125 0.5890625 0.43125 0.5890625 0.43125 0.6390625 0.353125 0.6390625
9 0.265625 0.646875 0.3421875 0.646875 0.3421875 0.70625 0.265625 0.70625
7 0.7875 0.403125 0.90625 0.403125 0.90625 0.4609375 0.7875 0.4609375
7 0.775 0.8015625 0.8875 0.8015625 0.8875 0.8765625 0.775 0.8765625
7 0.1546875 0.3171875 0.259375 0.3171875 0.259375 0.3890625 0.1546875 0.3890625
7 0.1609375 0.653125 0.2546875 0.653125 0.2546875 0.728125 0.1609375 0.728125
10 0.79375 0.4671875 0.89375 0.4671875 0.89375 0.5203125 0.79375 0.5203125
10 0.7875 0.5375 0.896875 0.5375 0.896875 0.59375 0.7875 0.59375
10 0.775 0.665625 0.878125 0.665625 0.878125 0.73125 0.775 0.73125
10 0.1546875 0.39375 0.2546875 0.39375 0.2546875 0.45 0.1546875 0.45
10 0.1546875 0.459375 0.2484375 0.459375 0.2484375 0.5125 0.1546875 0.5125
10 0.1484375 0.584375 0.2515625 0.584375 0.2515625 0.6484375 0.1484375 0.6484375
10 0.1390625 0.7859375 0.2296875 0.7859375 0.2296875 0.8640625 0.1390625 0.8640625
7 0.5203125 0.584375 0.60625 0.584375 0.60625 0.653125 0.5203125 0.653125