1 0.1640625 0.1640625 0.2921875 0.1640625 0.2921875 0.2578125 0.1640625 0.2578125
4 0.7671875 0.40625 0.8859375 0.40625 0.8859375 0.4734375 0.7671875 0.4734375
4 0.7703125 0.484375 0.884375 0.484375 0.884375 0.55 0.7703125 0.55
4 0.7640625 0.553125 0.884375 0.553125 0.884375 0.6296875 0.7640625 0.6296875
4 0.7625 0.628125 0.88125 0.628125 0.88125 0.7171875 0.7625 0.7171875
6 0.1859375 0.253125 0.2875 0.253125 0.2875 0.31875 0.1859375 0.31875
6 0.1875 0.403125 0.290625 0.403125 0.290625 0.4640625 0.1875 0.4640625
6 0.1890625 0.54375 0.2875 0.54375 0.2875 0.6046875 0.1890625 0.6046875
6 0.2875 0.6140625 0.38125 0.6140625 0.38125 0.6796875 0.2875 0.6796875
7 0.0671875 0.621875 0.20625 0.621875 0.20625 0.70625 0.0671875 0.70625
7 0.0578125 0.5453125 0.196875 0.5453125 0.196875 0.6171875 0.0578125 0.6171875
7 0.059375 0.4734375 0.196875 0.4734375 0.196875 0.540625 0.059375 0.540625
7 0.0640625 0.4015625 0.1953125 0.4015625 0.1953125 0.4734375 0.0640625 0.4734375
7 0.0609375 0.328125 0.2078125 0.328125 0.2078125 0.3953125 0.0609375 0.3953125
10 0.0765625 0.090625 0.1828125 0.090625 0.1828125 0.1703125 0.0765625 0.1703125
10 0.1796875 0.0796875 0.2734375 0.0796875 0.2734375 0.1640625 0.1796875 0.1640625
10 0.2796875 0.0828125 0.38125 0.0828125 0.38125 0.190625 0.2796875 0.190625
10 0.390625 0.0875 0.4796875 0.0875 0.4796875 0.1890625 0.390625 0.1890625
10 0.7890625 0.1609375 0.890625 0.1609375 0.890625 0.2515625 0.7890625 0.2515625
10 0.7640625 0.2390625 0.8890625 0.2390625 0.8890625 0.328125 0.7640625 0.328125
10 0.7734375 0.33125 0.896875 0.33125 0.896875 0.4109375 0.7734375 0.4109375