3 0.1734375 0.1171875 0.26875 0.1171875 0.26875 0.2046875 0.1734375 0.2046875
3 0.390625 0.1171875 0.4765625 0.1171875 0.4765625 0.203125 0.390625 0.203125
3 0.6078125 0.0984375 0.6796875 0.0984375 0.6796875 0.1921875 0.6078125 0.1921875
3 0.803125 0.10625 0.890625 0.10625 0.890625 0.19375 0.803125 0.19375
3 0.609375 0.2203125 0.684375 0.2203125 0.684375 0.3046875 0.609375 0.3046875
3 0.703125 0.3328125 0.7859375 0.3328125 0.7859375 0.409375 0.703125 0.409375
3 0.59375 0.3296875 0.6734375 0.3296875 0.6734375 0.403125 0.59375 0.403125
3 0.49375 0.340625 0.5625 0.340625 0.5625 0.4125 0.49375 0.4125
3 0.2859375 0.2328125 0.36875 0.2328125 0.36875 0.30625 0.2859375 0.30625
3 0.175 0.2203125 0.2640625 0.2203125 0.2640625 0.3078125 0.175 0.3078125
3 0.0875 0.2390625 0.1703125 0.2390625 0.1703125 0.3125 0.0875 0.3125
3 0.08125 0.4390625 0.175 0.4390625 0.175 0.515625 0.08125 0.515625
3 0.4015625 0.43125 0.471875 0.43125 0.471875 0.509375 0.4015625 0.509375
3 0.596875 0.44375 0.6703125 0.44375 0.6703125 0.5125 0.596875 0.5125
3 0.69375 0.5390625 0.771875 0.5390625 0.771875 0.6203125 0.69375 0.6203125
3 0.4921875 0.5390625 0.5734375 0.5390625 0.5734375 0.6140625 0.4921875 0.6140625
3 0.8203125 0.653125 0.903125 0.653125 0.903125 0.734375 0.8203125 0.734375
3 0.81875 0.7515625 0.9 0.7515625 0.9 0.840625 0.81875 0.840625
3 0.5921875 0.7515625 0.66875 0.7515625 0.66875 0.8359375 0.5921875 0.8359375
3 0.2921875 0.7453125 0.3671875 0.7453125 0.3671875 0.8296875 0.2921875 0.8296875
3 0.290625 0.84375 0.36875 0.84375 0.36875 0.940625 0.290625 0.940625
3 0.196875 0.840625 0.275 0.840625 0.275 0.93125 0.196875 0.93125
3 0.0828125 0.8421875 0.16875 0.8421875 0.16875 0.9328125 0.0828125 0.9328125
2 0.271875 0.3265625 0.38125 0.3265625 0.38125 0.4171875 0.271875 0.4171875
2 0.584375 0.5375 0.66875 0.5375 0.66875 0.6265625 0.584375 0.6265625
2 0.0671875 0.740625 0.18125 0.740625 0.18125 0.8328125 0.0671875 0.8328125
2 0.1875 0.534375 0.28125 0.534375 0.28125 0.6296875 0.1875 0.6296875
9 0.6953125 0.4359375 0.7671875 0.4359375 0.7671875 0.5109375 0.6953125 0.5109375
9 0.4828125 0.6453125 0.5703125 0.6453125 0.5703125 0.728125 0.4828125 0.728125
9 0.4796875 0.8515625 0.5609375 0.8515625 0.5609375 0.9421875 0.4796875 0.9421875
9 0.0796875 0.6421875 0.175 0.6421875 0.175 0.7171875 0.0796875 0.7171875
9 0.28125 0.428125 0.3625 0.428125 0.3625 0.5078125 0.28125 0.5078125
8 0.8 0.85 0.9203125 0.85 0.9203125 0.9703125 0.8 0.9703125
8 0.1484375 0.340625 0.2703125 0.340625 0.2703125 0.421875 0.1484375 0.421875
8 0.034375 0.10625 0.159375 0.10625 0.159375 0.20625 0.034375 0.20625
4 0.8109375 0.5359375 0.9484375 0.5359375 0.9484375 0.6453125 0.8109375 0.6453125
11 0.8046875 0.3359375 0.9171875 0.3359375 0.9171875 0.428125 0.8046875 0.428125
5 0.7015625 0.6515625 0.7953125 0.6515625 0.7953125 0.7515625 0.7015625 0.7515625
5 0.8109375 0.4296875 0.9140625 0.4296875 0.9140625 0.515625 0.8109375 0.515625