0 0.7203125 0.24375 0.825 0.24375 0.825 0.309375 0.7203125 0.309375
0 0.63125 0.3265625 0.7171875 0.3265625 0.7171875 0.3984375 0.63125 0.3984375
0 0.5453125 0.40625 0.634375 0.40625 0.634375 0.4625 0.5453125 0.4625
0 0.440625 0.46875 0.515625 0.46875 0.515625 0.534375 0.440625 0.534375
0 0.35 0.553125 0.4328125 0.553125 0.4328125 0.603125 0.35 0.603125
0 0.2109375 0.621875 0.3109375 0.621875 0.3109375 0.6984375 0.2109375 0.6984375
0 0.1078125 0.7140625 0.225 0.7140625 0.225 0.7984375 0.1078125 0.7984375
2 0.64375 0.6984375 0.74375 0.6984375 0.74375 0.7890625 0.64375 0.7890625
2 0.546875 0.703125 0.6359375 0.703125 0.6359375 0.771875 0.546875 0.771875
2 0.4328125 0.70625 0.5328125 0.70625 0.5328125 0.778125 0.4328125 0.778125
3 0.8125 0.475 0.9203125 0.475 0.9203125 0.5296875 0.8125 0.5296875
3 0.81875 0.5453125 0.934375 0.5453125 0.934375 0.5984375 0.81875 0.5984375
3 0.828125 0.628125 0.925 0.628125 0.925 0.6875 0.828125 0.6875
3 0.8171875 0.690625 0.928125 0.690625 0.928125 0.7578125 0.8171875 0.7578125
3 0.1265625 0.40625 0.2375 0.40625 0.2375 0.4578125 0.1265625 0.4578125
3 0.11875 0.325 0.225 0.325 0.225 0.390625 0.11875 0.390625
3 0.125 0.24375 0.21875 0.24375 0.21875 0.3109375 0.125 0.3109375
5 0.23125 0.140625 0.3265625 0.140625 0.3265625 0.2375 0.23125 0.2375
5 0.0859375 0.146875 0.2171875 0.146875 0.2171875 0.234375 0.0859375 0.234375