7 0.1890625 0.05 0.284375 0.05 0.284375 0.1734375 0.1890625 0.1734375
7 0.5125 0.278125 0.5734375 0.278125 0.5734375 0.378125 0.5125 0.378125
7 0.6453125 0.6734375 0.734375 0.6734375 0.734375 0.778125 0.6453125 0.778125
7 0.353125 0.4875 0.4234375 0.4875 0.4234375 0.5703125 0.353125 0.5703125
7 0.4296875 0.04375 0.496875 0.04375 0.496875 0.1875 0.4296875 0.1875
9 0.5046875 0.66875 0.5625 0.66875 0.5625 0.75625 0.5046875 0.75625
9 0.5796875 0.7671875 0.6296875 0.7671875 0.6296875 0.853125 0.5796875 0.853125
9 0.65 0.7828125 0.7125 0.7828125 0.7125 0.8671875 0.65 0.8671875
9 0.509375 0.778125 0.5625 0.778125 0.5625 0.8640625 0.509375 0.8640625
9 0.434375 0.690625 0.4921875 0.690625 0.4921875 0.765625 0.434375 0.765625
9 0.3578125 0.678125 0.415625 0.678125 0.415625 0.7515625 0.3578125 0.7515625
9 0.2984375 0.6765625 0.3515625 0.6765625 0.3515625 0.75625 0.2984375 0.75625
9 0.35625 0.7734375 0.409375 0.7734375 0.409375 0.853125 0.35625 0.853125
9 0.4390625 0.778125 0.4890625 0.778125 0.4890625 0.86875 0.4390625 0.86875
9 0.215625 0.79375 0.2765625 0.79375 0.2765625 0.88125 0.215625 0.88125
4 0.3515625 0.05 0.4265625 0.05 0.4265625 0.178125 0.3515625 0.178125
4 0.6546875 0.0453125 0.7375 0.0453125 0.7375 0.178125 0.6546875 0.178125
4 0.1859375 0.58125 0.2796875 0.58125 0.2796875 0.66875 0.1859375 0.66875
4 0.2765625 0.590625 0.353125 0.590625 0.353125 0.671875 0.2765625 0.671875
1 0.1890625 0.678125 0.278125 0.678125 0.278125 0.771875 0.1890625 0.771875
10 0.271875 0.175 0.3515625 0.175 0.3515625 0.2828125 0.271875 0.2828125
10 0.359375 0.275 0.43125 0.275 0.43125 0.36875 0.359375 0.36875
10 0.5765625 0.1625 0.6453125 0.1625 0.6453125 0.2796875 0.5765625 0.2796875
10 0.5125 0.0515625 0.578125 0.0515625 0.578125 0.1859375 0.5125 0.1859375
10 0.5109375 0.48125 0.575 0.48125 0.575 0.5625 0.5109375 0.5625
10 0.58125 0.58125 0.653125 0.58125 0.653125 0.6703125 0.58125 0.6703125
10 0.71875 0.7703125 0.8125 0.7703125 0.8125 0.8859375 0.71875 0.8859375
6 0.2109375 0.3875 0.2796875 0.3875 0.2796875 0.46875 0.2109375 0.46875
6 0.4375 0.4921875 0.4921875 0.4921875 0.4921875 0.5609375 0.4375 0.5609375
6 0.434375 0.39375 0.4921875 0.39375 0.4921875 0.46875 0.434375 0.46875
6 0.740625 0.0796875 0.8125 0.0796875 0.8125 0.178125 0.740625 0.178125
9 0.29375 0.7796875 0.346875 0.7796875 0.346875 0.85625 0.29375 0.85625