3 0.45 0.653125 0.51875 0.653125 0.51875 0.715625 0.45 0.715625
3 0.3078125 0.578125 0.384375 0.578125 0.384375 0.6421875 0.3078125 0.6421875
3 0.203125 0.5734375 0.290625 0.5734375 0.290625 0.6359375 0.203125 0.6359375
3 0.3203125 0.50625 0.40625 0.50625 0.40625 0.5578125 0.3203125 0.5578125
3 0.634375 0.425 0.721875 0.425 0.721875 0.4875 0.634375 0.4875
3 0.5203125 0.1640625 0.6109375 0.1640625 0.6109375 0.2359375 0.5203125 0.2359375
3 0.30625 0.175 0.396875 0.175 0.396875 0.2484375 0.30625 0.2484375
1 0.5359375 0.571875 0.625 0.571875 0.625 0.653125 0.5359375 0.653125
1 0.7203125 0.3203125 0.85625 0.3203125 0.85625 0.4046875 0.7203125 0.4046875
1 0.146875 0.4109375 0.2859375 0.4109375 0.2859375 0.4859375 0.146875 0.4859375
1 0.415625 0.240625 0.496875 0.240625 0.496875 0.3375 0.415625 0.3375
2 0.7203125 0.578125 0.8234375 0.578125 0.8234375 0.65625 0.7203125 0.65625
2 0.6125 0.4953125 0.7125 0.4953125 0.7125 0.5609375 0.6125 0.5609375
2 0.1890625 0.225 0.3 0.225 0.3 0.334375 0.1890625 0.334375
2 0.625 0.2484375 0.7359375 0.2484375 0.7359375 0.321875 0.625 0.321875
5 0.83125 0.4921875 0.965625 0.4921875 0.965625 0.5546875 0.83125 0.5546875
5 0.2953125 0.415625 0.3921875 0.415625 0.3921875 0.4796875 0.2953125 0.4796875
4 0.4171875 0.4140625 0.521875 0.4140625 0.521875 0.4859375 0.4171875 0.4859375
0 0.528125 0.33125 0.6140625 0.33125 0.6140625 0.3984375 0.528125 0.3984375
0 0.7203125 0.15 0.8359375 0.15 0.8359375 0.240625 0.7203125 0.240625