3 0.825 0.240625 0.91875 0.240625 0.91875 0.309375 0.825 0.309375
3 0.715625 0.14375 0.7984375 0.14375 0.7984375 0.2203125 0.715625 0.2203125
3 0.415625 0.1421875 0.4859375 0.1421875 0.4859375 0.228125 0.415625 0.228125
3 0.0734375 0.403125 0.1671875 0.403125 0.1671875 0.4578125 0.0734375 0.4578125
3 0.3078125 0.4078125 0.38125 0.4078125 0.38125 0.4640625 0.3078125 0.4640625
3 0.409375 0.409375 0.48125 0.409375 0.48125 0.453125 0.409375 0.453125
3 0.5171875 0.4046875 0.5921875 0.4046875 0.5921875 0.4609375 0.5171875 0.4609375
3 0.509375 0.4890625 0.58125 0.4890625 0.58125 0.5359375 0.509375 0.5359375
3 0.4140625 0.490625 0.4828125 0.490625 0.4828125 0.5359375 0.4140625 0.5359375
3 0.215625 0.715625 0.29375 0.715625 0.29375 0.784375 0.215625 0.784375
3 0.3078125 0.6359375 0.3859375 0.6359375 0.3859375 0.6984375 0.3078125 0.6984375
3 0.521875 0.63125 0.5875 0.63125 0.5875 0.69375 0.521875 0.69375
3 0.7078125 0.6375 0.7921875 0.6375 0.7921875 0.6953125 0.7078125 0.6953125
3 0.7359375 0.725 0.8171875 0.725 0.8171875 0.79375 0.7359375 0.79375
3 0.5078125 0.25 0.575 0.25 0.575 0.3078125 0.5078125 0.3078125
4 0.159375 0.46875 0.2859375 0.46875 0.2859375 0.546875 0.159375 0.546875
5 0.41875 0.6328125 0.49375 0.6328125 0.49375 0.7078125 0.41875 0.7078125
5 0.815625 0.3984375 0.9328125 0.3984375 0.9328125 0.4703125 0.815625 0.4703125
8 0.5953125 0.709375 0.6921875 0.709375 0.6921875 0.7953125 0.5953125 0.7953125
8 0.6015625 0.246875 0.7140625 0.246875 0.7140625 0.321875 0.6015625 0.321875
2 0.7140625 0.5578125 0.8328125 0.5578125 0.8328125 0.625 0.7140625 0.625
2 0.7046875 0.4796875 0.821875 0.4796875 0.821875 0.54375 0.7046875 0.54375
2 0.6046875 0.384375 0.6890625 0.384375 0.6890625 0.459375 0.6046875 0.459375
2 0.19375 0.31875 0.29375 0.31875 0.29375 0.38125 0.19375 0.38125