7 0.4046875 0.6453125 0.69375 0.6453125 0.69375 0.7515625 0.4046875 0.7515625
9 0.2359375 0.7625 0.4046875 0.7625 0.4046875 0.834375 0.2359375 0.834375
9 0.21875 0.5828125 0.378125 0.5828125 0.378125 0.6453125 0.21875 0.6453125
9 0.403125 0.5625 0.5734375 0.5625 0.5734375 0.625 0.403125 0.625
9 0.5625 0.5578125 0.728125 0.5578125 0.728125 0.6171875 0.5625 0.6171875
9 0.721875 0.55625 0.8953125 0.55625 0.8953125 0.6140625 0.721875 0.6140625
9 0.56875 0.128125 0.759375 0.128125 0.759375 0.196875 0.56875 0.196875
9 0.3984375 0.0984375 0.5671875 0.0984375 0.5671875 0.1734375 0.3984375 0.1734375
9 0.18125 0.0765625 0.36875 0.0765625 0.36875 0.15625 0.18125 0.15625
10 0.003125 0.26875 0.228125 0.26875 0.228125 0.365625 0.003125 0.365625
6 0.7375 0.203125 0.9625 0.203125 0.9625 0.2734375 0.7375 0.2734375
6 0.41875 0.7328125 0.63125 0.7328125 0.63125 0.8265625 0.41875 0.8265625
8 0.596875 0.6375 0.79375 0.6375 0.79375 0.728125 0.596875 0.728125
8 0.58125 0.7125 0.8 0.7125 0.8 0.7921875 0.58125 0.7921875
11 0.7171875 0.115625 0.9359375 0.115625 0.9359375 0.2 0.7171875 0.2
11 0.209375 0.6625 0.403125 0.6625 0.403125 0.7515625 0.209375 0.7515625
3 0.375 0.21875 0.553125 0.21875 0.553125 0.28125 0.375 0.28125
3 0.575 0.2125 0.746875 0.2125 0.746875 0.284375 0.575 0.284375
3 0.725 0.31875 0.909375 0.31875 0.909375 0.371875 0.725 0.371875
3 0.5734375 0.3171875 0.7390625 0.3171875 0.7390625 0.375 0.5734375 0.375
3 0.5890625 0.4015625 0.759375 0.4015625 0.759375 0.4578125 0.5890625 0.4578125
3 0.571875 0.465625 0.740625 0.465625 0.740625 0.525 0.571875 0.525
3 0.41875 0.48125 0.5890625 0.48125 0.5890625 0.5375 0.41875 0.5375
3 0.721875 0.471875 0.903125 0.471875 0.903125 0.528125 0.721875 0.528125
5 0.184375 0.1921875 0.4 0.1921875 0.4 0.2859375 0.184375 0.2859375
5 0.221875 0.29375 0.43125 0.29375 0.43125 0.3703125 0.221875 0.3703125
5 0.21875 0.403125 0.425 0.403125 0.425 0.475 0.21875 0.475
5 0.2421875 0.4875 0.4515625 0.4875 0.4515625 0.5671875 0.2421875 0.5671875
0 0.740625 0.390625 0.96875 0.390625 0.96875 0.453125 0.740625 0.453125
0 0.728125 0.628125 0.940625 0.628125 0.940625 0.703125 0.728125 0.703125
1 0.403125 0.3796875 0.6828125 0.3796875 0.6828125 0.4546875 0.403125 0.4546875
4 0.3875 0.296875 0.6625 0.296875 0.6625 0.38125 0.3875 0.38125