5 0.0640625 0.81875 0.1984375 0.81875 0.1984375 0.9234375 0.0640625 0.9234375
5 0.2046875 0.8125 0.303125 0.8125 0.303125 0.921875 0.2046875 0.921875
3 0.1984375 0.5515625 0.2890625 0.5515625 0.2890625 0.6296875 0.1984375 0.6296875
3 0.3265625 0.559375 0.4046875 0.559375 0.4046875 0.653125 0.3265625 0.653125
3 0.4390625 0.5625 0.5234375 0.5625 0.5234375 0.64375 0.4390625 0.64375
3 0.56875 0.5609375 0.6453125 0.5609375 0.6453125 0.6390625 0.56875 0.6390625
3 0.65625 0.559375 0.746875 0.559375 0.746875 0.65 0.65625 0.65
3 0.75 0.5421875 0.8375 0.5421875 0.8375 0.64375 0.75 0.64375
3 0.85 0.55625 0.9671875 0.55625 0.9671875 0.6453125 0.85 0.6453125
0 0.10625 0.2203125 0.1953125 0.2203125 0.1953125 0.3078125 0.10625 0.3078125
0 0.215625 0.2109375 0.303125 0.2109375 0.303125 0.321875 0.215625 0.321875
0 0.328125 0.2109375 0.4140625 0.2109375 0.4140625 0.3140625 0.328125 0.3140625
0 0.4328125 0.2078125 0.5375 0.2078125 0.5375 0.3171875 0.4328125 0.3171875
0 0.5546875 0.21875 0.6421875 0.21875 0.6421875 0.328125 0.5546875 0.328125
0 0.6484375 0.2234375 0.7421875 0.2234375 0.7421875 0.3328125 0.6484375 0.3328125
0 0.759375 0.240625 0.8625 0.240625 0.8625 0.328125 0.759375 0.328125
2 0.6484375 0.7921875 0.7390625 0.7921875 0.7390625 0.903125 0.6484375 0.903125
2 0.7421875 0.7828125 0.8421875 0.7828125 0.8421875 0.9125 0.7421875 0.9125
2 0.84375 0.778125 0.9640625 0.778125 0.9640625 0.890625 0.84375 0.890625