0 0.5109375 0.2984375 0.5703125 0.2984375 0.5703125 0.3953125 0.5109375 0.3953125
0 0.74375 0.3078125 0.828125 0.3078125 0.828125 0.3984375 0.74375 0.3984375
0 0.728125 0.2078125 0.8265625 0.2078125 0.8265625 0.2984375 0.728125 0.2984375
0 0.73125 0.08125 0.828125 0.08125 0.828125 0.196875 0.73125 0.196875
2 0.165625 0.7171875 0.253125 0.7171875 0.253125 0.8109375 0.165625 0.8109375
2 0.728125 0.7 0.834375 0.7 0.834375 0.7953125 0.728125 0.7953125
2 0.5109375 0.4125 0.5828125 0.4125 0.5828125 0.503125 0.5109375 0.503125
3 0.43125 0.503125 0.50625 0.503125 0.50625 0.5875 0.43125 0.5875
3 0.434375 0.396875 0.4953125 0.396875 0.4953125 0.4875 0.434375 0.4875
3 0.4359375 0.3 0.484375 0.3 0.484375 0.390625 0.4359375 0.390625
3 0.5234375 0.5109375 0.5765625 0.5109375 0.5765625 0.6 0.5234375 0.6
3 0.5890625 0.509375 0.6546875 0.509375 0.6546875 0.6015625 0.5890625 0.6015625
3 0.5890625 0.409375 0.6546875 0.409375 0.6546875 0.4875 0.5890625 0.4875
3 0.5828125 0.309375 0.65 0.309375 0.65 0.3953125 0.5828125 0.3953125
5 0.6671875 0.7953125 0.7703125 0.7953125 0.7703125 0.9203125 0.6671875 0.9203125
5 0.265625 0.8328125 0.340625 0.8328125 0.340625 0.9484375 0.265625 0.9484375
0 0.190625 0.2875 0.275 0.2875 0.275 0.3859375 0.190625 0.3859375
0 0.2 0.1875 0.2875 0.1875 0.2875 0.29375 0.2 0.29375
0 0.190625 0.06875 0.290625 0.06875 0.290625 0.1765625 0.190625 0.1765625