11 0.5125 0.61875 0.56875 0.61875 0.56875 0.715625 0.5125 0.715625
11 0.4328125 0.521875 0.5 0.521875 0.5 0.615625 0.4328125 0.615625
11 0.73125 0.621875 0.8140625 0.621875 0.8140625 0.709375 0.73125 0.709375
11 0.353125 0.140625 0.4234375 0.140625 0.4234375 0.25625 0.353125 0.25625
9 0.734375 0.51875 0.7921875 0.51875 0.7921875 0.60625 0.734375 0.60625
9 0.71875 0.246875 0.7765625 0.246875 0.7765625 0.325 0.71875 0.325
9 0.575 0.159375 0.63125 0.159375 0.63125 0.24375 0.575 0.24375
9 0.559375 0.346875 0.625 0.346875 0.625 0.4125 0.559375 0.4125
9 0.4375 0.35 0.4875 0.35 0.4875 0.425 0.4375 0.425
9 0.303125 0.71875 0.36875 0.71875 0.36875 0.79375 0.303125 0.79375
9 0.2375 0.73125 0.303125 0.73125 0.303125 0.796875 0.2375 0.796875
9 0.665625 0.8296875 0.7265625 0.8296875 0.7265625 0.9125 0.665625 0.9125
9 0.221875 0.3578125 0.296875 0.3578125 0.296875 0.4296875 0.221875 0.4296875
9 0.234375 0.634375 0.29375 0.634375 0.29375 0.7125 0.234375 0.7125
8 0.36875 0.35625 0.43125 0.35625 0.43125 0.440625 0.36875 0.440625
8 0.3 0.2390625 0.3703125 0.2390625 0.3703125 0.3328125 0.3 0.3328125
8 0.63125 0.1296875 0.715625 0.1296875 0.715625 0.23125 0.63125 0.23125
8 0.715625 0.13125 0.7875 0.13125 0.7875 0.2375 0.715625 0.2375
7 0.7203125 0.825 0.8234375 0.825 0.8234375 0.9484375 0.7203125 0.9484375
6 0.734375 0.7203125 0.815625 0.7203125 0.815625 0.8171875 0.734375 0.8171875
6 0.359375 0.8 0.4296875 0.8 0.4296875 0.9109375 0.359375 0.9109375
6 0.371875 0.6265625 0.4375 0.6265625 0.4375 0.7015625 0.371875 0.7015625
6 0.434375 0.43125 0.5 0.43125 0.5 0.51875 0.434375 0.51875
6 0.5046875 0.4359375 0.5703125 0.4359375 0.5703125 0.5203125 0.5046875 0.5203125
5 0.6546875 0.721875 0.7296875 0.721875 0.7296875 0.81875 0.6546875 0.81875
5 0.4453125 0.8046875 0.50625 0.8046875 0.50625 0.9109375 0.4453125 0.9109375
3 0.571875 0.64375 0.6421875 0.64375 0.6421875 0.709375 0.571875 0.709375
3 0.509375 0.528125 0.58125 0.528125 0.58125 0.6203125 0.509375 0.6203125
3 0.6640625 0.228125 0.715625 0.228125 0.715625 0.33125 0.6640625 0.33125
3 0.2234375 0.265625 0.2890625 0.265625 0.2890625 0.3359375 0.2234375 0.3359375
3 0.225 0.4375 0.3 0.4375 0.3 0.509375 0.225 0.509375
3 0.225 0.8015625 0.29375 0.8015625 0.29375 0.8953125 0.225 0.8953125
3 0.509375 0.3453125 0.5625 0.3453125 0.5625 0.428125 0.509375 0.428125
2 0.7265625 0.3125 0.8015625 0.3125 0.8015625 0.415625 0.7265625 0.415625
2 0.709375 0.434375 0.79375 0.434375 0.79375 0.521875 0.709375 0.521875
2 0.221875 0.1515625 0.3015625 0.1515625 0.3015625 0.259375 0.221875 0.259375
0 0.58125 0.8046875 0.6515625 0.8046875 0.6515625 0.91875 0.58125 0.91875
0 0.503125 0.809375 0.571875 0.809375 0.571875 0.928125 0.503125 0.928125
0 0.29375 0.80625 0.359375 0.80625 0.359375 0.9203125 0.29375 0.9203125
0 0.225 0.540625 0.29375 0.540625 0.29375 0.603125 0.225 0.603125
0 0.4390625 0.1390625 0.4953125 0.1390625 0.4953125 0.25 0.4390625 0.25
0 0.496875 0.1375 0.565625 0.1375 0.565625 0.253125 0.496875 0.253125
0 0.4375 0.61875 0.503125 0.61875 0.503125 0.715625 0.4375 0.715625