6 0.6640625 0.459375 0.6953125 0.459375 0.6953125 0.5390625 0.6640625 0.5390625
6 0.665625 0.5703125 0.696875 0.5703125 0.696875 0.6421875 0.665625 0.6421875
6 0.721875 0.4828125 0.7546875 0.4828125 0.7546875 0.5609375 0.721875 0.5609375
6 0.56875 0.59375 0.6 0.59375 0.6 0.6640625 0.56875 0.6640625
6 0.6265625 0.7015625 0.65625 0.7015625 0.65625 0.7625 0.6265625 0.7625
6 0.6140625 0.484375 0.6421875 0.484375 0.6421875 0.5578125 0.6140625 0.5578125
0 0.56875 0.4953125 0.5984375 0.4953125 0.5984375 0.5671875 0.56875 0.5671875
0 0.6125 0.58125 0.6484375 0.58125 0.6484375 0.65 0.6125 0.65
0 0.665625 0.68125 0.6984375 0.68125 0.6984375 0.7484375 0.665625 0.7484375
0 0.5703125 0.6859375 0.6 0.6859375 0.6 0.7453125 0.5703125 0.7453125
0 0.621875 0.790625 0.653125 0.790625 0.653125 0.8546875 0.621875 0.8546875
0 0.7265625 0.7796875 0.7609375 0.7796875 0.7609375 0.8484375 0.7265625 0.8484375