9 0.7375 0.30625 0.8125 0.30625 0.8125 0.3421875 0.7375 0.3421875
9 0.6484375 0.309375 0.7171875 0.309375 0.7171875 0.35 0.6484375 0.35
9 0.5265625 0.3125 0.6015625 0.3125 0.6015625 0.35 0.5265625 0.35
9 0.5546875 0.3640625 0.6234375 0.3640625 0.6234375 0.3953125 0.5546875 0.3953125
9 0.5390625 0.490625 0.6171875 0.490625 0.6171875 0.525 0.5390625 0.525
9 0.653125 0.49375 0.715625 0.49375 0.715625 0.5265625 0.653125 0.5265625
9 0.7640625 0.5265625 0.8328125 0.5265625 0.8328125 0.559375 0.7640625 0.559375
9 0.7640625 0.575 0.8390625 0.575 0.8390625 0.609375 0.7640625 0.609375
6 0.7453125 0.628125 0.8296875 0.628125 0.8296875 0.6625 0.7453125 0.6625
6 0.740625 0.484375 0.81875 0.484375 0.81875 0.521875 0.740625 0.521875
6 0.8453125 0.5796875 0.9265625 0.5796875 0.9265625 0.6140625 0.8453125 0.6140625
6 0.83125 0.296875 0.9125 0.296875 0.9125 0.340625 0.83125 0.340625
6 0.634375 0.3515625 0.715625 0.3515625 0.715625 0.3890625 0.634375 0.3890625
6 0.365625 0.4875 0.44375 0.4875 0.44375 0.5171875 0.365625 0.5171875
8 0.3484375 0.446875 0.43125 0.446875 0.43125 0.4828125 0.3484375 0.4828125
8 0.346875 0.3953125 0.425 0.3953125 0.425 0.428125 0.346875 0.428125
8 0.8328125 0.4796875 0.9171875 0.4796875 0.9171875 0.515625 0.8328125 0.515625
8 0.1515625 0.4375 0.24375 0.4375 0.24375 0.471875 0.1515625 0.471875
8 0.15625 0.4 0.24375 0.4 0.24375 0.43125 0.15625 0.43125
8 0.65 0.440625 0.734375 0.440625 0.734375 0.4765625 0.65 0.4765625
11 0.1515625 0.34375 0.23125 0.34375 0.23125 0.3875 0.1515625 0.3875
11 0.26875 0.4875 0.346875 0.4875 0.346875 0.521875 0.26875 0.521875
11 0.45 0.4890625 0.521875 0.4890625 0.521875 0.521875 0.45 0.521875
11 0.8421875 0.34375 0.9265625 0.34375 0.9265625 0.3859375 0.8421875 0.3859375
11 0.8421875 0.4421875 0.9296875 0.4421875 0.9296875 0.48125 0.8421875 0.48125
11 0.5421875 0.4421875 0.625 0.4421875 0.625 0.478125 0.5421875 0.478125
10 0.7375 0.3890625 0.8375 0.3890625 0.8375 0.434375 0.7375 0.434375
10 0.546875 0.5265625 0.634375 0.5265625 0.634375 0.5640625 0.546875 0.5640625
10 0.6515625 0.525 0.7390625 0.525 0.7390625 0.5625 0.6515625 0.5625
7 0.6515625 0.5765625 0.7359375 0.5765625 0.7359375 0.6140625 0.6515625 0.6140625
7 0.5484375 0.621875 0.6328125 0.621875 0.6328125 0.6625 0.5484375 0.6625
7 0.2421875 0.625 0.3359375 0.625 0.3359375 0.6640625 0.2421875 0.6640625
5 0.66875 0.4015625 0.740625 0.4015625 0.740625 0.4390625 0.66875 0.4390625
5 0.8546875 0.6296875 0.9375 0.6296875 0.9375 0.66875 0.8546875 0.66875
5 0.65625 0.6296875 0.734375 0.6296875 0.734375 0.665625 0.65625 0.665625
5 0.459375 0.446875 0.5328125 0.446875 0.5328125 0.4796875 0.459375 0.4796875
5 0.259375 0.3515625 0.3390625 0.3515625 0.3390625 0.3921875 0.259375 0.3921875
5 0.265625 0.396875 0.340625 0.396875 0.340625 0.4359375 0.265625 0.4359375
5 0.1421875 0.48125 0.225 0.48125 0.225 0.51875 0.1421875 0.51875
5 0.1609375 0.534375 0.24375 0.534375 0.24375 0.571875 0.1609375 0.571875
2 0.1609375 0.578125 0.2421875 0.578125 0.2421875 0.6171875 0.1609375 0.6171875
2 0.1515625 0.6265625 0.23125 0.6265625 0.23125 0.6671875 0.1515625 0.6671875
2 0.346875 0.625 0.425 0.625 0.425 0.6625 0.346875 0.6625
2 0.553125 0.575 0.634375 0.575 0.634375 0.6125 0.553125 0.6125
0 0.25625 0.534375 0.3359375 0.534375 0.3359375 0.5734375 0.25625 0.5734375
0 0.2625 0.44375 0.3421875 0.44375 0.3421875 0.48125 0.2625 0.48125
0 0.34375 0.3015625 0.4171875 0.3015625 0.4171875 0.3421875 0.34375 0.3421875
0 0.8359375 0.390625 0.9265625 0.390625 0.9265625 0.425 0.8359375 0.425
0 0.465625 0.4015625 0.5390625 0.4015625 0.5390625 0.4390625 0.465625 0.4390625
0 0.7546875 0.4453125 0.83125 0.4453125 0.83125 0.4796875 0.7546875 0.4796875
3 0.453125 0.3109375 0.5234375 0.3109375 0.5234375 0.34375 0.453125 0.34375
3 0.2625 0.3140625 0.3234375 0.3140625 0.3234375 0.3484375 0.2625 0.3484375
3 0.1890625 0.30625 0.246875 0.30625 0.246875 0.34375 0.1890625 0.34375
3 0.3640625 0.3625 0.4296875 0.3625 0.4296875 0.39375 0.3640625 0.39375
3 0.4625 0.3640625 0.53125 0.3640625 0.53125 0.3953125 0.4625 0.3953125
3 0.559375 0.40625 0.6375 0.40625 0.6375 0.4390625 0.559375 0.4390625
3 0.4609375 0.6265625 0.5328125 0.6265625 0.5328125 0.659375 0.4609375 0.659375
4 0.846875 0.5296875 0.9515625 0.5296875 0.9515625 0.5703125 0.846875 0.5703125
4 0.4484375 0.5765625 0.5359375 0.5765625 0.5359375 0.615625 0.4484375 0.615625
4 0.365625 0.5296875 0.4421875 0.5296875 0.4421875 0.5671875 0.365625 0.5671875
1 0.24375 0.578125 0.3375 0.578125 0.3375 0.6203125 0.24375 0.6203125
1 0.3546875 0.578125 0.4359375 0.578125 0.4359375 0.615625 0.3546875 0.615625
1 0.45625 0.53125 0.5390625 0.53125 0.5390625 0.5703125 0.45625 0.5703125