10 0.2890625 0.490625 0.390625 0.490625 0.390625 0.5625 0.2890625 0.5625
10 0.4984375 0.4921875 0.5921875 0.4921875 0.5921875 0.5578125 0.4984375 0.5578125
10 0.6921875 0.40625 0.7953125 0.40625 0.7953125 0.4765625 0.6921875 0.4765625
10 0.60625 0.2578125 0.6890625 0.2578125 0.6890625 0.340625 0.60625 0.340625
10 0.50625 0.3265625 0.5859375 0.3265625 0.5859375 0.40625 0.50625 0.40625
10 0.4078125 0.1703125 0.490625 0.1703125 0.490625 0.271875 0.4078125 0.271875
10 0.29375 0.3234375 0.4 0.3234375 0.4 0.4078125 0.29375 0.4078125
7 0.0796875 0.33125 0.2140625 0.33125 0.2140625 0.4109375 0.0796875 0.4109375
7 0.78125 0.1578125 0.9046875 0.1578125 0.9046875 0.25625 0.78125 0.25625
7 0.6921875 0.56875 0.7890625 0.56875 0.7890625 0.634375 0.6921875 0.634375
7 0.5921875 0.70625 0.7078125 0.70625 0.7078125 0.809375 0.5921875 0.809375
7 0.3890625 0.4171875 0.4953125 0.4171875 0.4953125 0.4828125 0.3890625 0.4828125
6 0.2046875 0.259375 0.2984375 0.259375 0.2984375 0.3390625 0.2046875 0.3390625
6 0.6015625 0.4109375 0.6921875 0.4109375 0.6921875 0.48125 0.6015625 0.48125
6 0.7953125 0.4109375 0.89375 0.4109375 0.89375 0.4828125 0.7953125 0.4828125
6 0.3953125 0.6375 0.4875 0.6375 0.4875 0.703125 0.3953125 0.703125
4 0.0671875 0.5 0.2015625 0.5 0.2015625 0.559375 0.0671875 0.559375
4 0.490625 0.571875 0.5890625 0.571875 0.5890625 0.63125 0.490625 0.63125
4 0.796875 0.640625 0.9265625 0.640625 0.9265625 0.728125 0.796875 0.728125
4 0.0640625 0.70625 0.2109375 0.70625 0.2109375 0.796875 0.0640625 0.796875
1 0.503125 0.4125 0.59375 0.4125 0.59375 0.4875 0.503125 0.4875