5 0.784375 0.778125 0.8953125 0.778125 0.8953125 0.875 0.784375 0.875
5 0.646875 0.690625 0.7625 0.690625 0.7625 0.7703125 0.646875 0.7703125
3 0.784375 0.525 0.8625 0.525 0.8625 0.6046875 0.784375 0.6046875
3 0.6578125 0.6046875 0.7453125 0.6046875 0.7453125 0.68125 0.6578125 0.68125
3 0.78125 0.6859375 0.871875 0.6859375 0.871875 0.7703125 0.78125 0.7703125
3 0.0625 0.4609375 0.159375 0.4609375 0.159375 0.521875 0.0625 0.521875
3 0.153125 0.390625 0.240625 0.390625 0.240625 0.44375 0.153125 0.44375
3 0.0515625 0.3015625 0.1453125 0.3015625 0.1453125 0.3578125 0.0515625 0.3578125
3 0.1546875 0.228125 0.2421875 0.228125 0.2421875 0.290625 0.1546875 0.290625
2 0.25 0.309375 0.346875 0.309375 0.346875 0.38125 0.25 0.38125
2 0.340625 0.20625 0.43125 0.20625 0.43125 0.28125 0.340625 0.28125
2 0.4515625 0.284375 0.5390625 0.284375 0.5390625 0.353125 0.4515625 0.353125
0 0.140625 0.675 0.246875 0.675 0.246875 0.759375 0.140625 0.759375
0 0.3671875 0.68125 0.4609375 0.68125 0.4609375 0.7640625 0.3671875 0.7640625
0 0.3515625 0.5359375 0.4453125 0.5359375 0.4453125 0.596875 0.3515625 0.596875
0 0.55 0.378125 0.64375 0.378125 0.64375 0.453125 0.55 0.453125
0 0.775 0.365625 0.8859375 0.365625 0.8859375 0.440625 0.775 0.440625
0 0.775 0.18125 0.884375 0.18125 0.884375 0.265625 0.775 0.265625
0 0.3390625 0.38125 0.4421875 0.38125 0.4421875 0.434375 0.3390625 0.434375