5 0.7015625 0.03125 0.7765625 0.03125 0.7765625 0.1703125 0.7015625 0.1703125
5 0.79375 0.1640625 0.890625 0.1640625 0.890625 0.275 0.79375 0.275
3 0.53125 0.8 0.60625 0.8 0.60625 0.903125 0.53125 0.903125
3 0.628125 0.8265625 0.690625 0.8265625 0.690625 0.9421875 0.628125 0.9421875
3 0.7015625 0.834375 0.771875 0.834375 0.771875 0.9484375 0.7015625 0.9484375
3 0.76875 0.83125 0.8484375 0.83125 0.8484375 0.9421875 0.76875 0.9421875
3 0.765625 0.7234375 0.840625 0.7234375 0.840625 0.83125 0.765625 0.83125
3 0.7921875 0.6125 0.8765625 0.6125 0.8765625 0.7109375 0.7921875 0.7109375
3 0.7859375 0.4984375 0.8703125 0.4984375 0.8703125 0.6046875 0.7859375 0.6046875
2 0.203125 0.2 0.30625 0.2 0.30625 0.2828125 0.203125 0.2828125
2 0.221875 0.05 0.3109375 0.05 0.3109375 0.1875 0.221875 0.1875
2 0.2875 0.05625 0.371875 0.05625 0.371875 0.1765625 0.2875 0.1765625
0 0.1984375 0.4921875 0.309375 0.4921875 0.309375 0.5796875 0.1984375 0.5796875
0 0.209375 0.6078125 0.303125 0.6078125 0.303125 0.696875 0.209375 0.696875
0 0.2125 0.690625 0.3046875 0.690625 0.3046875 0.809375 0.2125 0.809375
0 0.2125 0.784375 0.3078125 0.784375 0.3078125 0.9046875 0.2125 0.9046875
0 0.284375 0.7953125 0.36875 0.7953125 0.36875 0.9234375 0.284375 0.9234375
0 0.38125 0.8 0.4515625 0.8 0.4515625 0.9421875 0.38125 0.9421875
0 0.45 0.8171875 0.534375 0.8171875 0.534375 0.9375 0.45 0.9375