2 0.771875 0.334375 0.859375 0.334375 0.859375 0.375 0.771875 0.375
2 0.759375 0.3828125 0.8515625 0.3828125 0.8515625 0.421875 0.759375 0.421875
2 0.58125 0.3359375 0.665625 0.3359375 0.665625 0.3796875 0.58125 0.3796875
2 0.3875 0.3875 0.4734375 0.3875 0.4734375 0.425 0.3875 0.425
1 0.471875 0.43125 0.559375 0.43125 0.559375 0.465625 0.471875 0.465625
1 0.5734375 0.3828125 0.653125 0.3828125 0.653125 0.4265625 0.5734375 0.4265625
1 0.6625 0.38125 0.7609375 0.38125 0.7609375 0.425 0.6625 0.425
4 0.0734375 0.428125 0.184375 0.428125 0.184375 0.46875 0.0734375 0.46875
4 0.5640625 0.428125 0.6578125 0.428125 0.6578125 0.46875 0.5640625 0.46875
4 0.478125 0.384375 0.565625 0.384375 0.565625 0.425 0.478125 0.425
5 0.7671875 0.428125 0.8515625 0.428125 0.8515625 0.4640625 0.7671875 0.4640625
5 0.784375 0.4796875 0.86875 0.4796875 0.86875 0.5140625 0.784375 0.5140625
5 0.684375 0.603125 0.759375 0.603125 0.759375 0.6421875 0.684375 0.6421875
5 0.659375 0.5640625 0.75625 0.5640625 0.75625 0.5984375 0.659375 0.5984375
5 0.275 0.559375 0.365625 0.559375 0.365625 0.596875 0.275 0.596875
5 0.0828125 0.3328125 0.1796875 0.3328125 0.1796875 0.371875 0.0828125 0.371875
3 0.5828125 0.6015625 0.6578125 0.6015625 0.6578125 0.6359375 0.5828125 0.6359375
3 0.475 0.6015625 0.565625 0.6015625 0.565625 0.6328125 0.475 0.6328125
3 0.371875 0.55625 0.453125 0.55625 0.453125 0.590625 0.371875 0.590625
3 0.4921875 0.65 0.5640625 0.65 0.5640625 0.684375 0.4921875 0.684375
3 0.484375 0.340625 0.559375 0.340625 0.559375 0.375 0.484375 0.375
0 0.66875 0.5203125 0.75 0.5203125 0.75 0.5546875 0.66875 0.5546875
0 0.59375 0.65 0.675 0.65 0.675 0.690625 0.59375 0.690625
0 0.1015625 0.571875 0.1890625 0.571875 0.1890625 0.60625 0.1015625 0.60625
0 0.1765625 0.515625 0.2734375 0.515625 0.2734375 0.5546875 0.1765625 0.5546875
0 0.48125 0.559375 0.55625 0.559375 0.55625 0.59375 0.48125 0.59375
0 0.671875 0.428125 0.7515625 0.428125 0.7515625 0.4640625 0.671875 0.4640625
3 0.7515625 0.65625 0.828125 0.65625 0.828125 0.690625 0.7515625 0.690625
3 0.690625 0.6453125 0.75 0.6453125 0.75 0.68125 0.690625 0.68125
5 0.26875 0.3375 0.36875 0.3375 0.36875 0.371875 0.26875 0.371875
5 0.4875 0.5171875 0.5625 0.5171875 0.5625 0.5515625 0.4875 0.5515625
6 0.5625 0.4765625 0.653125 0.4765625 0.653125 0.5171875 0.5625 0.5171875
6 0.184375 0.3375 0.271875 0.3375 0.271875 0.378125 0.184375 0.378125
6 0.08125 0.3875 0.184375 0.3875 0.184375 0.425 0.08125 0.425
6 0.1 0.6546875 0.2 0.6546875 0.2 0.6953125 0.1 0.6953125
6 0.196875 0.478125 0.284375 0.478125 0.284375 0.5125 0.196875 0.5125
6 0.3 0.603125 0.390625 0.603125 0.390625 0.646875 0.3 0.646875
7 0.6765625 0.334375 0.7640625 0.334375 0.7640625 0.375 0.6765625 0.375
7 0.3828125 0.3375 0.4796875 0.3375 0.4796875 0.38125 0.3828125 0.38125
7 0.2765625 0.3828125 0.3703125 0.3828125 0.3703125 0.4234375 0.2765625 0.4234375
10 0.190625 0.5625 0.278125 0.5625 0.278125 0.6109375 0.190625 0.6109375
10 0.28125 0.4375 0.371875 0.4375 0.371875 0.471875 0.28125 0.471875
10 0.3703125 0.434375 0.4671875 0.434375 0.4671875 0.475 0.3703125 0.475
9 0.3046875 0.6453125 0.3796875 0.6453125 0.3796875 0.68125 0.3046875 0.68125
9 0.196875 0.6546875 0.29375 0.6546875 0.29375 0.69375 0.196875 0.69375
9 0.4125 0.64375 0.4890625 0.64375 0.4890625 0.68125 0.4125 0.68125
9 0.4 0.471875 0.475 0.471875 0.475 0.509375 0.4 0.509375
9 0.29375 0.4765625 0.375 0.4765625 0.375 0.5109375 0.29375 0.5109375
9 0.18125 0.390625 0.2640625 0.390625 0.2640625 0.425 0.18125 0.425
9 0.1765625 0.434375 0.2640625 0.434375 0.2640625 0.475 0.1765625 0.475
9 0.3921875 0.5953125 0.4640625 0.5953125 0.4640625 0.6296875 0.3921875 0.6296875
8 0.0984375 0.484375 0.2015625 0.484375 0.2015625 0.51875 0.0984375 0.51875
8 0.2859375 0.521875 0.3828125 0.521875 0.3828125 0.55625 0.2859375 0.55625
8 0.575 0.51875 0.6625 0.51875 0.6625 0.5578125 0.575 0.5578125
8 0.765625 0.521875 0.85625 0.521875 0.85625 0.5625 0.765625 0.5625
8 0.7546875 0.5625 0.8625 0.5625 0.8625 0.59375 0.7546875 0.59375
8 0.5734375 0.5625 0.6625 0.5625 0.6625 0.6015625 0.5734375 0.6015625
8 0.5734375 0.515625 0.659375 0.515625 0.659375 0.55625 0.5734375 0.55625
11 0.0875 0.51875 0.1796875 0.51875 0.1796875 0.553125 0.0875 0.553125
11 0.096875 0.6125 0.1875 0.6125 0.1875 0.6515625 0.096875 0.6515625
11 0.3921875 0.5203125 0.4765625 0.5203125 0.4765625 0.5546875 0.3921875 0.5546875
11 0.496875 0.4734375 0.565625 0.4734375 0.565625 0.5078125 0.496875 0.5078125
11 0.66875 0.4765625 0.75 0.4765625 0.75 0.5109375 0.66875 0.5109375
11 0.778125 0.6125 0.865625 0.6125 0.865625 0.65625 0.778125 0.65625