9 0.6953125 0.165625 0.7265625 0.165625 0.7265625 0.21875 0.6953125 0.21875
6 0.6875 0.2640625 0.73125 0.2640625 0.73125 0.3328125 0.6875 0.3328125
6 0.6875 0.4578125 0.721875 0.4578125 0.721875 0.5296875 0.6875 0.5296875
6 0.65 0.43125 0.6796875 0.43125 0.6796875 0.5078125 0.65 0.5078125
6 0.6125 0.2640625 0.64375 0.2640625 0.64375 0.3328125 0.6125 0.3328125
6 0.5703125 0.3546875 0.6 0.3546875 0.6 0.4234375 0.5703125 0.4234375
6 0.5703125 0.1578125 0.6015625 0.1578125 0.6015625 0.2203125 0.5703125 0.2203125
0 0.525 0.2453125 0.55625 0.2453125 0.55625 0.3109375 0.525 0.3109375
0 0.478125 0.5296875 0.5046875 0.5296875 0.5046875 0.6015625 0.478125 0.6015625
0 0.4265625 0.521875 0.4546875 0.521875 0.4546875 0.6 0.4265625 0.6
0 0.3921875 0.328125 0.421875 0.328125 0.421875 0.403125 0.3921875 0.403125
0 0.4265625 0.2453125 0.4578125 0.2453125 0.4578125 0.3125 0.4265625 0.3125
0 0.3828125 0.1453125 0.415625 0.1453125 0.415625 0.2171875 0.3828125 0.2171875
3 0.4359375 0.1453125 0.4609375 0.1453125 0.4609375 0.2015625 0.4359375 0.2015625
3 0.484375 0.1671875 0.5140625 0.1671875 0.5140625 0.225 0.484375 0.225
3 0.5203125 0.153125 0.54375 0.153125 0.54375 0.209375 0.5203125 0.209375
3 0.51875 0.3609375 0.546875 0.3609375 0.546875 0.415625 0.51875 0.415625
3 0.521875 0.4296875 0.5484375 0.4296875 0.5484375 0.484375 0.521875 0.484375
3 0.4875 0.3421875 0.5125 0.3421875 0.5125 0.3984375 0.4875 0.3984375
3 0.478125 0.246875 0.503125 0.246875 0.503125 0.3109375 0.478125 0.3109375
3 0.4734375 0.434375 0.503125 0.434375 0.503125 0.4921875 0.4734375 0.4921875
3 0.4390625 0.4484375 0.465625 0.4484375 0.465625 0.5046875 0.4390625 0.5046875
3 0.440625 0.3609375 0.4625 0.3609375 0.4625 0.4171875 0.440625 0.4171875
3 0.390625 0.43125 0.4171875 0.43125 0.4171875 0.49375 0.390625 0.49375
3 0.390625 0.5359375 0.41875 0.5359375 0.41875 0.5984375 0.390625 0.5984375
3 0.39375 0.2421875 0.421875 0.2421875 0.421875 0.3015625 0.39375 0.3015625
9 0.6546875 0.15 0.6828125 0.15 0.6828125 0.20625 0.6546875 0.20625
9 0.609375 0.1609375 0.6390625 0.1609375 0.6390625 0.21875 0.609375 0.21875
9 0.65 0.259375 0.6796875 0.259375 0.6796875 0.3140625 0.65 0.3140625
9 0.646875 0.340625 0.6765625 0.340625 0.6765625 0.4 0.646875 0.4
9 0.6453125 0.5390625 0.66875 0.5390625 0.66875 0.6015625 0.6453125 0.6015625
9 0.6859375 0.5203125 0.715625 0.5203125 0.715625 0.58125 0.6859375 0.58125
9 0.69375 0.3546875 0.7234375 0.3546875 0.7234375 0.4171875 0.69375 0.4171875
9 0.6015625 0.5328125 0.6296875 0.5328125 0.6296875 0.5921875 0.6015625 0.5921875
9 0.6046875 0.44375 0.63125 0.44375 0.63125 0.5078125 0.6046875 0.5078125
9 0.5703125 0.45 0.5953125 0.45 0.5953125 0.5125 0.5703125 0.5125
9 0.5546875 0.54375 0.5796875 0.54375 0.5796875 0.603125 0.5546875 0.603125
9 0.6109375 0.3609375 0.6390625 0.3609375 0.6390625 0.41875 0.6109375 0.41875
9 0.565625 0.265625 0.590625 0.265625 0.590625 0.328125 0.565625 0.328125