6 0.24375 0.4328125 0.2828125 0.4328125 0.2828125 0.528125 0.24375 0.528125
6 0.3 0.4640625 0.3375 0.4640625 0.3375 0.559375 0.3 0.559375
6 0.35 0.4390625 0.3875 0.4390625 0.3875 0.528125 0.35 0.528125
6 0.3 0.359375 0.3359375 0.359375 0.3359375 0.440625 0.3 0.440625
6 0.34375 0.2328125 0.3796875 0.2328125 0.3796875 0.3125 0.34375 0.3125
6 0.4 0.3359375 0.4328125 0.3359375 0.4328125 0.4125 0.4 0.4125
0 0.396875 0.4359375 0.4328125 0.4359375 0.4328125 0.5203125 0.396875 0.5203125
0 0.39375 0.24375 0.434375 0.24375 0.434375 0.325 0.39375 0.325
0 0.3421875 0.14375 0.3796875 0.14375 0.3796875 0.228125 0.3421875 0.228125
0 0.3515625 0.34375 0.3890625 0.34375 0.3890625 0.428125 0.3515625 0.428125
0 0.3015625 0.2484375 0.3359375 0.2484375 0.3359375 0.325 0.3015625 0.325
0 0.234375 0.14375 0.278125 0.14375 0.278125 0.2375 0.234375 0.2375