0 0.621875 0.621875 0.70625 0.621875 0.70625 0.6484375 0.621875 0.6484375
0 0.690625 0.58125 0.7796875 0.58125 0.7796875 0.60625 0.690625 0.60625
0 0.6046875 0.540625 0.6921875 0.540625 0.6921875 0.565625 0.6046875 0.565625
0 0.5421875 0.5046875 0.6265625 0.5046875 0.6265625 0.528125 0.5421875 0.528125
0 0.6046875 0.4703125 0.6921875 0.4703125 0.6921875 0.49375 0.6046875 0.49375
0 0.525 0.5828125 0.609375 0.5828125 0.609375 0.6078125 0.525 0.6078125
6 0.51875 0.5453125 0.6015625 0.5453125 0.6015625 0.5703125 0.51875 0.5703125
6 0.60625 0.5828125 0.6875 0.5828125 0.6875 0.609375 0.60625 0.609375
6 0.696875 0.6203125 0.7828125 0.6203125 0.7828125 0.646875 0.696875 0.646875
6 0.678125 0.540625 0.7625 0.540625 0.7625 0.565625 0.678125 0.565625
6 0.678125 0.496875 0.765625 0.496875 0.765625 0.51875 0.678125 0.51875
6 0.603125 0.503125 0.68125 0.503125 0.68125 0.528125 0.603125 0.528125