0 0.65625 0.4421875 0.696875 0.4421875 0.696875 0.55 0.65625 0.55
0 0.703125 0.49375 0.74375 0.49375 0.74375 0.575 0.703125 0.575
0 0.7046875 0.584375 0.7453125 0.584375 0.7453125 0.66875 0.7046875 0.66875
0 0.6140625 0.6734375 0.6453125 0.6734375 0.6453125 0.7625 0.6140625 0.7625
0 0.6109375 0.778125 0.6484375 0.778125 0.6484375 0.85625 0.6109375 0.85625
0 0.43125 0.6859375 0.4703125 0.6859375 0.4703125 0.7859375 0.43125 0.7859375
6 0.665625 0.671875 0.70625 0.671875 0.70625 0.753125 0.665625 0.753125
6 0.615625 0.5734375 0.6484375 0.5734375 0.6484375 0.659375 0.615625 0.659375
6 0.6109375 0.4671875 0.6421875 0.4671875 0.6421875 0.5703125 0.6109375 0.5703125
6 0.615625 0.3734375 0.6515625 0.3734375 0.6515625 0.4546875 0.615625 0.4546875
6 0.51875 0.7859375 0.5625 0.7859375 0.5625 0.86875 0.51875 0.86875
6 0.475 0.6734375 0.5140625 0.6734375 0.5140625 0.76875 0.475 0.76875