6 0.246875 0.4375 0.2796875 0.4375 0.2796875 0.521875 0.246875 0.521875
6 0.3046875 0.4625 0.3359375 0.4625 0.3359375 0.5375 0.3046875 0.5375
6 0.303125 0.359375 0.3359375 0.359375 0.3359375 0.43125 0.303125 0.43125
6 0.35625 0.4421875 0.3875 0.4421875 0.3875 0.5171875 0.35625 0.5171875
6 0.4 0.3359375 0.4296875 0.3359375 0.4296875 0.40625 0.4 0.40625
0 0.4 0.428125 0.43125 0.428125 0.43125 0.5046875 0.4 0.5046875
0 0.353125 0.35 0.3875 0.35 0.3875 0.4203125 0.353125 0.4203125
0 0.303125 0.2484375 0.3359375 0.2484375 0.3359375 0.31875 0.303125 0.31875
0 0.4 0.2515625 0.43125 0.2515625 0.43125 0.315625 0.4 0.315625
6 0.34375 0.2359375 0.375 0.2359375 0.375 0.3 0.34375 0.3
0 0.2390625 0.153125 0.275 0.153125 0.275 0.21875 0.2390625 0.21875
0 0.3453125 0.1484375 0.378125 0.1484375 0.378125 0.215625 0.3453125 0.215625