0 0.228125 0.5421875 0.30625 0.5421875 0.30625 0.5703125 0.228125 0.5703125
6 0.3125 0.540625 0.39375 0.540625 0.39375 0.565625 0.3125 0.565625
0 0.4046875 0.5546875 0.484375 0.5546875 0.484375 0.5796875 0.4046875 0.5796875
0 0.1296875 0.5984375 0.2015625 0.5984375 0.2015625 0.6265625 0.1296875 0.6265625
6 0.225 0.584375 0.296875 0.584375 0.296875 0.6125 0.225 0.6125
0 0.325 0.5875 0.4015625 0.5875 0.4015625 0.6125 0.325 0.6125
6 0.409375 0.5828125 0.4875 0.5828125 0.4875 0.6078125 0.409375 0.6078125
0 0.4828125 0.5875 0.5578125 0.5875 0.5578125 0.6125 0.4828125 0.6125
6 0.421875 0.625 0.503125 0.625 0.503125 0.653125 0.421875 0.653125
6 0.31875 0.625 0.4 0.625 0.4 0.653125 0.31875 0.653125
0 0.2265625 0.6375 0.3015625 0.6375 0.3015625 0.665625 0.2265625 0.665625
6 0.128125 0.640625 0.2 0.640625 0.2 0.66875 0.128125 0.66875