3 0.465625 0.4484375 0.490625 0.4484375 0.490625 0.5109375 0.465625 0.5109375
3 0.496875 0.4390625 0.5234375 0.4390625 0.5234375 0.5015625 0.496875 0.5015625
3 0.50625 0.365625 0.5296875 0.365625 0.5296875 0.4265625 0.50625 0.4265625
3 0.459375 0.35625 0.490625 0.35625 0.490625 0.4140625 0.459375 0.4140625
3 0.459375 0.284375 0.484375 0.284375 0.484375 0.34375 0.459375 0.34375
3 0.496875 0.275 0.521875 0.275 0.521875 0.3375 0.496875 0.3375
3 0.546875 0.3484375 0.571875 0.3484375 0.571875 0.415625 0.546875 0.415625
3 0.421875 0.4453125 0.446875 0.4453125 0.446875 0.5046875 0.421875 0.5046875
3 0.58125 0.36875 0.60625 0.36875 0.60625 0.434375 0.58125 0.434375
3 0.5890625 0.4375 0.6125 0.4375 0.6125 0.49375 0.5890625 0.49375
3 0.584375 0.26875 0.6125 0.26875 0.6125 0.3359375 0.584375 0.3359375
3 0.5453125 0.1921875 0.5703125 0.1921875 0.5703125 0.2453125 0.5453125 0.2453125
3 0.465625 0.1796875 0.4875 0.1796875 0.4875 0.2515625 0.465625 0.2515625
3 0.4203125 0.1875 0.44375 0.1875 0.44375 0.246875 0.4203125 0.246875
0 0.41875 0.3515625 0.446875 0.3515625 0.446875 0.43125 0.41875 0.43125
0 0.4171875 0.2453125 0.446875 0.2453125 0.446875 0.328125 0.4171875 0.328125
0 0.5078125 0.1734375 0.5359375 0.1734375 0.5359375 0.2640625 0.5078125 0.2640625
0 0.5421875 0.2453125 0.5703125 0.2453125 0.5703125 0.3265625 0.5421875 0.3265625
0 0.5828125 0.159375 0.6109375 0.159375 0.6109375 0.24375 0.5828125 0.24375
0 0.5484375 0.440625 0.575 0.440625 0.575 0.521875 0.5484375 0.521875
9 0.4203125 0.828125 0.4453125 0.828125 0.4453125 0.8875 0.4203125 0.8875
9 0.4109375 0.7296875 0.4390625 0.7296875 0.4390625 0.7859375 0.4109375 0.7859375
9 0.415625 0.6375 0.44375 0.6375 0.44375 0.690625 0.415625 0.690625
9 0.409375 0.53125 0.440625 0.53125 0.440625 0.584375 0.409375 0.584375
9 0.4578125 0.634375 0.4828125 0.634375 0.4828125 0.684375 0.4578125 0.684375
9 0.4546875 0.5609375 0.4828125 0.5609375 0.4828125 0.615625 0.4546875 0.615625
9 0.4984375 0.6453125 0.525 0.6453125 0.525 0.703125 0.4984375 0.703125
9 0.50625 0.725 0.5328125 0.725 0.5328125 0.778125 0.50625 0.778125
9 0.4984375 0.83125 0.528125 0.83125 0.528125 0.8984375 0.4984375 0.8984375
9 0.5453125 0.725 0.5734375 0.725 0.5734375 0.784375 0.5453125 0.784375
9 0.540625 0.53125 0.56875 0.53125 0.56875 0.5984375 0.540625 0.5984375
9 0.590625 0.6265625 0.615625 0.6265625 0.615625 0.6890625 0.590625 0.6890625
9 0.590625 0.8171875 0.61875 0.8171875 0.61875 0.875 0.590625 0.875
9 0.5953125 0.7203125 0.6234375 0.7203125 0.6234375 0.7765625 0.5953125 0.7765625
6 0.5421875 0.8234375 0.5734375 0.8234375 0.5734375 0.8828125 0.5421875 0.8828125
6 0.540625 0.625 0.571875 0.625 0.571875 0.7 0.540625 0.7
6 0.5 0.5421875 0.528125 0.5421875 0.528125 0.615625 0.5 0.615625
6 0.5875 0.528125 0.615625 0.528125 0.615625 0.60625 0.5875 0.60625
6 0.45 0.8171875 0.478125 0.8171875 0.478125 0.8859375 0.45 0.8859375
6 0.4625 0.7265625 0.490625 0.7265625 0.490625 0.7921875 0.4625 0.7921875