9 0.084375 0.759375 0.175 0.759375 0.175 0.803125 0.084375 0.803125
9 0.1453125 0.665625 0.2296875 0.665625 0.2296875 0.7125 0.1453125 0.7125
9 0.1765625 0.621875 0.259375 0.621875 0.259375 0.6625 0.1765625 0.6625
9 0.553125 0.728125 0.628125 0.728125 0.628125 0.765625 0.553125 0.765625
9 0.5296875 0.696875 0.6015625 0.696875 0.6015625 0.7328125 0.5296875 0.7328125
9 0.721875 0.7265625 0.8125 0.7265625 0.8125 0.775 0.721875 0.775
9 0.625 0.6109375 0.71875 0.6109375 0.71875 0.6609375 0.625 0.6609375
9 0.496875 0.559375 0.578125 0.559375 0.578125 0.6140625 0.496875 0.6140625
9 0.3859375 0.453125 0.4671875 0.453125 0.4671875 0.503125 0.3859375 0.503125
9 0.4875 0.46875 0.5625 0.46875 0.5625 0.50625 0.4875 0.50625
9 0.7046875 0.5234375 0.7734375 0.5234375 0.7734375 0.5578125 0.7046875 0.5578125
9 0.16875 0.4109375 0.253125 0.4109375 0.253125 0.4515625 0.16875 0.4515625
3 0.053125 0.553125 0.1453125 0.553125 0.1453125 0.59375 0.053125 0.59375
3 0.271875 0.759375 0.365625 0.759375 0.365625 0.8015625 0.271875 0.8015625
3 0.2734375 0.66875 0.3484375 0.66875 0.3484375 0.709375 0.2734375 0.709375
3 0.3703125 0.6703125 0.4515625 0.6703125 0.4515625 0.709375 0.3703125 0.709375
3 0.3890625 0.609375 0.4734375 0.609375 0.4734375 0.646875 0.3890625 0.646875
3 0.290625 0.575 0.36875 0.575 0.36875 0.6125 0.290625 0.6125
3 0.159375 0.521875 0.25 0.521875 0.25 0.559375 0.159375 0.559375
3 0.30625 0.5203125 0.378125 0.5203125 0.378125 0.5546875 0.30625 0.5546875
3 0.6078125 0.503125 0.68125 0.503125 0.68125 0.54375 0.6078125 0.54375
3 0.7265625 0.6734375 0.8046875 0.6734375 0.8046875 0.715625 0.7265625 0.715625
3 0.828125 0.6234375 0.91875 0.6234375 0.91875 0.6671875 0.828125 0.6671875
3 0.3765625 0.4046875 0.4640625 0.4046875 0.4640625 0.4453125 0.3765625 0.4453125