3 0.609375 0.734375 0.6375 0.734375 0.6375 0.790625 0.609375 0.790625
3 0.521875 0.709375 0.553125 0.709375 0.553125 0.7671875 0.521875 0.7671875
3 0.51875 0.6359375 0.5453125 0.6359375 0.5453125 0.6890625 0.51875 0.6890625
3 0.5734375 0.6109375 0.6 0.6109375 0.6 0.66875 0.5734375 0.66875
3 0.60625 0.625 0.63125 0.625 0.63125 0.678125 0.60625 0.678125
3 0.4734375 0.7015625 0.5 0.7015625 0.5 0.753125 0.4734375 0.753125
3 0.4765625 0.621875 0.5046875 0.621875 0.5046875 0.675 0.4765625 0.675
3 0.4296875 0.721875 0.4578125 0.721875 0.4578125 0.78125 0.4296875 0.78125
3 0.384375 0.7109375 0.4140625 0.7109375 0.4140625 0.7640625 0.384375 0.7640625
3 0.4328125 0.821875 0.4609375 0.821875 0.4609375 0.878125 0.4328125 0.878125
3 0.5609375 0.8171875 0.5890625 0.8171875 0.5890625 0.878125 0.5609375 0.878125
9 0.525 0.81875 0.5515625 0.81875 0.5515625 0.8765625 0.525 0.8765625
9 0.4765625 0.8140625 0.5015625 0.8140625 0.5015625 0.8703125 0.4765625 0.8703125
9 0.5609375 0.6921875 0.5890625 0.6921875 0.5890625 0.7484375 0.5609375 0.7484375
9 0.4265625 0.61875 0.4546875 0.61875 0.4546875 0.6765625 0.4265625 0.6765625
9 0.44375 0.525 0.46875 0.525 0.46875 0.584375 0.44375 0.584375
9 0.3921875 0.515625 0.4203125 0.515625 0.4203125 0.575 0.3921875 0.575
9 0.3859375 0.8046875 0.4140625 0.8046875 0.4140625 0.8609375 0.3859375 0.8609375
9 0.525 0.509375 0.55 0.509375 0.55 0.5703125 0.525 0.5703125
9 0.5546875 0.503125 0.58125 0.503125 0.58125 0.5671875 0.5546875 0.5671875
9 0.609375 0.509375 0.634375 0.509375 0.634375 0.5734375 0.609375 0.5734375
9 0.6125 0.415625 0.640625 0.415625 0.640625 0.48125 0.6125 0.48125
9 0.56875 0.4125 0.59375 0.4125 0.59375 0.478125 0.56875 0.478125
9 0.5671875 0.23125 0.59375 0.23125 0.59375 0.303125 0.5671875 0.303125
9 0.60625 0.240625 0.63125 0.240625 0.63125 0.309375 0.60625 0.309375
9 0.5671875 0.15 0.5921875 0.15 0.5921875 0.2203125 0.5671875 0.2203125
9 0.4390625 0.1515625 0.4640625 0.1515625 0.4640625 0.2203125 0.4390625 0.2203125
9 0.48125 0.1578125 0.5046875 0.1578125 0.5046875 0.23125 0.48125 0.23125
9 0.4796875 0.2375 0.5046875 0.2375 0.5046875 0.30625 0.4796875 0.30625
9 0.471875 0.3390625 0.4984375 0.3390625 0.4984375 0.4046875 0.471875 0.4046875
9 0.44375 0.3203125 0.4703125 0.3203125 0.4703125 0.3859375 0.44375 0.3859375
9 0.3984375 0.321875 0.4265625 0.321875 0.4265625 0.3890625 0.3984375 0.3890625
9 0.35625 0.25 0.384375 0.25 0.384375 0.315625 0.35625 0.315625
9 0.4015625 0.40625 0.4265625 0.40625 0.4265625 0.465625 0.4015625 0.465625
9 0.4328125 0.4078125 0.4609375 0.4078125 0.4609375 0.4734375 0.4328125 0.4734375
3 0.48125 0.4203125 0.509375 0.4203125 0.509375 0.4828125 0.48125 0.4828125
3 0.525 0.4171875 0.553125 0.4171875 0.553125 0.4796875 0.525 0.4796875
3 0.515625 0.334375 0.540625 0.334375 0.540625 0.4 0.515625 0.4
3 0.565625 0.3453125 0.5890625 0.3453125 0.5890625 0.4109375 0.565625 0.4109375
3 0.521875 0.253125 0.546875 0.253125 0.546875 0.321875 0.521875 0.321875
3 0.446875 0.2359375 0.4734375 0.2359375 0.4734375 0.303125 0.446875 0.303125
3 0.53125 0.1375 0.55625 0.1375 0.55625 0.209375 0.53125 0.209375
3 0.3578125 0.1625 0.3859375 0.1625 0.3859375 0.23125 0.3578125 0.23125
3 0.3984375 0.21875 0.4265625 0.21875 0.4265625 0.290625 0.3984375 0.290625
3 0.6140625 0.1390625 0.6421875 0.1390625 0.6421875 0.2109375 0.6140625 0.2109375
3 0.60625 0.328125 0.634375 0.328125 0.634375 0.396875 0.60625 0.396875
3 0.4859375 0.528125 0.5109375 0.528125 0.5109375 0.5859375 0.4859375 0.5859375