6 0.7171875 0.471875 0.75625 0.471875 0.75625 0.5671875 0.7171875 0.5671875
6 0.6625 0.440625 0.7 0.440625 0.7 0.5359375 0.6625 0.5359375
6 0.6125 0.471875 0.65 0.471875 0.65 0.5609375 0.6125 0.5609375
6 0.6640625 0.559375 0.7 0.559375 0.7 0.640625 0.6640625 0.640625
6 0.6203125 0.6875 0.65625 0.6875 0.65625 0.7671875 0.6203125 0.7671875
6 0.5671875 0.5875 0.6 0.5875 0.6 0.6640625 0.5671875 0.6640625
0 0.5671875 0.4796875 0.603125 0.4796875 0.603125 0.5640625 0.5671875 0.5640625
0 0.565625 0.675 0.60625 0.675 0.60625 0.75625 0.565625 0.75625
0 0.6203125 0.771875 0.6578125 0.771875 0.6578125 0.85625 0.6203125 0.85625
0 0.6109375 0.571875 0.6484375 0.571875 0.6484375 0.65625 0.6109375 0.65625
0 0.6640625 0.675 0.6984375 0.675 0.6984375 0.7515625 0.6640625 0.7515625
0 0.721875 0.7640625 0.765625 0.7640625 0.765625 0.85625 0.721875 0.85625