6 0.246875 0.4390625 0.28125 0.4390625 0.28125 0.521875 0.246875 0.521875
6 0.3046875 0.4640625 0.3359375 0.4640625 0.3359375 0.5375 0.3046875 0.5375
6 0.303125 0.3578125 0.3359375 0.3578125 0.3359375 0.4296875 0.303125 0.4296875
6 0.35625 0.4421875 0.3875 0.4421875 0.3875 0.5171875 0.35625 0.5171875
6 0.4 0.334375 0.4296875 0.334375 0.4296875 0.4046875 0.4 0.4046875
0 0.4015625 0.428125 0.4328125 0.428125 0.4328125 0.5046875 0.4015625 0.5046875
0 0.353125 0.35 0.3875 0.35 0.3875 0.4203125 0.353125 0.4203125
0 0.3015625 0.25 0.334375 0.25 0.334375 0.31875 0.3015625 0.31875
0 0.4015625 0.2515625 0.4328125 0.2515625 0.4328125 0.315625 0.4015625 0.315625
6 0.34375 0.234375 0.3734375 0.234375 0.3734375 0.3 0.34375 0.3
0 0.240625 0.153125 0.2765625 0.153125 0.2765625 0.21875 0.240625 0.21875
0 0.3453125 0.146875 0.378125 0.146875 0.378125 0.215625 0.3453125 0.215625