9 0.125 0.459375 0.1796875 0.459375 0.1796875 0.4859375 0.125 0.4859375
9 0.203125 0.5421875 0.2578125 0.5421875 0.2578125 0.5671875 0.203125 0.5671875
9 0.2171875 0.3703125 0.2671875 0.3703125 0.2671875 0.3984375 0.2171875 0.3984375
9 0.4171875 0.45625 0.4734375 0.45625 0.4734375 0.48125 0.4171875 0.48125
9 0.315625 0.5015625 0.375 0.5015625 0.375 0.5296875 0.315625 0.5296875
9 0.3109375 0.465625 0.36875 0.465625 0.36875 0.490625 0.3109375 0.490625
9 0.4171875 0.540625 0.4703125 0.540625 0.4703125 0.5640625 0.4171875 0.5640625
9 0.5703125 0.5828125 0.63125 0.5828125 0.63125 0.6109375 0.5703125 0.6109375
6 0.1171875 0.3234375 0.18125 0.3234375 0.18125 0.3578125 0.1171875 0.3578125
6 0.221875 0.275 0.2890625 0.275 0.2890625 0.30625 0.221875 0.30625
6 0.215625 0.459375 0.28125 0.459375 0.28125 0.4890625 0.215625 0.4890625
6 0.2109375 0.6015625 0.2765625 0.6015625 0.2765625 0.63125 0.2109375 0.63125
6 0.409375 0.590625 0.484375 0.590625 0.484375 0.6234375 0.409375 0.6234375
6 0.675 0.503125 0.759375 0.503125 0.759375 0.528125 0.675 0.528125
8 0.13125 0.4125 0.2 0.4125 0.2 0.446875 0.13125 0.446875
8 0.7546875 0.421875 0.840625 0.421875 0.840625 0.453125 0.7546875 0.453125
8 0.6546875 0.2890625 0.75 0.2890625 0.75 0.3234375 0.6546875 0.3234375
8 0.759375 0.2921875 0.8515625 0.2921875 0.8515625 0.3296875 0.759375 0.3296875
8 0.759375 0.50625 0.846875 0.50625 0.846875 0.534375 0.759375 0.534375
11 0.4984375 0.459375 0.571875 0.459375 0.571875 0.4875 0.4984375 0.4875
11 0.4984375 0.5046875 0.5796875 0.5046875 0.5796875 0.5328125 0.4984375 0.5328125
11 0.2203125 0.50625 0.290625 0.50625 0.290625 0.5375 0.2203125 0.5375
11 0.1109375 0.5078125 0.1796875 0.5078125 0.1796875 0.5359375 0.1109375 0.5359375
11 0.75625 0.4703125 0.8375 0.4703125 0.8375 0.4984375 0.75625 0.4984375
11 0.665625 0.5828125 0.7515625 0.5828125 0.7515625 0.6109375 0.665625 0.6109375
5 0.678125 0.540625 0.7625 0.540625 0.7625 0.571875 0.678125 0.571875
5 0.5828125 0.4546875 0.6609375 0.4546875 0.6609375 0.4828125 0.5828125 0.4828125
5 0.665625 0.425 0.7484375 0.425 0.7484375 0.453125 0.665625 0.453125
5 0.6515625 0.3421875 0.734375 0.3421875 0.734375 0.3765625 0.6515625 0.3765625
5 0.321875 0.2828125 0.3984375 0.2828125 0.3984375 0.321875 0.321875 0.321875
5 0.4078125 0.5015625 0.484375 0.5015625 0.484375 0.5328125 0.4078125 0.5328125
3 0.5 0.5421875 0.559375 0.5421875 0.559375 0.56875 0.5 0.56875
3 0.50625 0.596875 0.56875 0.596875 0.56875 0.6203125 0.50625 0.6203125
3 0.590625 0.54375 0.65625 0.54375 0.65625 0.56875 0.590625 0.56875
3 0.5765625 0.503125 0.640625 0.503125 0.640625 0.5328125 0.5765625 0.5328125
3 0.5875 0.3 0.64375 0.3 0.64375 0.328125 0.5875 0.328125
3 0.7515625 0.5484375 0.8265625 0.5484375 0.8265625 0.5734375 0.7515625 0.5734375
3 0.321875 0.603125 0.38125 0.603125 0.38125 0.628125 0.321875 0.628125
5 0.1 0.6015625 0.1703125 0.6015625 0.1703125 0.6328125 0.1 0.6328125
0 0.115625 0.5390625 0.178125 0.5390625 0.178125 0.565625 0.115625 0.565625
5 0.1078125 0.365625 0.175 0.365625 0.175 0.4 0.1078125 0.4
4 0.4875 0.4140625 0.58125 0.4140625 0.58125 0.45 0.4875 0.45
4 0.4984375 0.375 0.5984375 0.375 0.5984375 0.4125 0.4984375 0.4125
1 0.3984375 0.4125 0.4890625 0.4125 0.4890625 0.45 0.3984375 0.45
1 0.396875 0.3203125 0.4890625 0.3203125 0.4890625 0.3625 0.396875 0.3625
0 0.675 0.4625 0.759375 0.4625 0.759375 0.490625 0.675 0.490625
0 0.7703125 0.3828125 0.8609375 0.3828125 0.8609375 0.4109375 0.7703125 0.4109375
0 0.7453125 0.58125 0.8328125 0.58125 0.8328125 0.6125 0.7453125 0.6125
4 0.3046875 0.3625 0.3890625 0.3625 0.3890625 0.403125 0.3046875 0.403125
1 0.3046875 0.409375 0.396875 0.409375 0.396875 0.446875 0.3046875 0.446875
10 0.2328125 0.4015625 0.31875 0.4015625 0.31875 0.4375 0.2328125 0.4375
8 0.4015625 0.28125 0.4859375 0.28125 0.4859375 0.3125 0.4015625 0.3125
7 0.5734375 0.4171875 0.6765625 0.4171875 0.6765625 0.4515625 0.5734375 0.4515625
7 0.740625 0.3359375 0.8625 0.3359375 0.8625 0.3765625 0.740625 0.3765625
10 0.5796875 0.3765625 0.6859375 0.3765625 0.6859375 0.4140625 0.5796875 0.4140625
2 0.5875 0.3359375 0.659375 0.3359375 0.659375 0.3703125 0.5875 0.3703125
2 0.484375 0.34375 0.5703125 0.34375 0.5703125 0.3734375 0.484375 0.3734375
10 0.3921875 0.3640625 0.490625 0.3640625 0.490625 0.4046875 0.3921875 0.4046875
7 0.2203125 0.3046875 0.3078125 0.3046875 0.3078125 0.35 0.2203125 0.35
2 0.3 0.325 0.384375 0.325 0.384375 0.359375 0.3 0.359375
0 0.3015625 0.5390625 0.3734375 0.5390625 0.3734375 0.56875 0.3015625 0.56875
2 0.6796875 0.3890625 0.7671875 0.3890625 0.7671875 0.41875 0.6796875 0.41875
0 0.509375 0.296875 0.5875 0.296875 0.5875 0.334375 0.509375 0.334375