0 0.5375 0.390625 0.56875 0.390625 0.56875 0.4734375 0.5375 0.4734375
0 0.4921875 0.3859375 0.525 0.3859375 0.525 0.46875 0.4921875 0.46875
0 0.4890625 0.559375 0.51875 0.559375 0.51875 0.653125 0.4890625 0.653125
0 0.4484375 0.6578125 0.478125 0.6578125 0.478125 0.7453125 0.4484375 0.7453125
0 0.4484375 0.471875 0.48125 0.471875 0.48125 0.553125 0.4484375 0.553125
0 0.48125 0.1828125 0.515625 0.1828125 0.515625 0.2484375 0.48125 0.2484375
6 0.6625 0.475 0.696875 0.475 0.696875 0.55625 0.6625 0.55625
6 0.659375 0.5609375 0.6984375 0.5609375 0.6984375 0.6484375 0.659375 0.6484375
6 0.646875 0.7921875 0.68125 0.7921875 0.68125 0.8875 0.646875 0.8875
6 0.6203125 0.290625 0.653125 0.290625 0.653125 0.359375 0.6203125 0.359375
9 0.66875 0.1828125 0.7 0.1828125 0.7 0.2421875 0.66875 0.2421875
9 0.6765625 0.296875 0.7078125 0.296875 0.7078125 0.365625 0.6765625 0.365625
9 0.6640625 0.378125 0.69375 0.378125 0.69375 0.45 0.6640625 0.45
9 0.6328125 0.396875 0.6609375 0.396875 0.6609375 0.45625 0.6328125 0.45625
9 0.61875 0.48125 0.64375 0.48125 0.64375 0.5484375 0.61875 0.5484375
9 0.61875 0.575 0.6484375 0.575 0.6484375 0.6359375 0.61875 0.6359375
9 0.6125 0.6578125 0.640625 0.6578125 0.640625 0.7203125 0.6125 0.7203125
9 0.615625 0.7484375 0.646875 0.7484375 0.646875 0.8125 0.615625 0.8125
9 0.6640625 0.7234375 0.6921875 0.7234375 0.6921875 0.7890625 0.6640625 0.7890625
9 0.6625 0.6390625 0.69375 0.6390625 0.69375 0.7 0.6625 0.7
9 0.6109375 0.8125 0.6390625 0.8125 0.6390625 0.8875 0.6109375 0.8875
9 0.578125 0.8046875 0.6046875 0.8046875 0.6046875 0.88125 0.578125 0.88125
9 0.5765625 0.7265625 0.6046875 0.7265625 0.6046875 0.7984375 0.5765625 0.7984375
9 0.578125 0.64375 0.60625 0.64375 0.60625 0.715625 0.578125 0.715625
9 0.575 0.56875 0.6 0.56875 0.6 0.6359375 0.575 0.6359375
9 0.58125 0.30625 0.609375 0.30625 0.609375 0.371875 0.58125 0.371875
9 0.571875 0.20625 0.6046875 0.20625 0.6046875 0.2625 0.571875 0.2625
9 0.625 0.196875 0.653125 0.196875 0.653125 0.253125 0.625 0.253125
3 0.534375 0.19375 0.5609375 0.19375 0.5609375 0.253125 0.534375 0.253125
3 0.5421875 0.3046875 0.5671875 0.3046875 0.5671875 0.3640625 0.5421875 0.3640625
3 0.490625 0.296875 0.51875 0.296875 0.51875 0.365625 0.490625 0.365625
9 0.7140625 0.2921875 0.7421875 0.2921875 0.7421875 0.35 0.7140625 0.35
9 0.7078125 0.384375 0.7359375 0.384375 0.7359375 0.4421875 0.7078125 0.4421875
9 0.7109375 0.4515625 0.7390625 0.4515625 0.7390625 0.5125 0.7109375 0.5125
9 0.7109375 0.55625 0.7359375 0.55625 0.7359375 0.6234375 0.7109375 0.6234375
9 0.7046875 0.6609375 0.7296875 0.6609375 0.7296875 0.7234375 0.7046875 0.7234375
9 0.7 0.825 0.728125 0.825 0.728125 0.8921875 0.7 0.8921875
6 0.69375 0.728125 0.728125 0.728125 0.728125 0.8109375 0.69375 0.8109375
3 0.584375 0.3953125 0.609375 0.3953125 0.609375 0.4546875 0.584375 0.4546875
3 0.578125 0.4796875 0.603125 0.4796875 0.603125 0.540625 0.578125 0.540625
3 0.5359375 0.478125 0.5609375 0.478125 0.5609375 0.5390625 0.5359375 0.5390625
3 0.54375 0.55625 0.565625 0.55625 0.565625 0.61875 0.54375 0.61875
3 0.4921875 0.475 0.5171875 0.475 0.5171875 0.5328125 0.4921875 0.5328125
3 0.4640625 0.5640625 0.4859375 0.5640625 0.4859375 0.6265625 0.4640625 0.6265625
3 0.4546875 0.3828125 0.478125 0.3828125 0.478125 0.4390625 0.4546875 0.4390625
3 0.40625 0.575 0.4328125 0.575 0.4328125 0.6375 0.40625 0.6375
3 0.4125 0.484375 0.4359375 0.484375 0.4359375 0.54375 0.4125 0.54375
3 0.40625 0.3921875 0.4328125 0.3921875 0.4328125 0.4484375 0.40625 0.4484375
3 0.4484375 0.284375 0.475 0.284375 0.475 0.340625 0.4484375 0.340625
3 0.4453125 0.20625 0.471875 0.20625 0.471875 0.25625 0.4453125 0.25625
3 0.4140625 0.190625 0.4390625 0.190625 0.4390625 0.246875 0.4140625 0.246875
3 0.4046875 0.303125 0.428125 0.303125 0.428125 0.3625 0.4046875 0.3625
3 0.4140625 0.66875 0.4359375 0.66875 0.4359375 0.734375 0.4140625 0.734375
3 0.415625 0.7421875 0.4375 0.7421875 0.4375 0.8125 0.415625 0.8125
3 0.45 0.746875 0.471875 0.746875 0.471875 0.8125 0.45 0.8125
3 0.490625 0.7421875 0.5140625 0.7421875 0.5140625 0.8078125 0.490625 0.8078125
3 0.49375 0.665625 0.5171875 0.665625 0.5171875 0.73125 0.49375 0.73125
3 0.534375 0.659375 0.5578125 0.659375 0.5578125 0.7234375 0.534375 0.7234375
3 0.5328125 0.8078125 0.5546875 0.8078125 0.5546875 0.8734375 0.5328125 0.8734375