6 0.3484375 0.3328125 0.378125 0.3328125 0.378125 0.41875 0.3484375 0.41875
6 0.2578125 0.35625 0.2953125 0.35625 0.2953125 0.421875 0.2578125 0.421875
6 0.309375 0.090625 0.3421875 0.090625 0.3421875 0.19375 0.309375 0.19375
6 0.396875 0.090625 0.421875 0.090625 0.421875 0.178125 0.396875 0.178125
6 0.3859375 0.1671875 0.4171875 0.1671875 0.4171875 0.2671875 0.3859375 0.2671875
6 0.3078125 0.2609375 0.3359375 0.2609375 0.3359375 0.3484375 0.3078125 0.3484375
9 0.271875 0.1171875 0.303125 0.1171875 0.303125 0.2 0.271875 0.2
9 0.2625 0.1984375 0.290625 0.1984375 0.290625 0.2640625 0.2625 0.2640625
9 0.2609375 0.28125 0.2953125 0.28125 0.2953125 0.35625 0.2609375 0.35625
9 0.35625 0.103125 0.3796875 0.103125 0.3796875 0.18125 0.35625 0.18125
9 0.309375 0.1953125 0.3375 0.1953125 0.3375 0.2609375 0.309375 0.2609375
9 0.3125 0.365625 0.3421875 0.365625 0.3421875 0.4265625 0.3125 0.4265625
9 0.353125 0.265625 0.378125 0.265625 0.378125 0.325 0.353125 0.325
9 0.346875 0.19375 0.3703125 0.19375 0.3703125 0.25625 0.346875 0.25625
9 0.4375 0.1859375 0.4625 0.1859375 0.4625 0.2515625 0.4375 0.2515625
9 0.425 0.0984375 0.45 0.0984375 0.45 0.1734375 0.425 0.1734375
9 0.3953125 0.26875 0.4171875 0.26875 0.4171875 0.340625 0.3953125 0.340625
9 0.4328125 0.2609375 0.45625 0.2609375 0.45625 0.328125 0.4328125 0.328125
9 0.3984375 0.340625 0.41875 0.340625 0.41875 0.4 0.3984375 0.4
9 0.440625 0.35625 0.4609375 0.35625 0.4609375 0.428125 0.440625 0.428125
3 0.259375 0.46875 0.290625 0.46875 0.290625 0.53125 0.259375 0.53125
3 0.2640625 0.5296875 0.2921875 0.5296875 0.2921875 0.6015625 0.2640625 0.6015625
3 0.253125 0.6359375 0.28125 0.6359375 0.28125 0.715625 0.253125 0.715625
3 0.2984375 0.55625 0.3296875 0.55625 0.3296875 0.615625 0.2984375 0.615625
3 0.296875 0.7328125 0.325 0.7328125 0.325 0.796875 0.296875 0.796875
3 0.353125 0.4515625 0.3796875 0.4515625 0.3796875 0.5203125 0.353125 0.5203125
3 0.3453125 0.5359375 0.375 0.5359375 0.375 0.596875 0.3453125 0.596875
3 0.35 0.6296875 0.38125 0.6296875 0.38125 0.690625 0.35 0.690625
3 0.384375 0.4421875 0.4125 0.4421875 0.4125 0.5046875 0.384375 0.5046875
3 0.3875 0.540625 0.4140625 0.540625 0.4140625 0.60625 0.3875 0.60625
3 0.3890625 0.7265625 0.4171875 0.7265625 0.4171875 0.7890625 0.3890625 0.7890625
3 0.428125 0.45 0.459375 0.45 0.459375 0.515625 0.428125 0.515625
3 0.434375 0.73125 0.46875 0.73125 0.46875 0.7984375 0.434375 0.7984375
0 0.434375 0.6140625 0.465625 0.6140625 0.465625 0.7078125 0.434375 0.7078125
0 0.4203125 0.528125 0.4546875 0.528125 0.4546875 0.6015625 0.4203125 0.6015625
0 0.296875 0.4296875 0.33125 0.4296875 0.33125 0.5125 0.296875 0.5125
0 0.290625 0.64375 0.3296875 0.64375 0.3296875 0.70625 0.290625 0.70625
0 0.334375 0.725 0.36875 0.725 0.36875 0.803125 0.334375 0.803125
0 0.2484375 0.7390625 0.2890625 0.7390625 0.2890625 0.8140625 0.2484375 0.8140625
3 0.390625 0.6203125 0.4234375 0.6203125 0.4234375 0.6859375 0.390625 0.6859375