3 0.7171875 0.71875 0.7921875 0.71875 0.7921875 0.753125 0.7171875 0.753125
3 0.6375 0.709375 0.709375 0.709375 0.709375 0.74375 0.6375 0.74375
3 0.4578125 0.703125 0.5265625 0.703125 0.5265625 0.7421875 0.4578125 0.7421875
3 0.54375 0.6609375 0.609375 0.6609375 0.609375 0.6921875 0.54375 0.6921875
3 0.4453125 0.6578125 0.51875 0.6578125 0.51875 0.6890625 0.4453125 0.6890625
3 0.35625 0.6125 0.425 0.6125 0.425 0.6484375 0.35625 0.6484375
3 0.4484375 0.4 0.51875 0.4 0.51875 0.4375 0.4484375 0.4375
9 0.1796875 0.453125 0.24375 0.453125 0.24375 0.4828125 0.1796875 0.4828125
9 0.1859375 0.4953125 0.2453125 0.4953125 0.2453125 0.525 0.1859375 0.525
9 0.278125 0.5296875 0.3453125 0.5296875 0.3453125 0.5609375 0.278125 0.5609375
9 0.378125 0.5296875 0.4390625 0.5296875 0.4390625 0.5625 0.378125 0.5625
9 0.3609375 0.65 0.428125 0.65 0.428125 0.6828125 0.3609375 0.6828125
9 0.3703125 0.7 0.4515625 0.7 0.4515625 0.73125 0.3703125 0.73125
9 0.2828125 0.6953125 0.3546875 0.6953125 0.3546875 0.7296875 0.2828125 0.7296875
9 0.1984375 0.696875 0.2703125 0.696875 0.2703125 0.734375 0.1984375 0.734375
2 0.7296875 0.396875 0.8140625 0.396875 0.8140625 0.4359375 0.7296875 0.4359375
2 0.7140625 0.4453125 0.8125 0.4453125 0.8125 0.4796875 0.7140625 0.4796875
2 0.5515625 0.403125 0.6203125 0.403125 0.6203125 0.4375 0.5515625 0.4375
2 0.3625 0.4453125 0.43125 0.4453125 0.43125 0.4859375 0.3625 0.4859375
8 0.725 0.58125 0.809375 0.58125 0.809375 0.621875 0.725 0.621875
8 0.721875 0.621875 0.809375 0.621875 0.809375 0.6625 0.721875 0.6625
8 0.5390625 0.571875 0.615625 0.571875 0.615625 0.6046875 0.5390625 0.6046875
8 0.5390625 0.625 0.615625 0.625 0.615625 0.659375 0.5390625 0.659375
8 0.25625 0.56875 0.353125 0.56875 0.353125 0.60625 0.25625 0.60625
8 0.1 0.53125 0.184375 0.53125 0.184375 0.56875 0.1 0.56875
5 0.090625 0.4 0.1796875 0.4 0.1796875 0.4375 0.090625 0.4375
5 0.259375 0.396875 0.33125 0.396875 0.33125 0.434375 0.259375 0.434375
5 0.728125 0.4875 0.7953125 0.4875 0.7953125 0.5265625 0.728125 0.5265625
5 0.7328125 0.5359375 0.8171875 0.5359375 0.8171875 0.575 0.7328125 0.575
5 0.625 0.6203125 0.709375 0.6203125 0.709375 0.6578125 0.625 0.6578125
5 0.6234375 0.6625 0.7109375 0.6625 0.7109375 0.7046875 0.6234375 0.7046875
5 0.44375 0.571875 0.51875 0.571875 0.51875 0.60625 0.44375 0.60625
5 0.253125 0.6109375 0.3453125 0.6109375 0.3453125 0.65 0.253125 0.65
6 0.1 0.69375 0.196875 0.69375 0.196875 0.7328125 0.1 0.7328125
6 0.2640625 0.653125 0.353125 0.653125 0.353125 0.69375 0.2640625 0.69375
6 0.1859375 0.53125 0.26875 0.53125 0.26875 0.56875 0.1859375 0.56875
6 0.528125 0.5359375 0.609375 0.5359375 0.609375 0.5703125 0.528125 0.5703125
6 0.0984375 0.45 0.18125 0.45 0.18125 0.4796875 0.0984375 0.4796875
7 0.6171875 0.3953125 0.7109375 0.3953125 0.7109375 0.4375 0.6171875 0.4375
7 0.3359375 0.4015625 0.4359375 0.4015625 0.4359375 0.4390625 0.3359375 0.4390625
7 0.24375 0.4453125 0.353125 0.4453125 0.353125 0.4859375 0.24375 0.4859375
11 0.728125 0.66875 0.815625 0.66875 0.815625 0.7171875 0.728125 0.7171875
11 0.090625 0.6578125 0.178125 0.6578125 0.178125 0.6953125 0.090625 0.6953125
11 0.090625 0.56875 0.178125 0.56875 0.178125 0.6 0.090625 0.6
11 0.359375 0.571875 0.440625 0.571875 0.440625 0.6078125 0.359375 0.6078125
11 0.6140625 0.534375 0.69375 0.534375 0.69375 0.56875 0.6140625 0.56875
11 0.4453125 0.534375 0.5296875 0.534375 0.5296875 0.5640625 0.4453125 0.5640625
6 0.18125 0.403125 0.259375 0.403125 0.259375 0.440625 0.18125 0.440625
0 0.5453125 0.709375 0.63125 0.709375 0.63125 0.753125 0.5453125 0.753125
0 0.090625 0.6203125 0.1828125 0.6203125 0.1828125 0.65 0.090625 0.65
0 0.4328125 0.6125 0.5234375 0.6125 0.5234375 0.65 0.4328125 0.65
0 0.625 0.578125 0.709375 0.578125 0.709375 0.6140625 0.625 0.6140625
0 0.1734375 0.5703125 0.2546875 0.5703125 0.2546875 0.609375 0.1734375 0.609375
0 0.63125 0.4890625 0.703125 0.4890625 0.703125 0.5203125 0.63125 0.5203125
1 0.61875 0.44375 0.709375 0.44375 0.709375 0.4875 0.61875 0.4875
1 0.5171875 0.44375 0.615625 0.44375 0.615625 0.484375 0.5171875 0.484375
1 0.41875 0.4875 0.51875 0.4875 0.51875 0.525 0.41875 0.525
4 0.434375 0.4453125 0.51875 0.4453125 0.51875 0.4828125 0.434375 0.4828125
4 0.0671875 0.490625 0.18125 0.490625 0.18125 0.525 0.0671875 0.525
4 0.5171875 0.490625 0.6046875 0.490625 0.6046875 0.5265625 0.5171875 0.5265625
10 0.3296875 0.490625 0.4265625 0.490625 0.4265625 0.53125 0.3296875 0.53125
10 0.240625 0.49375 0.340625 0.49375 0.340625 0.53125 0.240625 0.53125