6 0.871875 0.5578125 0.971875 0.5578125 0.971875 0.5890625 0.871875 0.5890625
6 0.778125 0.4765625 0.86875 0.4765625 0.86875 0.5078125 0.778125 0.5078125
6 0.6140625 0.51875 0.696875 0.51875 0.696875 0.553125 0.6140625 0.553125
6 0.51875 0.5203125 0.6109375 0.5203125 0.6109375 0.5515625 0.51875 0.5515625
6 0.3375 0.575 0.421875 0.575 0.421875 0.615625 0.3375 0.615625
6 0.25 0.5234375 0.3265625 0.5234375 0.3265625 0.559375 0.25 0.559375
9 0.253125 0.4375 0.321875 0.4375 0.321875 0.46875 0.253125 0.46875
9 0.2453125 0.478125 0.309375 0.478125 0.309375 0.503125 0.2453125 0.503125
9 0.3484375 0.434375 0.428125 0.434375 0.428125 0.465625 0.3484375 0.465625
9 0.3453125 0.478125 0.4203125 0.478125 0.4203125 0.5109375 0.3453125 0.5109375
9 0.3453125 0.525 0.4234375 0.525 0.4234375 0.559375 0.3453125 0.559375
9 0.2375 0.565625 0.30625 0.565625 0.30625 0.6 0.2375 0.6
9 0.4453125 0.4359375 0.50625 0.4359375 0.50625 0.4703125 0.4453125 0.4703125
9 0.5265625 0.43125 0.5953125 0.43125 0.5953125 0.4625 0.5265625 0.4625
9 0.43125 0.4734375 0.503125 0.4734375 0.503125 0.50625 0.43125 0.50625
9 0.51875 0.478125 0.59375 0.478125 0.59375 0.5140625 0.51875 0.5140625
9 0.609375 0.475 0.6875 0.475 0.6875 0.509375 0.609375 0.509375
9 0.6875 0.4859375 0.765625 0.4859375 0.765625 0.5171875 0.6875 0.5171875
9 0.6984375 0.51875 0.7734375 0.51875 0.7734375 0.546875 0.6984375 0.546875
9 0.4453125 0.5265625 0.521875 0.5265625 0.521875 0.5578125 0.4453125 0.5578125
9 0.425 0.5671875 0.5078125 0.5671875 0.5078125 0.59375 0.425 0.59375
9 0.525 0.5703125 0.60625 0.5703125 0.60625 0.5984375 0.525 0.5984375
9 0.634375 0.565625 0.703125 0.565625 0.703125 0.6 0.634375 0.6
9 0.6875 0.559375 0.7703125 0.559375 0.7703125 0.5890625 0.6875 0.5890625
9 0.775 0.5203125 0.8453125 0.5203125 0.8453125 0.559375 0.775 0.559375
9 0.778125 0.5609375 0.8546875 0.5609375 0.8546875 0.596875 0.778125 0.596875
9 0.865625 0.5171875 0.9578125 0.5171875 0.9578125 0.546875 0.865625 0.546875
9 0.765625 0.4421875 0.8375 0.4421875 0.8375 0.471875 0.765625 0.471875
9 0.85625 0.4328125 0.934375 0.4328125 0.934375 0.465625 0.85625 0.465625
9 0.86875 0.48125 0.946875 0.48125 0.946875 0.509375 0.86875 0.509375
3 0.2484375 0.3828125 0.3375 0.3828125 0.3375 0.41875 0.2484375 0.41875
3 0.33125 0.3421875 0.4140625 0.3421875 0.4140625 0.3796875 0.33125 0.3796875
3 0.425 0.390625 0.5078125 0.390625 0.5078125 0.425 0.425 0.425
3 0.540625 0.3984375 0.6078125 0.3984375 0.6078125 0.4328125 0.540625 0.4328125
3 0.609375 0.4375 0.68125 0.4375 0.68125 0.46875 0.609375 0.46875
3 0.6875 0.4375 0.7671875 0.4375 0.7671875 0.471875 0.6875 0.471875
3 0.771875 0.4 0.84375 0.4 0.84375 0.43125 0.771875 0.43125
3 0.853125 0.396875 0.95625 0.396875 0.95625 0.428125 0.853125 0.428125
3 0.8578125 0.2859375 0.946875 0.2859375 0.946875 0.3171875 0.8578125 0.3171875
3 0.8609375 0.31875 0.9453125 0.31875 0.9453125 0.3484375 0.8609375 0.3484375
3 0.7671875 0.271875 0.8421875 0.271875 0.8421875 0.309375 0.7671875 0.309375
3 0.7921875 0.3171875 0.8609375 0.3171875 0.8609375 0.35 0.7921875 0.35
3 0.778125 0.35625 0.8453125 0.35625 0.8453125 0.3890625 0.778125 0.3890625
3 0.6140625 0.3953125 0.6859375 0.3953125 0.6859375 0.4265625 0.6140625 0.4265625
3 0.425 0.34375 0.503125 0.34375 0.503125 0.378125 0.425 0.378125
3 0.340625 0.2953125 0.4015625 0.2953125 0.4015625 0.3265625 0.340625 0.3265625
3 0.3375 0.25625 0.4078125 0.25625 0.4078125 0.290625 0.3375 0.290625
3 0.425 0.259375 0.503125 0.259375 0.503125 0.296875 0.425 0.296875
3 0.51875 0.2625 0.5890625 0.2625 0.5890625 0.3 0.51875 0.3
3 0.609375 0.265625 0.678125 0.265625 0.678125 0.3046875 0.609375 0.3046875
3 0.6875 0.26875 0.76875 0.26875 0.76875 0.309375 0.6875 0.309375
3 0.7109375 0.315625 0.7828125 0.315625 0.7828125 0.353125 0.7109375 0.353125
3 0.621875 0.3515625 0.690625 0.3515625 0.690625 0.384375 0.621875 0.384375
3 0.528125 0.3171875 0.6 0.3171875 0.6 0.35 0.528125 0.35
0 0.425 0.3 0.509375 0.3 0.509375 0.340625 0.425 0.340625
0 0.5140625 0.3515625 0.60625 0.3515625 0.60625 0.384375 0.5140625 0.384375
0 0.6109375 0.309375 0.6984375 0.309375 0.6984375 0.35 0.6109375 0.35
0 0.69375 0.353125 0.778125 0.353125 0.778125 0.39375 0.69375 0.39375
0 0.8609375 0.35 0.9734375 0.35 0.9734375 0.3875 0.8609375 0.3875
0 0.6875 0.3953125 0.771875 0.3953125 0.771875 0.43125 0.6875 0.43125