0 0.5421875 0.6953125 0.5703125 0.6953125 0.5703125 0.7703125 0.5421875 0.7703125
6 0.5390625 0.6078125 0.565625 0.6078125 0.565625 0.6859375 0.5390625 0.6859375
0 0.553125 0.515625 0.578125 0.515625 0.578125 0.59375 0.553125 0.59375
0 0.596875 0.8 0.625 0.8 0.625 0.871875 0.596875 0.871875
6 0.5859375 0.703125 0.6125 0.703125 0.6125 0.775 0.5859375 0.775
0 0.5875 0.5984375 0.6125 0.5984375 0.6125 0.675 0.5875 0.675
6 0.58125 0.5125 0.6078125 0.5125 0.6078125 0.590625 0.58125 0.590625
0 0.5875 0.4421875 0.6125 0.4421875 0.6125 0.5171875 0.5875 0.5171875
6 0.625 0.496875 0.653125 0.496875 0.653125 0.578125 0.625 0.578125
6 0.625 0.6015625 0.653125 0.6015625 0.653125 0.68125 0.625 0.68125
0 0.6375 0.7 0.665625 0.7 0.665625 0.7734375 0.6375 0.7734375
6 0.640625 0.8 0.66875 0.8 0.66875 0.871875 0.640625 0.871875