9 0.7078125 0.125 0.7421875 0.125 0.7421875 0.203125 0.7078125 0.203125
9 0.6203125 0.1375 0.6515625 0.1375 0.6515625 0.2140625 0.6203125 0.2140625
9 0.5640625 0.1296875 0.5953125 0.1296875 0.5953125 0.2109375 0.5640625 0.2109375
9 0.5125 0.1328125 0.54375 0.1328125 0.54375 0.2203125 0.5125 0.2203125
9 0.4765625 0.1484375 0.5078125 0.1484375 0.5078125 0.225 0.4765625 0.225
9 0.4375 0.1421875 0.465625 0.1421875 0.465625 0.225 0.4375 0.225
9 0.4328125 0.221875 0.4609375 0.221875 0.4609375 0.315625 0.4328125 0.315625
9 0.4765625 0.25 0.50625 0.25 0.50625 0.3265625 0.4765625 0.3265625
9 0.38125 0.2515625 0.4171875 0.2515625 0.4171875 0.3265625 0.38125 0.3265625
9 0.60625 0.23125 0.6375 0.23125 0.6375 0.309375 0.60625 0.309375
9 0.65 0.2359375 0.6859375 0.2359375 0.6859375 0.2953125 0.65 0.2953125
9 0.390625 0.340625 0.41875 0.340625 0.41875 0.4171875 0.390625 0.4171875
9 0.48125 0.3296875 0.5125 0.3296875 0.5125 0.3921875 0.48125 0.3921875
9 0.5171875 0.34375 0.55 0.34375 0.55 0.415625 0.5171875 0.415625
9 0.5640625 0.346875 0.5953125 0.346875 0.5953125 0.40625 0.5640625 0.40625
9 0.6046875 0.3484375 0.640625 0.3484375 0.640625 0.4171875 0.6046875 0.4171875
9 0.653125 0.340625 0.6890625 0.340625 0.6890625 0.409375 0.653125 0.409375
9 0.6953125 0.34375 0.73125 0.34375 0.73125 0.4140625 0.6953125 0.4140625
9 0.69375 0.415625 0.725 0.415625 0.725 0.490625 0.69375 0.490625
9 0.6484375 0.43125 0.6796875 0.43125 0.6796875 0.5015625 0.6484375 0.5015625
9 0.603125 0.4265625 0.6375 0.4265625 0.6375 0.5015625 0.603125 0.5015625
9 0.565625 0.43125 0.5984375 0.43125 0.5984375 0.50625 0.565625 0.50625
9 0.4421875 0.43125 0.4734375 0.43125 0.4734375 0.4984375 0.4421875 0.4984375
9 0.3875 0.446875 0.425 0.446875 0.425 0.525 0.3875 0.525
6 0.690625 0.2390625 0.734375 0.2390625 0.734375 0.33125 0.690625 0.33125
6 0.6515625 0.140625 0.690625 0.140625 0.690625 0.225 0.6515625 0.225
6 0.3671875 0.1484375 0.4171875 0.1484375 0.4171875 0.2359375 0.3671875 0.2359375
6 0.51875 0.2359375 0.553125 0.2359375 0.553125 0.31875 0.51875 0.31875
6 0.5640625 0.225 0.6 0.225 0.6 0.3265625 0.5640625 0.3265625
6 0.434375 0.34375 0.4671875 0.34375 0.4671875 0.428125 0.434375 0.428125
3 0.678125 0.51875 0.7234375 0.51875 0.7234375 0.6 0.678125 0.6
3 0.6078125 0.521875 0.64375 0.521875 0.64375 0.596875 0.6078125 0.596875
3 0.55625 0.5125 0.59375 0.5125 0.59375 0.5859375 0.55625 0.5859375
3 0.521875 0.428125 0.553125 0.428125 0.553125 0.5046875 0.521875 0.5046875
3 0.48125 0.41875 0.5125 0.41875 0.5125 0.496875 0.48125 0.496875
3 0.4421875 0.521875 0.4734375 0.521875 0.4734375 0.590625 0.4421875 0.590625
3 0.39375 0.525 0.428125 0.525 0.428125 0.60625 0.39375 0.60625
3 0.51875 0.51875 0.5515625 0.51875 0.5515625 0.596875 0.51875 0.596875
3 0.44375 0.609375 0.471875 0.609375 0.471875 0.68125 0.44375 0.68125
3 0.646875 0.609375 0.6796875 0.609375 0.6796875 0.69375 0.646875 0.69375
3 0.6109375 0.603125 0.640625 0.603125 0.640625 0.68125 0.6109375 0.68125
3 0.5203125 0.6078125 0.55 0.6078125 0.55 0.6859375 0.5203125 0.6859375
3 0.4 0.7015625 0.428125 0.7015625 0.428125 0.7734375 0.4 0.7734375
3 0.434375 0.69375 0.465625 0.69375 0.465625 0.78125 0.434375 0.78125
3 0.4453125 0.771875 0.46875 0.771875 0.46875 0.865625 0.4453125 0.865625
3 0.4828125 0.775 0.5109375 0.775 0.5109375 0.865625 0.4828125 0.865625
3 0.521875 0.775 0.553125 0.775 0.553125 0.8609375 0.521875 0.8609375
3 0.5625 0.778125 0.59375 0.778125 0.59375 0.85625 0.5625 0.85625
3 0.60625 0.778125 0.6359375 0.778125 0.6359375 0.8578125 0.60625 0.8578125
3 0.6421875 0.778125 0.68125 0.778125 0.68125 0.8671875 0.6421875 0.8671875
3 0.6453125 0.6984375 0.6765625 0.6984375 0.6765625 0.78125 0.6453125 0.78125
3 0.5609375 0.6890625 0.59375 0.6890625 0.59375 0.7484375 0.5609375 0.7484375
3 0.4765625 0.69375 0.509375 0.69375 0.509375 0.765625 0.4765625 0.765625
3 0.39375 0.76875 0.4296875 0.76875 0.4296875 0.8515625 0.39375 0.8515625
0 0.4796875 0.5125 0.515625 0.5125 0.515625 0.5921875 0.4796875 0.5921875
0 0.5625 0.6 0.59375 0.6 0.59375 0.6875 0.5625 0.6875
0 0.4796875 0.6 0.5109375 0.6 0.5109375 0.69375 0.4796875 0.69375
0 0.384375 0.6203125 0.428125 0.6203125 0.428125 0.7109375 0.384375 0.7109375
0 0.5203125 0.6875 0.5515625 0.6875 0.5515625 0.76875 0.5203125 0.76875
0 0.603125 0.690625 0.6421875 0.690625 0.6421875 0.775 0.603125 0.775