9 0.415625 0.734375 0.459375 0.734375 0.459375 0.8328125 0.415625 0.8328125
9 0.4609375 0.5203125 0.5046875 0.5203125 0.5046875 0.621875 0.4609375 0.621875
9 0.4609375 0.4109375 0.5046875 0.4109375 0.5046875 0.5125 0.4609375 0.5125
9 0.559375 0.4046875 0.60625 0.4046875 0.60625 0.5109375 0.559375 0.5109375
9 0.509375 0.2078125 0.5609375 0.2078125 0.5609375 0.296875 0.509375 0.296875
9 0.609375 0.7375 0.6578125 0.7375 0.6578125 0.8296875 0.609375 0.8296875
9 0.65625 0.765625 0.70625 0.765625 0.70625 0.85625 0.65625 0.85625
9 0.69375 0.3953125 0.73125 0.3953125 0.73125 0.475 0.69375 0.475
9 0.725 0.3671875 0.76875 0.3671875 0.76875 0.4375 0.725 0.4375
9 0.7171875 0.1875 0.7703125 0.1875 0.7703125 0.28125 0.7171875 0.28125
9 0.615625 0.29375 0.6625 0.29375 0.6625 0.39375 0.615625 0.39375
3 0.409375 0.5296875 0.45625 0.5296875 0.45625 0.61875 0.409375 0.61875
3 0.509375 0.6125 0.5578125 0.6125 0.5578125 0.703125 0.509375 0.703125
3 0.509375 0.7484375 0.55625 0.7484375 0.55625 0.8375 0.509375 0.8375
3 0.509375 0.3125 0.55625 0.3125 0.55625 0.403125 0.509375 0.403125
3 0.5578125 0.8484375 0.6015625 0.8484375 0.6015625 0.9421875 0.5578125 0.9421875
3 0.559375 0.63125 0.60625 0.63125 0.60625 0.725 0.559375 0.725
3 0.6125 0.521875 0.65625 0.521875 0.65625 0.621875 0.6125 0.621875
3 0.65625 0.64375 0.70625 0.64375 0.70625 0.734375 0.65625 0.734375
3 0.659375 0.546875 0.70625 0.546875 0.70625 0.63125 0.659375 0.63125
3 0.665625 0.2 0.7140625 0.2 0.7140625 0.2875 0.665625 0.2875
3 0.615625 0.0703125 0.665625 0.0703125 0.665625 0.1671875 0.615625 0.1671875
3 0.75625 0.6359375 0.809375 0.6359375 0.809375 0.725 0.75625 0.725
9 0.75 0.828125 0.8 0.828125 0.8 0.93125 0.75 0.93125