6 0.3828125 0.5078125 0.4171875 0.5078125 0.4171875 0.6046875 0.3828125 0.6046875
6 0.4234375 0.50625 0.465625 0.50625 0.465625 0.590625 0.4234375 0.590625
6 0.253125 0.8875 0.2875 0.8875 0.2875 0.9890625 0.253125 0.9890625
6 0.3015625 0.8765625 0.3375 0.8765625 0.3375 0.9875 0.3015625 0.9875
6 0.3453125 0.8828125 0.38125 0.8828125 0.38125 0.984375 0.3453125 0.984375
6 0.3921875 0.875 0.425 0.875 0.425 0.9921875 0.3921875 0.9921875
0 0.3859375 0.690625 0.4203125 0.690625 0.4203125 0.8078125 0.3859375 0.8078125
0 0.428125 0.690625 0.4671875 0.690625 0.4671875 0.7890625 0.428125 0.7890625
0 0.43125 0.8734375 0.4671875 0.8734375 0.4671875 0.98125 0.43125 0.98125
0 0.4734375 0.86875 0.5078125 0.86875 0.5078125 0.98125 0.4734375 0.98125
0 0.5078125 0.859375 0.5421875 0.859375 0.5421875 0.965625 0.5078125 0.965625
0 0.546875 0.8578125 0.590625 0.8578125 0.590625 0.9546875 0.546875 0.9546875