3 0.284375 0.0609375 0.31875 0.0609375 0.31875 0.1484375 0.284375 0.1484375
3 0.3203125 0.0609375 0.3515625 0.0609375 0.3515625 0.140625 0.3203125 0.140625
3 0.3984375 0.059375 0.4296875 0.059375 0.4296875 0.146875 0.3984375 0.146875
3 0.3984375 0.1546875 0.4328125 0.1546875 0.4328125 0.225 0.3984375 0.225
3 0.3578125 0.15625 0.390625 0.15625 0.390625 0.2265625 0.3578125 0.2265625
3 0.3203125 0.140625 0.35 0.140625 0.35 0.2125 0.3203125 0.2125
3 0.278125 0.1484375 0.3046875 0.1484375 0.3046875 0.2234375 0.278125 0.2234375
3 0.2734375 0.2328125 0.303125 0.2328125 0.303125 0.3046875 0.2734375 0.3046875
3 0.3171875 0.221875 0.346875 0.221875 0.346875 0.3046875 0.3171875 0.3046875
3 0.353125 0.3109375 0.384375 0.3109375 0.384375 0.390625 0.353125 0.390625
3 0.3953125 0.315625 0.4296875 0.315625 0.4296875 0.390625 0.3953125 0.390625
3 0.434375 0.3171875 0.46875 0.3171875 0.46875 0.3921875 0.434375 0.3921875
3 0.440625 0.2359375 0.475 0.2359375 0.475 0.3109375 0.440625 0.3109375
3 0.26875 0.315625 0.303125 0.315625 0.303125 0.3875 0.26875 0.3875
3 0.265625 0.4046875 0.296875 0.4046875 0.296875 0.484375 0.265625 0.484375
3 0.31875 0.3984375 0.3515625 0.3984375 0.3515625 0.48125 0.31875 0.48125
3 0.39375 0.3953125 0.434375 0.3953125 0.434375 0.4796875 0.39375 0.4796875
3 0.2640625 0.490625 0.3 0.490625 0.3 0.575 0.2640625 0.575
3 0.3484375 0.4875 0.384375 0.4875 0.384375 0.571875 0.3484375 0.571875
3 0.3890625 0.490625 0.4234375 0.490625 0.4234375 0.578125 0.3890625 0.578125
3 0.3453125 0.578125 0.378125 0.578125 0.378125 0.665625 0.3453125 0.665625
3 0.296875 0.58125 0.3328125 0.58125 0.3328125 0.6640625 0.296875 0.6640625
3 0.2609375 0.578125 0.296875 0.578125 0.296875 0.6671875 0.2609375 0.6671875
3 0.3859375 0.671875 0.421875 0.671875 0.421875 0.7578125 0.3859375 0.7578125
9 0.434375 0.0609375 0.4703125 0.0609375 0.4703125 0.1453125 0.434375 0.1453125
9 0.4765625 0.0578125 0.515625 0.0578125 0.515625 0.1453125 0.4765625 0.1453125
9 0.5203125 0.0515625 0.5546875 0.0515625 0.5546875 0.1390625 0.5203125 0.1390625
9 0.525 0.1546875 0.559375 0.1546875 0.559375 0.23125 0.525 0.23125
9 0.5625 0.14375 0.59375 0.14375 0.59375 0.2265625 0.5625 0.2265625
9 0.4390625 0.1515625 0.475 0.1515625 0.475 0.228125 0.4390625 0.228125
9 0.475 0.2359375 0.515625 0.2359375 0.515625 0.315625 0.475 0.315625
9 0.51875 0.2328125 0.5578125 0.2328125 0.5578125 0.3125 0.51875 0.3125
9 0.5578125 0.2390625 0.596875 0.2390625 0.596875 0.3109375 0.5578125 0.3109375
9 0.5609375 0.2953125 0.6 0.2953125 0.6 0.396875 0.5609375 0.396875
9 0.4765625 0.3109375 0.5171875 0.3109375 0.5171875 0.4 0.4765625 0.4
9 0.434375 0.403125 0.46875 0.403125 0.46875 0.4828125 0.434375 0.4828125
9 0.4765625 0.403125 0.5109375 0.403125 0.5109375 0.4828125 0.4765625 0.4828125
9 0.434375 0.4875 0.4703125 0.4875 0.4703125 0.5671875 0.434375 0.5671875
9 0.4734375 0.484375 0.509375 0.484375 0.509375 0.5671875 0.4734375 0.5671875
9 0.51875 0.48125 0.5578125 0.48125 0.5578125 0.5671875 0.51875 0.5671875
9 0.565625 0.4875 0.6 0.4875 0.6 0.575 0.565625 0.575
9 0.565625 0.4015625 0.596875 0.4015625 0.596875 0.4734375 0.565625 0.4734375
9 0.43125 0.575 0.471875 0.575 0.471875 0.6625 0.43125 0.6625
9 0.4796875 0.578125 0.5140625 0.578125 0.5140625 0.6640625 0.4796875 0.6640625
9 0.5234375 0.575 0.5578125 0.575 0.5578125 0.6578125 0.5234375 0.6578125
9 0.434375 0.6703125 0.4703125 0.6703125 0.4703125 0.753125 0.434375 0.753125
9 0.4765625 0.671875 0.5125 0.671875 0.5125 0.7578125 0.4765625 0.7578125
9 0.565625 0.6703125 0.596875 0.6703125 0.596875 0.759375 0.565625 0.759375
6 0.5203125 0.3953125 0.5515625 0.3953125 0.5515625 0.475 0.5203125 0.475
6 0.525 0.3046875 0.5515625 0.3046875 0.5515625 0.3921875 0.525 0.3921875
6 0.4765625 0.1296875 0.5109375 0.1296875 0.5109375 0.2265625 0.4765625 0.2265625
6 0.559375 0.0265625 0.590625 0.0265625 0.590625 0.128125 0.559375 0.128125
0 0.353125 0.0359375 0.384375 0.0359375 0.384375 0.14375 0.353125 0.14375
0 0.3515625 0.2203125 0.390625 0.2203125 0.390625 0.303125 0.3515625 0.303125
0 0.4 0.2234375 0.434375 0.2234375 0.434375 0.30625 0.4 0.30625
6 0.5703125 0.5734375 0.609375 0.5734375 0.609375 0.6640625 0.5703125 0.6640625
0 0.3109375 0.3 0.35 0.3 0.35 0.3921875 0.3109375 0.3921875
0 0.3484375 0.39375 0.3875 0.39375 0.3875 0.478125 0.3484375 0.478125
0 0.3015625 0.4859375 0.346875 0.4859375 0.346875 0.565625 0.3015625 0.565625
6 0.51875 0.6734375 0.5578125 0.6734375 0.5578125 0.7625 0.51875 0.7625