0 0.51875 0.2921875 0.546875 0.2921875 0.546875 0.375 0.51875 0.375
0 0.5640625 0.278125 0.59375 0.278125 0.59375 0.359375 0.5640625 0.359375
0 0.39375 0.125 0.4296875 0.125 0.4296875 0.2171875 0.39375 0.2171875
0 0.4375 0.1171875 0.471875 0.1171875 0.471875 0.2078125 0.4375 0.2078125
0 0.475 0.1046875 0.5046875 0.1046875 0.5046875 0.2 0.475 0.2
0 0.5171875 0.0984375 0.546875 0.0984375 0.546875 0.1921875 0.5171875 0.1921875
6 0.575 0.475 0.6 0.475 0.6 0.5546875 0.575 0.5546875
6 0.521875 0.484375 0.553125 0.484375 0.553125 0.5609375 0.521875 0.5609375
6 0.696875 0.1640625 0.728125 0.1640625 0.728125 0.25625 0.696875 0.25625
6 0.646875 0.0796875 0.678125 0.0796875 0.678125 0.1765625 0.646875 0.1765625
6 0.603125 0.084375 0.63125 0.084375 0.63125 0.184375 0.603125 0.184375
6 0.553125 0.0875 0.58125 0.0875 0.58125 0.18125 0.553125 0.18125