3 0.509375 0.490625 0.534375 0.490625 0.534375 0.553125 0.509375 0.553125
3 0.4765625 0.4984375 0.503125 0.4984375 0.503125 0.5609375 0.4765625 0.5609375
3 0.4703125 0.5734375 0.49375 0.5734375 0.49375 0.634375 0.4703125 0.634375
3 0.509375 0.5859375 0.540625 0.5859375 0.540625 0.64375 0.509375 0.64375
3 0.515625 0.65625 0.540625 0.65625 0.540625 0.715625 0.515625 0.715625
3 0.478125 0.6625 0.503125 0.6625 0.503125 0.725 0.478125 0.725
3 0.428125 0.584375 0.453125 0.584375 0.453125 0.6515625 0.428125 0.6515625
3 0.553125 0.496875 0.578125 0.496875 0.578125 0.55625 0.553125 0.55625
3 0.39375 0.5671875 0.41875 0.5671875 0.41875 0.6328125 0.39375 0.6328125
3 0.3875 0.50625 0.4109375 0.50625 0.4109375 0.5625 0.3875 0.5625
3 0.3875 0.6640625 0.415625 0.6640625 0.415625 0.73125 0.3875 0.73125
3 0.4296875 0.7546875 0.4546875 0.7546875 0.4546875 0.8078125 0.4296875 0.8078125
3 0.5125 0.7484375 0.534375 0.7484375 0.534375 0.8203125 0.5125 0.8203125
3 0.55625 0.753125 0.5796875 0.753125 0.5796875 0.8125 0.55625 0.8125
0 0.553125 0.56875 0.58125 0.56875 0.58125 0.6484375 0.553125 0.6484375
0 0.553125 0.671875 0.5828125 0.671875 0.5828125 0.7546875 0.553125 0.7546875
0 0.4640625 0.7359375 0.4921875 0.7359375 0.4921875 0.8265625 0.4640625 0.8265625
0 0.4296875 0.675 0.4578125 0.675 0.4578125 0.75625 0.4296875 0.75625
0 0.390625 0.75625 0.41875 0.75625 0.41875 0.840625 0.390625 0.840625
0 0.425 0.4796875 0.4515625 0.4796875 0.4515625 0.5609375 0.425 0.5609375
9 0.5546875 0.1125 0.5796875 0.1125 0.5796875 0.171875 0.5546875 0.171875
9 0.5609375 0.215625 0.5890625 0.215625 0.5890625 0.271875 0.5609375 0.271875
9 0.55625 0.309375 0.584375 0.309375 0.584375 0.3625 0.55625 0.3625
9 0.559375 0.415625 0.590625 0.415625 0.590625 0.46875 0.559375 0.46875
9 0.5171875 0.315625 0.5421875 0.315625 0.5421875 0.365625 0.5171875 0.365625
9 0.5171875 0.384375 0.5453125 0.384375 0.5453125 0.4390625 0.5171875 0.4390625
9 0.475 0.296875 0.5015625 0.296875 0.5015625 0.3546875 0.475 0.3546875
9 0.4671875 0.2234375 0.49375 0.2234375 0.49375 0.2765625 0.4671875 0.2765625
9 0.471875 0.1015625 0.5015625 0.1015625 0.5015625 0.16875 0.471875 0.16875
9 0.428125 0.215625 0.45625 0.215625 0.45625 0.275 0.428125 0.275
9 0.43125 0.4015625 0.459375 0.4015625 0.459375 0.46875 0.43125 0.46875
9 0.384375 0.3125 0.409375 0.3125 0.409375 0.375 0.384375 0.375
9 0.38125 0.125 0.409375 0.125 0.409375 0.1828125 0.38125 0.1828125
9 0.3765625 0.2234375 0.4046875 0.2234375 0.4046875 0.2796875 0.3765625 0.2796875
6 0.4265625 0.1171875 0.4578125 0.1171875 0.4578125 0.1765625 0.4265625 0.1765625
6 0.428125 0.3 0.459375 0.3 0.459375 0.375 0.428125 0.375
6 0.4734375 0.384375 0.5015625 0.384375 0.5015625 0.4578125 0.4734375 0.4578125
6 0.384375 0.39375 0.4125 0.39375 0.4125 0.471875 0.384375 0.471875
6 0.521875 0.1140625 0.55 0.1140625 0.55 0.1828125 0.521875 0.1828125
6 0.509375 0.2078125 0.5375 0.2078125 0.5375 0.2734375 0.509375 0.2734375