0 0.384375 0.753125 0.41875 0.753125 0.41875 0.828125 0.384375 0.828125
0 0.5875 0.76875 0.61875 0.76875 0.61875 0.8609375 0.5875 0.8609375
0 0.43125 0.3046875 0.465625 0.3046875 0.465625 0.3796875 0.43125 0.3796875
0 0.54375 0.496875 0.5734375 0.496875 0.5734375 0.5734375 0.54375 0.5734375
0 0.509375 0.671875 0.5375 0.671875 0.5375 0.7515625 0.509375 0.7515625
0 0.4296875 0.1125 0.4640625 0.1125 0.4640625 0.1796875 0.4296875 0.1796875
1 0.6359375 0.39375 0.684375 0.39375 0.684375 0.496875 0.6359375 0.496875
1 0.6625 0.7578125 0.70625 0.7578125 0.70625 0.88125 0.6625 0.88125
1 0.6796875 0.6609375 0.73125 0.6609375 0.73125 0.8 0.6796875 0.8
2 0.6359375 0.303125 0.675 0.303125 0.675 0.3921875 0.6359375 0.3921875
2 0.625 0.4796875 0.659375 0.4796875 0.659375 0.571875 0.625 0.571875
2 0.5828125 0.671875 0.6125 0.671875 0.6125 0.7703125 0.5828125 0.7703125
2 0.6296875 0.5765625 0.6703125 0.5765625 0.6703125 0.665625 0.6296875 0.665625
3 0.365625 0.3125 0.4015625 0.3125 0.4015625 0.3890625 0.365625 0.3890625
3 0.378125 0.5046875 0.4078125 0.5046875 0.4078125 0.571875 0.378125 0.571875
3 0.43125 0.4890625 0.4609375 0.4890625 0.4609375 0.571875 0.43125 0.571875
3 0.43125 0.5875 0.45625 0.5875 0.45625 0.653125 0.43125 0.653125
3 0.671875 0.578125 0.70625 0.578125 0.70625 0.653125 0.671875 0.653125
3 0.4234375 0.759375 0.453125 0.759375 0.453125 0.83125 0.4234375 0.83125
3 0.4734375 0.575 0.5 0.575 0.5 0.6359375 0.4734375 0.6359375
4 0.5828125 0.4890625 0.6234375 0.4890625 0.6234375 0.5953125 0.5828125 0.5953125
4 0.6703125 0.49375 0.7140625 0.49375 0.7140625 0.5921875 0.6703125 0.5921875
4 0.5984375 0.303125 0.6390625 0.303125 0.6390625 0.3890625 0.5984375 0.3890625
5 0.365625 0.0953125 0.4015625 0.0953125 0.4015625 0.1703125 0.365625 0.1703125
5 0.5953125 0.103125 0.634375 0.103125 0.634375 0.1921875 0.5953125 0.1921875
5 0.4671875 0.403125 0.4984375 0.403125 0.4984375 0.4875 0.4671875 0.4875
5 0.6765625 0.3125 0.7171875 0.3125 0.7171875 0.4015625 0.6765625 0.4015625
5 0.628125 0.65 0.65625 0.65 0.65625 0.734375 0.628125 0.734375
5 0.4296875 0.671875 0.45625 0.671875 0.45625 0.75625 0.4296875 0.75625
5 0.515625 0.575 0.546875 0.575 0.546875 0.6625 0.515625 0.6625
5 0.54375 0.659375 0.578125 0.659375 0.578125 0.746875 0.54375 0.746875
11 0.503125 0.75 0.53125 0.75 0.53125 0.840625 0.503125 0.840625
11 0.38125 0.6625 0.4125 0.6625 0.4125 0.7515625 0.38125 0.7515625
11 0.4640625 0.4890625 0.5 0.4890625 0.5 0.5765625 0.4640625 0.5765625
11 0.509375 0.4890625 0.54375 0.4890625 0.54375 0.5734375 0.509375 0.5734375
11 0.4625 0.2109375 0.496875 0.2109375 0.496875 0.29375 0.4625 0.29375
11 0.4625 0.1046875 0.496875 0.1046875 0.496875 0.1953125 0.4625 0.1953125
10 0.5578125 0.2265625 0.5984375 0.2265625 0.5984375 0.3203125 0.5578125 0.3203125
10 0.58125 0.5875 0.6203125 0.5875 0.6203125 0.6890625 0.58125 0.6890625
10 0.59375 0.3921875 0.6375 0.3921875 0.6375 0.484375 0.59375 0.484375
9 0.509375 0.1234375 0.540625 0.1234375 0.540625 0.1859375 0.509375 0.1859375
9 0.6015625 0.2078125 0.6296875 0.2078125 0.6296875 0.2703125 0.6015625 0.2703125
9 0.4265625 0.1984375 0.4578125 0.1984375 0.4578125 0.2609375 0.4265625 0.2609375
9 0.46875 0.303125 0.5 0.303125 0.5 0.3703125 0.46875 0.3703125
9 0.5125 0.409375 0.546875 0.409375 0.546875 0.4796875 0.5125 0.4796875
9 0.4328125 0.409375 0.4625 0.409375 0.4625 0.4796875 0.4328125 0.4796875
9 0.509375 0.303125 0.5375 0.303125 0.5375 0.3734375 0.509375 0.3734375
9 0.3890625 0.5765625 0.415625 0.5765625 0.415625 0.6390625 0.3890625 0.6390625
8 0.553125 0.128125 0.5890625 0.128125 0.5890625 0.203125 0.553125 0.203125
8 0.5515625 0.321875 0.5921875 0.321875 0.5921875 0.39375 0.5515625 0.39375
8 0.546875 0.571875 0.58125 0.571875 0.58125 0.6578125 0.546875 0.6578125
8 0.5453125 0.7421875 0.5796875 0.7421875 0.5796875 0.8390625 0.5453125 0.8390625
8 0.4609375 0.7515625 0.496875 0.7515625 0.496875 0.840625 0.4609375 0.840625
7 0.6484375 0.21875 0.696875 0.21875 0.696875 0.30625 0.6484375 0.30625
7 0.6859375 0.3984375 0.73125 0.3984375 0.73125 0.5 0.6859375 0.5
7 0.621875 0.73125 0.6609375 0.73125 0.6609375 0.8734375 0.621875 0.8734375
6 0.6421875 0.1078125 0.68125 0.1078125 0.68125 0.1921875 0.6421875 0.1921875
6 0.509375 0.209375 0.54375 0.209375 0.54375 0.2890625 0.509375 0.2890625
6 0.36875 0.2015625 0.4 0.2015625 0.4 0.284375 0.36875 0.284375
6 0.696875 0.2140625 0.7234375 0.2140625 0.7234375 0.296875 0.696875 0.296875
6 0.3765625 0.4015625 0.4109375 0.4015625 0.4109375 0.4890625 0.3765625 0.4890625
6 0.4671875 0.671875 0.5015625 0.671875 0.5015625 0.759375 0.4671875 0.759375
8 0.5609375 0.4078125 0.5953125 0.4078125 0.5953125 0.4953125 0.5609375 0.4953125