0 0.69375 0.3625 0.78125 0.3625 0.78125 0.396875 0.69375 0.396875
0 0.6140625 0.4078125 0.69375 0.4078125 0.69375 0.4390625 0.6140625 0.4390625
0 0.696875 0.4515625 0.771875 0.4515625 0.771875 0.4828125 0.696875 0.4828125
0 0.63125 0.578125 0.7125 0.578125 0.7125 0.609375 0.63125 0.609375
0 0.521875 0.4890625 0.59375 0.4890625 0.59375 0.515625 0.521875 0.515625
0 0.609375 0.4921875 0.690625 0.4921875 0.690625 0.5171875 0.609375 0.5171875
6 0.353125 0.5359375 0.428125 0.5359375 0.428125 0.5671875 0.353125 0.5671875
6 0.265625 0.2703125 0.33125 0.2703125 0.33125 0.309375 0.265625 0.309375
6 0.25 0.403125 0.3125 0.403125 0.3125 0.4328125 0.25 0.4328125
6 0.25 0.446875 0.3171875 0.446875 0.3171875 0.478125 0.25 0.478125
6 0.15625 0.30625 0.221875 0.30625 0.221875 0.346875 0.15625 0.346875
6 0.159375 0.590625 0.225 0.590625 0.225 0.61875 0.159375 0.61875
3 0.778125 0.328125 0.85 0.328125 0.85 0.359375 0.778125 0.359375
3 0.7125 0.325 0.7828125 0.325 0.7828125 0.3546875 0.7125 0.3546875
3 0.61875 0.3234375 0.690625 0.3234375 0.690625 0.35 0.61875 0.35
3 0.53125 0.2859375 0.59375 0.2859375 0.59375 0.3171875 0.53125 0.3171875
3 0.534375 0.3625 0.596875 0.3625 0.596875 0.3921875 0.534375 0.3921875
3 0.61875 0.3625 0.68125 0.3625 0.68125 0.390625 0.61875 0.390625
3 0.5203125 0.415625 0.58125 0.415625 0.58125 0.440625 0.5203125 0.440625
3 0.78125 0.359375 0.8515625 0.359375 0.8515625 0.4 0.78125 0.4
3 0.778125 0.403125 0.85625 0.403125 0.85625 0.4375 0.778125 0.4375
3 0.775 0.4453125 0.846875 0.4453125 0.846875 0.4796875 0.775 0.4796875
3 0.775 0.4875 0.8546875 0.4875 0.8546875 0.521875 0.775 0.521875
3 0.7828125 0.5296875 0.8578125 0.5296875 0.8578125 0.55625 0.7828125 0.55625
3 0.765625 0.575 0.8421875 0.575 0.8421875 0.609375 0.765625 0.609375
3 0.684375 0.4109375 0.746875 0.4109375 0.746875 0.440625 0.684375 0.440625
3 0.6921875 0.4921875 0.7671875 0.4921875 0.7671875 0.5265625 0.6921875 0.5265625
3 0.7015625 0.534375 0.7671875 0.534375 0.7671875 0.565625 0.7015625 0.565625
3 0.70625 0.5703125 0.771875 0.5703125 0.771875 0.6046875 0.70625 0.6046875
3 0.525 0.446875 0.596875 0.446875 0.596875 0.48125 0.525 0.48125
3 0.61875 0.453125 0.684375 0.453125 0.684375 0.48125 0.61875 0.48125
3 0.60625 0.528125 0.684375 0.528125 0.684375 0.5625 0.60625 0.5625
3 0.534375 0.575 0.603125 0.575 0.603125 0.60625 0.534375 0.60625
3 0.521875 0.53125 0.59375 0.53125 0.59375 0.559375 0.521875 0.559375
3 0.425 0.4875 0.49375 0.4875 0.49375 0.521875 0.425 0.521875
3 0.440625 0.4453125 0.503125 0.4453125 0.503125 0.4796875 0.440625 0.4796875
9 0.41875 0.275 0.484375 0.275 0.484375 0.309375 0.41875 0.309375
9 0.3453125 0.271875 0.4203125 0.271875 0.4203125 0.309375 0.3453125 0.309375
9 0.134375 0.253125 0.2015625 0.253125 0.2015625 0.296875 0.134375 0.296875
9 0.4296875 0.31875 0.5046875 0.31875 0.5046875 0.35625 0.4296875 0.35625
9 0.428125 0.3671875 0.496875 0.3671875 0.496875 0.396875 0.428125 0.396875
9 0.4421875 0.4 0.5171875 0.4 0.5171875 0.4359375 0.4421875 0.4359375
9 0.4265625 0.528125 0.50625 0.528125 0.50625 0.559375 0.4265625 0.559375
9 0.45 0.575 0.5265625 0.575 0.5265625 0.60625 0.45 0.60625
9 0.334375 0.309375 0.41875 0.309375 0.41875 0.34375 0.334375 0.34375
9 0.3515625 0.3578125 0.421875 0.3578125 0.421875 0.3921875 0.3515625 0.3921875
9 0.3390625 0.4 0.4140625 0.4 0.4140625 0.434375 0.3390625 0.434375
9 0.346875 0.45 0.4265625 0.45 0.4265625 0.475 0.346875 0.475
9 0.3203125 0.4859375 0.3953125 0.4859375 0.3953125 0.5203125 0.3203125 0.5203125
9 0.3421875 0.5796875 0.4171875 0.5796875 0.4171875 0.6140625 0.3421875 0.6140625
9 0.2484375 0.584375 0.3203125 0.584375 0.3203125 0.61875 0.2484375 0.61875
9 0.228125 0.53125 0.2953125 0.53125 0.2953125 0.565625 0.228125 0.565625
9 0.1390625 0.534375 0.2265625 0.534375 0.2265625 0.56875 0.1390625 0.56875
9 0.15 0.4890625 0.221875 0.4890625 0.221875 0.525 0.15 0.525
9 0.2546875 0.4953125 0.315625 0.4953125 0.315625 0.51875 0.2546875 0.51875
9 0.1390625 0.4578125 0.2234375 0.4578125 0.2234375 0.4890625 0.1390625 0.4890625
9 0.134375 0.4046875 0.20625 0.4046875 0.20625 0.4390625 0.134375 0.4390625
9 0.1453125 0.35 0.2109375 0.35 0.2109375 0.38125 0.1453125 0.38125
9 0.234375 0.315625 0.3 0.315625 0.3 0.35 0.234375 0.35
9 0.228125 0.36875 0.30625 0.36875 0.30625 0.39375 0.228125 0.39375