11 0.553125 0.7484375 0.5875 0.7484375 0.5875 0.8484375 0.553125 0.8484375
11 0.36875 0.75625 0.403125 0.75625 0.403125 0.8484375 0.36875 0.8484375
11 0.503125 0.496875 0.5390625 0.496875 0.5390625 0.5875 0.503125 0.5875
11 0.553125 0.496875 0.59375 0.496875 0.59375 0.5828125 0.553125 0.5828125
11 0.5078125 0.2234375 0.540625 0.2234375 0.540625 0.3046875 0.5078125 0.3046875
11 0.4140625 0.103125 0.4484375 0.103125 0.4484375 0.178125 0.4140625 0.178125
10 0.5890625 0.3046875 0.6359375 0.3046875 0.6359375 0.4015625 0.5890625 0.4015625
10 0.5890625 0.403125 0.6328125 0.403125 0.6328125 0.5 0.5890625 0.5
10 0.4609375 0.2 0.5046875 0.2 0.5046875 0.3078125 0.4609375 0.3078125
9 0.5671875 0.1203125 0.59375 0.1203125 0.59375 0.190625 0.5671875 0.190625
9 0.4296875 0.2 0.4609375 0.2 0.4609375 0.271875 0.4296875 0.271875
9 0.6125 0.21875 0.640625 0.21875 0.640625 0.2890625 0.6125 0.2890625
9 0.421875 0.3 0.453125 0.3 0.453125 0.3640625 0.421875 0.3640625
9 0.55625 0.3125 0.590625 0.3125 0.590625 0.3984375 0.55625 0.3984375
9 0.428125 0.4109375 0.465625 0.4109375 0.465625 0.4765625 0.428125 0.4765625
9 0.5546875 0.4234375 0.5859375 0.4234375 0.5859375 0.4921875 0.5546875 0.4921875
9 0.3796875 0.4953125 0.4125 0.4953125 0.4125 0.5765625 0.3796875 0.5765625
8 0.4625 0.7484375 0.496875 0.7484375 0.496875 0.8421875 0.4625 0.8421875
8 0.496875 0.7484375 0.53125 0.7484375 0.53125 0.8421875 0.496875 0.8421875
8 0.4609375 0.590625 0.4953125 0.590625 0.4953125 0.678125 0.4609375 0.678125
8 0.4703125 0.39375 0.50625 0.39375 0.50625 0.475 0.4703125 0.475
8 0.5046875 0.3078125 0.5421875 0.3078125 0.5421875 0.39375 0.5046875 0.39375
7 0.6375 0.3078125 0.6875 0.3078125 0.6875 0.4078125 0.6375 0.4078125
7 0.6796875 0.40625 0.7265625 0.40625 0.7265625 0.509375 0.6796875 0.509375
7 0.6234375 0.5734375 0.6609375 0.5734375 0.6609375 0.6859375 0.6234375 0.6859375
6 0.553125 0.21875 0.5875 0.21875 0.5875 0.2953125 0.553125 0.2953125
6 0.3671875 0.13125 0.4078125 0.13125 0.4078125 0.2 0.3671875 0.2
6 0.6890625 0.115625 0.7328125 0.115625 0.7328125 0.19375 0.6890625 0.19375
6 0.65 0.225 0.684375 0.225 0.684375 0.2984375 0.65 0.2984375
6 0.5046875 0.6625 0.5296875 0.6625 0.5296875 0.740625 0.5046875 0.740625
5 0.634375 0.7609375 0.665625 0.7609375 0.665625 0.8421875 0.634375 0.8421875
5 0.421875 0.6734375 0.4515625 0.6734375 0.4515625 0.7609375 0.421875 0.7609375
5 0.465625 0.6828125 0.5 0.6828125 0.5 0.7484375 0.465625 0.7484375
5 0.55 0.5953125 0.584375 0.5953125 0.584375 0.6765625 0.55 0.6765625
5 0.509375 0.3890625 0.5453125 0.3890625 0.5453125 0.4671875 0.509375 0.4671875
5 0.6875 0.2078125 0.73125 0.2078125 0.73125 0.2921875 0.6875 0.2921875
5 0.6421875 0.109375 0.6828125 0.109375 0.6828125 0.18125 0.6421875 0.18125
5 0.375 0.2 0.4109375 0.2 0.4109375 0.2796875 0.375 0.2796875
4 0.6 0.1 0.6421875 0.1 0.6421875 0.178125 0.6 0.178125
4 0.6890625 0.3078125 0.7328125 0.3078125 0.7328125 0.403125 0.6890625 0.403125
4 0.590625 0.5859375 0.63125 0.5859375 0.63125 0.6859375 0.590625 0.6859375
3 0.375 0.39375 0.40625 0.39375 0.40625 0.4578125 0.375 0.4578125
3 0.4328125 0.49375 0.4609375 0.49375 0.4609375 0.5625 0.4328125 0.5625
3 0.3765625 0.58125 0.4046875 0.58125 0.4046875 0.646875 0.3765625 0.646875
3 0.4296875 0.584375 0.4578125 0.584375 0.4578125 0.65625 0.4296875 0.65625
3 0.5109375 0.6015625 0.5453125 0.6015625 0.5453125 0.66875 0.5109375 0.66875
3 0.41875 0.759375 0.440625 0.759375 0.440625 0.8265625 0.41875 0.8265625
3 0.6828125 0.5109375 0.7125 0.5109375 0.7125 0.5671875 0.6828125 0.5671875
2 0.5921875 0.753125 0.6265625 0.753125 0.6265625 0.8421875 0.5921875 0.8421875
0 0.590625 0.6828125 0.628125 0.6828125 0.628125 0.75625 0.590625 0.75625
2 0.634375 0.6828125 0.6625 0.6828125 0.6625 0.75625 0.634375 0.75625
2 0.678125 0.5953125 0.715625 0.5953125 0.715625 0.6765625 0.678125 0.6765625
2 0.6328125 0.4046875 0.6734375 0.4046875 0.6734375 0.4875 0.6328125 0.4875
1 0.675 0.7703125 0.71875 0.7703125 0.71875 0.8828125 0.675 0.8828125
1 0.665625 0.671875 0.715625 0.671875 0.715625 0.7765625 0.665625 0.7765625
1 0.6421875 0.4921875 0.6828125 0.4921875 0.6828125 0.6015625 0.6421875 0.6015625
0 0.4609375 0.096875 0.5015625 0.096875 0.5015625 0.18125 0.4609375 0.18125
0 0.4671875 0.3125 0.4984375 0.3125 0.4984375 0.375 0.4671875 0.375
0 0.4671875 0.4828125 0.5015625 0.4828125 0.5015625 0.56875 0.4671875 0.56875
0 0.3828125 0.6609375 0.415625 0.6609375 0.415625 0.753125 0.3828125 0.753125
0 0.5453125 0.68125 0.5765625 0.68125 0.5765625 0.734375 0.5453125 0.734375
8 0.5125 0.103125 0.546875 0.103125 0.546875 0.19375 0.5125 0.19375
6 0.3828125 0.2953125 0.415625 0.2953125 0.415625 0.375 0.3828125 0.375