6 0.615625 0.2171875 0.65 0.2171875 0.65 0.3078125 0.615625 0.3078125
6 0.5375 0.396875 0.5734375 0.396875 0.5734375 0.48125 0.5375 0.48125
6 0.5359375 0.2375 0.5734375 0.2375 0.5734375 0.325 0.5359375 0.325
6 0.4953125 0.2359375 0.5328125 0.2359375 0.5328125 0.33125 0.4953125 0.33125
6 0.496875 0.31875 0.53125 0.31875 0.53125 0.409375 0.496875 0.409375
6 0.575 0.3125 0.6125 0.3125 0.6125 0.396875 0.575 0.396875
0 0.5375 0.309375 0.571875 0.309375 0.571875 0.396875 0.5375 0.396875
0 0.4609375 0.3078125 0.4953125 0.3078125 0.4953125 0.3984375 0.4609375 0.3984375
0 0.4984375 0.375 0.534375 0.375 0.534375 0.465625 0.4984375 0.465625
0 0.578125 0.390625 0.6125 0.390625 0.6125 0.475 0.578125 0.475
0 0.5765625 0.221875 0.6078125 0.221875 0.6078125 0.315625 0.5765625 0.315625
0 0.6140625 0.2921875 0.65 0.2921875 0.65 0.3875 0.6140625 0.3875