6 0.7890625 0.571875 0.8828125 0.571875 0.8828125 0.621875 0.7890625 0.621875
6 0.671875 0.346875 0.7625 0.346875 0.7625 0.3890625 0.671875 0.3890625
6 0.784375 0.2953125 0.8515625 0.2953125 0.8515625 0.3390625 0.784375 0.3390625
0 0.7796875 0.246875 0.8578125 0.246875 0.8578125 0.2875 0.7796875 0.2875
6 0.790625 0.3921875 0.865625 0.3921875 0.865625 0.4296875 0.790625 0.4296875
6 0.78125 0.440625 0.865625 0.440625 0.865625 0.478125 0.78125 0.478125
0 0.790625 0.5328125 0.8671875 0.5328125 0.8671875 0.56875 0.790625 0.56875
0 0.7875 0.484375 0.865625 0.484375 0.865625 0.521875 0.7875 0.521875
0 0.790625 0.3484375 0.8671875 0.3484375 0.8671875 0.3828125 0.790625 0.3828125
0 0.675 0.3953125 0.7484375 0.3953125 0.7484375 0.4296875 0.675 0.4296875
0 0.6765625 0.44375 0.7546875 0.44375 0.7546875 0.478125 0.6765625 0.478125
6 0.6859375 0.528125 0.7703125 0.528125 0.7703125 0.56875 0.6859375 0.56875