0 0.6796875 0.25 0.74375 0.25 0.74375 0.28125 0.6796875 0.28125
0 0.584375 0.259375 0.653125 0.259375 0.653125 0.2921875 0.584375 0.2921875
0 0.4796875 0.265625 0.553125 0.265625 0.553125 0.296875 0.4796875 0.296875
6 0.371875 0.25625 0.453125 0.25625 0.453125 0.2890625 0.371875 0.2890625
6 0.275 0.2734375 0.35625 0.2734375 0.35625 0.3046875 0.275 0.3046875
6 0.36875 0.3046875 0.446875 0.3046875 0.446875 0.3328125 0.36875 0.3328125
6 0.2671875 0.3078125 0.3484375 0.3078125 0.3484375 0.3359375 0.2671875 0.3359375
6 0.565625 0.3125 0.634375 0.3125 0.634375 0.3421875 0.565625 0.3421875
6 0.6828125 0.303125 0.746875 0.303125 0.746875 0.3328125 0.6828125 0.3328125
0 0.7921875 0.303125 0.8546875 0.303125 0.8546875 0.33125 0.7921875 0.33125
0 0.6875 0.35625 0.75 0.35625 0.75 0.3859375 0.6875 0.3859375
0 0.49375 0.359375 0.5640625 0.359375 0.5640625 0.3875 0.49375 0.3875