9 0.8203125 0.3546875 0.8953125 0.3546875 0.8953125 0.38125 0.8203125 0.38125
9 0.7421875 0.3453125 0.8015625 0.3453125 0.8015625 0.3734375 0.7421875 0.3734375
9 0.66875 0.353125 0.734375 0.353125 0.734375 0.38125 0.66875 0.38125
9 0.596875 0.396875 0.65625 0.396875 0.65625 0.425 0.596875 0.425
9 0.6625 0.39375 0.728125 0.39375 0.728125 0.4171875 0.6625 0.4171875
9 0.66875 0.4328125 0.7328125 0.4328125 0.7328125 0.4578125 0.66875 0.4578125
9 0.56875 0.4390625 0.6328125 0.4390625 0.6328125 0.4640625 0.56875 0.4640625
9 0.75 0.434375 0.8125 0.434375 0.8125 0.459375 0.75 0.459375
9 0.828125 0.4265625 0.8984375 0.4265625 0.8984375 0.4515625 0.828125 0.4515625
9 0.7375 0.3109375 0.8 0.3109375 0.8 0.334375 0.7375 0.334375
9 0.5671875 0.3109375 0.634375 0.3109375 0.634375 0.340625 0.5671875 0.340625
9 0.80625 0.26875 0.8796875 0.26875 0.8796875 0.3 0.80625 0.3
9 0.7265625 0.2625 0.7921875 0.2625 0.7921875 0.2890625 0.7265625 0.2890625
9 0.646875 0.265625 0.7140625 0.265625 0.7140625 0.2953125 0.646875 0.2953125
6 0.565625 0.259375 0.65 0.259375 0.65 0.29375 0.565625 0.29375
6 0.6609375 0.30625 0.74375 0.30625 0.74375 0.3375 0.6609375 0.3375
6 0.8140625 0.3109375 0.9015625 0.3109375 0.9015625 0.340625 0.8140625 0.340625
6 0.7421875 0.3859375 0.83125 0.3859375 0.83125 0.415625 0.7421875 0.415625
6 0.81875 0.396875 0.90625 0.396875 0.90625 0.4234375 0.81875 0.4234375
6 0.584375 0.35 0.665625 0.35 0.665625 0.38125 0.584375 0.38125
0 0.4 0.4203125 0.46875 0.4203125 0.46875 0.4515625 0.4 0.4515625
0 0.309375 0.434375 0.3765625 0.434375 0.3765625 0.4625 0.309375 0.4625
0 0.4859375 0.296875 0.5609375 0.296875 0.5609375 0.33125 0.4859375 0.33125
0 0.284375 0.296875 0.3484375 0.296875 0.3484375 0.33125 0.284375 0.33125
0 0.1921875 0.246875 0.259375 0.246875 0.259375 0.2875 0.1921875 0.2875
0 0.2078125 0.3328125 0.271875 0.3328125 0.271875 0.3703125 0.2078125 0.3703125
3 0.215625 0.4359375 0.2671875 0.4359375 0.2671875 0.4640625 0.215625 0.4640625
3 0.215625 0.390625 0.271875 0.390625 0.271875 0.41875 0.215625 0.41875
3 0.3171875 0.3921875 0.38125 0.3921875 0.38125 0.41875 0.3171875 0.41875
3 0.39375 0.3875 0.459375 0.3875 0.459375 0.415625 0.39375 0.415625
3 0.4078125 0.346875 0.46875 0.346875 0.46875 0.3734375 0.4078125 0.3734375
3 0.309375 0.3515625 0.3671875 0.3515625 0.3671875 0.3796875 0.309375 0.3796875
3 0.484375 0.353125 0.54375 0.353125 0.54375 0.38125 0.484375 0.38125
3 0.49375 0.3875 0.55 0.3875 0.55 0.415625 0.49375 0.415625
3 0.49375 0.4328125 0.55 0.4328125 0.55 0.4578125 0.49375 0.4578125
3 0.3859375 0.3015625 0.446875 0.3015625 0.446875 0.3328125 0.3859375 0.3328125
3 0.2109375 0.296875 0.26875 0.296875 0.26875 0.3265625 0.2109375 0.3265625
3 0.3 0.253125 0.359375 0.253125 0.359375 0.2875 0.3 0.2875
3 0.4 0.2640625 0.4671875 0.2640625 0.4671875 0.2984375 0.4 0.2984375
3 0.4734375 0.2609375 0.5328125 0.2609375 0.5328125 0.2921875 0.4734375 0.2921875