9 0.1453125 0.33125 0.2 0.33125 0.2 0.3625 0.1453125 0.3625
9 0.1484375 0.3703125 0.203125 0.3703125 0.203125 0.4 0.1484375 0.4
3 0.33125 0.3359375 0.3828125 0.3359375 0.3828125 0.365625 0.33125 0.365625
3 0.3328125 0.384375 0.3859375 0.384375 0.3859375 0.4125 0.3328125 0.4125
3 0.440625 0.3421875 0.496875 0.3421875 0.496875 0.371875 0.440625 0.371875
3 0.4390625 0.4015625 0.496875 0.4015625 0.496875 0.428125 0.4390625 0.428125
3 0.68125 0.3953125 0.746875 0.3953125 0.746875 0.4234375 0.68125 0.4234375
9 0.5203125 0.3453125 0.5828125 0.3453125 0.5828125 0.375 0.5203125 0.375
9 0.6015625 0.35 0.6671875 0.35 0.6671875 0.38125 0.6015625 0.38125
9 0.6890625 0.3515625 0.75625 0.3515625 0.75625 0.3796875 0.6890625 0.3796875
3 0.7828125 0.3890625 0.853125 0.3890625 0.853125 0.415625 0.7828125 0.415625
9 0.353125 0.425 0.409375 0.425 0.409375 0.4515625 0.353125 0.4515625
3 0.5171875 0.4234375 0.5796875 0.4234375 0.5796875 0.4515625 0.5171875 0.4515625
9 0.6 0.453125 0.659375 0.453125 0.659375 0.478125 0.6 0.478125
9 0.703125 0.4421875 0.771875 0.4421875 0.771875 0.4671875 0.703125 0.4671875
3 0.7796875 0.4359375 0.8484375 0.4359375 0.8484375 0.4609375 0.7796875 0.4609375
3 0.71875 0.4765625 0.7828125 0.4765625 0.7828125 0.5 0.71875 0.5
3 0.6125 0.5109375 0.678125 0.5109375 0.678125 0.5359375 0.6125 0.5359375
3 0.6921875 0.5171875 0.759375 0.5171875 0.759375 0.5421875 0.6921875 0.5421875
3 0.80625 0.565625 0.8734375 0.565625 0.8734375 0.5875 0.80625 0.5875
9 0.8046875 0.5234375 0.8765625 0.5234375 0.8765625 0.5484375 0.8046875 0.5484375
3 0.784375 0.6109375 0.859375 0.6109375 0.859375 0.6359375 0.784375 0.6359375
3 0.8203125 0.653125 0.8875 0.653125 0.8875 0.678125 0.8203125 0.678125
9 0.696875 0.65625 0.7671875 0.65625 0.7671875 0.6796875 0.696875 0.6796875
9 0.7125 0.6015625 0.778125 0.6015625 0.778125 0.6265625 0.7125 0.6265625
3 0.7125 0.56875 0.784375 0.56875 0.784375 0.5921875 0.7125 0.5921875
9 0.6140625 0.565625 0.6765625 0.565625 0.6765625 0.590625 0.6140625 0.590625
9 0.6125 0.603125 0.6796875 0.603125 0.6796875 0.628125 0.6125 0.628125
9 0.340625 0.5171875 0.3953125 0.5171875 0.3953125 0.5421875 0.340625 0.5421875
9 0.4265625 0.4828125 0.484375 0.4828125 0.484375 0.50625 0.4265625 0.50625
9 0.4484375 0.5171875 0.5109375 0.5171875 0.5109375 0.5421875 0.4484375 0.5421875
9 0.5265625 0.5234375 0.584375 0.5234375 0.584375 0.55 0.5265625 0.55
3 0.5234375 0.48125 0.5828125 0.48125 0.5828125 0.50625 0.5234375 0.50625
3 0.140625 0.5609375 0.196875 0.5609375 0.196875 0.5859375 0.140625 0.5859375
9 0.1359375 0.5234375 0.190625 0.5234375 0.190625 0.5484375 0.1359375 0.5484375
3 0.1484375 0.5984375 0.203125 0.5984375 0.203125 0.6265625 0.1484375 0.6265625
9 0.1375 0.646875 0.2 0.646875 0.2 0.675 0.1375 0.675
9 0.240625 0.665625 0.3015625 0.665625 0.3015625 0.6953125 0.240625 0.6953125
3 0.4359375 0.6515625 0.49375 0.6515625 0.49375 0.678125 0.4359375 0.678125
3 0.571875 0.665625 0.634375 0.665625 0.634375 0.690625 0.571875 0.690625
3 0.240625 0.5953125 0.296875 0.5953125 0.296875 0.6234375 0.240625 0.6234375
3 0.365625 0.6109375 0.421875 0.6109375 0.421875 0.6390625 0.365625 0.6390625
9 0.4328125 0.6109375 0.496875 0.6109375 0.496875 0.6375 0.4328125 0.6375
9 0.525 0.6046875 0.5875 0.6046875 0.5875 0.63125 0.525 0.63125
9 0.6328125 0.6515625 0.696875 0.6515625 0.696875 0.678125 0.6328125 0.678125
9 0.5328125 0.5609375 0.6 0.5609375 0.6 0.5875 0.5328125 0.5875
3 0.4484375 0.5609375 0.5046875 0.5609375 0.5046875 0.5859375 0.4484375 0.5859375
3 0.3125 0.5625 0.3734375 0.5625 0.3734375 0.5875 0.3125 0.5875