9 0.540625 0.1671875 0.584375 0.1671875 0.584375 0.265625 0.540625 0.265625
9 0.4953125 0.378125 0.5390625 0.378125 0.5390625 0.478125 0.4953125 0.478125
9 0.496875 0.4890625 0.5390625 0.4890625 0.5390625 0.5890625 0.496875 0.5890625
9 0.39375 0.490625 0.4390625 0.490625 0.4390625 0.596875 0.39375 0.596875
9 0.440625 0.703125 0.490625 0.703125 0.490625 0.7921875 0.440625 0.7921875
9 0.3421875 0.171875 0.390625 0.171875 0.390625 0.2625 0.3421875 0.2625
9 0.2953125 0.14375 0.3421875 0.14375 0.3421875 0.234375 0.2953125 0.234375
9 0.26875 0.525 0.30625 0.525 0.30625 0.603125 0.26875 0.603125
9 0.23125 0.5640625 0.275 0.5640625 0.275 0.6328125 0.23125 0.6328125
9 0.23125 0.7203125 0.2828125 0.7203125 0.2828125 0.8125 0.23125 0.8125
9 0.3375 0.60625 0.384375 0.60625 0.384375 0.7078125 0.3375 0.7078125
3 0.5453125 0.38125 0.5890625 0.38125 0.5890625 0.4703125 0.5453125 0.4703125
3 0.44375 0.296875 0.490625 0.296875 0.490625 0.3875 0.44375 0.3875
3 0.44375 0.1625 0.490625 0.1625 0.490625 0.2515625 0.44375 0.2515625
3 0.4453125 0.596875 0.490625 0.596875 0.490625 0.6859375 0.4453125 0.6859375
3 0.4 0.059375 0.4421875 0.059375 0.4421875 0.1515625 0.4 0.1515625
3 0.39375 0.2765625 0.440625 0.2765625 0.440625 0.3671875 0.39375 0.3671875
3 0.3453125 0.378125 0.3890625 0.378125 0.3890625 0.4765625 0.3453125 0.4765625
3 0.2953125 0.265625 0.3421875 0.265625 0.3421875 0.35625 0.2953125 0.35625
3 0.29375 0.36875 0.340625 0.36875 0.340625 0.453125 0.29375 0.453125
3 0.284375 0.7125 0.334375 0.7125 0.334375 0.8 0.284375 0.8
3 0.3359375 0.834375 0.384375 0.834375 0.384375 0.93125 0.3359375 0.93125
3 0.190625 0.275 0.24375 0.275 0.24375 0.365625 0.190625 0.365625
9 0.2 0.06875 0.25 0.06875 0.25 0.171875 0.2 0.171875