3 0.2671875 0.4125 0.2953125 0.4125 0.2953125 0.471875 0.2671875 0.471875
3 0.271875 0.3265625 0.303125 0.3265625 0.303125 0.3890625 0.271875 0.3890625
3 0.278125 0.1578125 0.3046875 0.1578125 0.3046875 0.221875 0.278125 0.221875
3 0.31875 0.053125 0.3453125 0.053125 0.3453125 0.121875 0.31875 0.121875
3 0.3625 0.1890625 0.3875 0.1890625 0.3875 0.2546875 0.3625 0.2546875
3 0.35 0.315625 0.3765625 0.315625 0.3765625 0.3796875 0.35 0.3796875
3 0.3484375 0.4015625 0.375 0.4015625 0.375 0.4640625 0.3484375 0.4640625
3 0.40625 0.4875 0.43125 0.4875 0.43125 0.546875 0.40625 0.546875
3 0.4 0.315625 0.425 0.315625 0.425 0.3796875 0.4 0.3796875
3 0.40625 0.15625 0.43125 0.15625 0.43125 0.2234375 0.40625 0.2234375
3 0.4015625 0.0625 0.4265625 0.0625 0.4265625 0.1328125 0.4015625 0.1328125
3 0.440625 0.31875 0.4625 0.31875 0.4625 0.3828125 0.440625 0.3828125
9 0.4359375 0.0671875 0.4578125 0.0671875 0.4578125 0.1375 0.4359375 0.1375
9 0.4453125 0.159375 0.4671875 0.159375 0.4671875 0.2296875 0.4453125 0.2296875
9 0.484375 0.0640625 0.50625 0.0640625 0.50625 0.1328125 0.484375 0.1328125
9 0.5203125 0.053125 0.5453125 0.053125 0.5453125 0.121875 0.5203125 0.121875
9 0.49375 0.2375 0.5171875 0.2375 0.5171875 0.303125 0.49375 0.303125
9 0.559375 0.1375 0.584375 0.1375 0.584375 0.20625 0.559375 0.20625
9 0.56875 0.296875 0.590625 0.296875 0.590625 0.35625 0.56875 0.35625
9 0.571875 0.4015625 0.5953125 0.4015625 0.5953125 0.4609375 0.571875 0.4609375
9 0.534375 0.4859375 0.559375 0.4859375 0.559375 0.5453125 0.534375 0.5453125
6 0.5234375 0.3953125 0.55 0.3953125 0.55 0.4703125 0.5234375 0.4703125
6 0.5234375 0.3046875 0.55 0.3046875 0.55 0.3828125 0.5234375 0.3828125
6 0.578125 0.5875 0.60625 0.5875 0.60625 0.65625 0.578125 0.65625
6 0.5265625 0.678125 0.5546875 0.678125 0.5546875 0.74375 0.5265625 0.74375
6 0.478125 0.128125 0.5046875 0.128125 0.5046875 0.2140625 0.478125 0.2140625
6 0.56875 0.225 0.5953125 0.225 0.5953125 0.3 0.56875 0.3
9 0.4390625 0.5828125 0.4609375 0.5828125 0.4609375 0.640625 0.4390625 0.640625
9 0.434375 0.4140625 0.459375 0.4140625 0.459375 0.4734375 0.434375 0.4734375
9 0.478125 0.503125 0.503125 0.503125 0.503125 0.5625 0.478125 0.5625
9 0.48125 0.4140625 0.50625 0.4140625 0.50625 0.475 0.48125 0.475
3 0.3890625 0.678125 0.4140625 0.678125 0.4140625 0.734375 0.3890625 0.734375
3 0.3515625 0.59375 0.378125 0.59375 0.378125 0.653125 0.3515625 0.653125
0 0.3046875 0.49375 0.3390625 0.49375 0.3390625 0.5671875 0.3046875 0.5671875
0 0.3515625 0.4828125 0.3828125 0.4828125 0.3828125 0.55625 0.3515625 0.55625
0 0.3140625 0.303125 0.346875 0.303125 0.346875 0.3828125 0.3140625 0.3828125
0 0.309375 0.221875 0.3421875 0.221875 0.3421875 0.303125 0.309375 0.303125
0 0.353125 0.0359375 0.384375 0.0359375 0.384375 0.1296875 0.353125 0.1296875
0 0.403125 0.228125 0.43125 0.228125 0.43125 0.3046875 0.403125 0.3046875
9 0.4671875 0.6890625 0.4921875 0.6890625 0.4921875 0.7421875 0.4671875 0.7421875