3 0.3171875 0.7828125 0.353125 0.7828125 0.353125 0.8671875 0.3171875 0.8671875
3 0.30625 0.5921875 0.34375 0.5921875 0.34375 0.684375 0.30625 0.684375
3 0.359375 0.384375 0.3890625 0.384375 0.3890625 0.4625 0.359375 0.4625
3 0.40625 0.403125 0.440625 0.403125 0.440625 0.496875 0.40625 0.496875
3 0.3578125 0.2 0.390625 0.2 0.390625 0.284375 0.3578125 0.284375
3 0.409375 0.1125 0.4390625 0.1125 0.4390625 0.1875 0.409375 0.1875
3 0.3953125 0.2140625 0.4296875 0.2140625 0.4296875 0.2984375 0.3953125 0.2984375
3 0.4484375 0.30625 0.4828125 0.30625 0.4828125 0.3796875 0.4484375 0.3796875
3 0.403125 0.590625 0.4390625 0.590625 0.4390625 0.65625 0.403125 0.65625
3 0.44375 0.515625 0.48125 0.515625 0.48125 0.5921875 0.44375 0.5921875
3 0.4546875 0.596875 0.4921875 0.596875 0.4921875 0.6703125 0.4546875 0.6703125
3 0.44375 0.6765625 0.4796875 0.6765625 0.4796875 0.753125 0.44375 0.753125
3 0.45 0.3921875 0.4765625 0.3921875 0.4765625 0.4703125 0.45 0.4703125
3 0.490625 0.321875 0.5296875 0.321875 0.5296875 0.40625 0.490625 0.40625
3 0.490625 0.4078125 0.528125 0.4078125 0.528125 0.4796875 0.490625 0.4796875
3 0.5375 0.115625 0.5703125 0.115625 0.5703125 0.18125 0.5375 0.18125
3 0.5375 0.2125 0.5703125 0.2125 0.5703125 0.2921875 0.5375 0.2921875
3 0.5859375 0.203125 0.61875 0.203125 0.61875 0.2890625 0.5859375 0.2890625
3 0.575 0.4296875 0.6078125 0.4296875 0.6078125 0.5015625 0.575 0.5015625
3 0.56875 0.4953125 0.603125 0.4953125 0.603125 0.5765625 0.56875 0.5765625
3 0.6078125 0.5125 0.65 0.5125 0.65 0.578125 0.6078125 0.578125
3 0.5703125 0.6875 0.603125 0.6875 0.603125 0.7796875 0.5703125 0.7796875
3 0.5234375 0.6796875 0.565625 0.6796875 0.565625 0.7671875 0.5234375 0.7671875
3 0.6125 0.7609375 0.6515625 0.7609375 0.6515625 0.8453125 0.6125 0.8453125
9 0.44375 0.1109375 0.4796875 0.1109375 0.4796875 0.1921875 0.44375 0.1921875
9 0.4890625 0.1046875 0.5296875 0.1046875 0.5296875 0.1890625 0.4890625 0.1890625
9 0.4296875 0.190625 0.4671875 0.190625 0.4671875 0.265625 0.4296875 0.265625
9 0.4859375 0.2125 0.5234375 0.2125 0.5234375 0.2921875 0.4859375 0.2921875
9 0.53125 0.3265625 0.571875 0.3265625 0.571875 0.403125 0.53125 0.403125
9 0.3046875 0.3921875 0.340625 0.3921875 0.340625 0.4765625 0.3046875 0.4765625
9 0.3125 0.5109375 0.353125 0.5109375 0.353125 0.6 0.3125 0.6
9 0.3625 0.684375 0.396875 0.684375 0.396875 0.76875 0.3625 0.76875
9 0.40625 0.6875 0.4375 0.6875 0.4375 0.7734375 0.40625 0.7734375
9 0.4453125 0.7796875 0.4828125 0.7796875 0.4828125 0.8671875 0.4453125 0.8671875
9 0.4890625 0.6890625 0.521875 0.6890625 0.521875 0.771875 0.4890625 0.771875
9 0.521875 0.771875 0.559375 0.771875 0.559375 0.853125 0.521875 0.853125
9 0.56875 0.7796875 0.6046875 0.7796875 0.6046875 0.8609375 0.56875 0.8609375
9 0.6140625 0.6765625 0.65 0.6765625 0.65 0.7515625 0.6140625 0.7515625
9 0.6125 0.584375 0.653125 0.584375 0.653125 0.6609375 0.6125 0.6609375
9 0.6234375 0.321875 0.6671875 0.321875 0.6671875 0.403125 0.6234375 0.403125
9 0.584375 0.31875 0.621875 0.31875 0.621875 0.3953125 0.584375 0.3953125
9 0.5375 0.4078125 0.571875 0.4078125 0.571875 0.4796875 0.5375 0.4796875
9 0.5375 0.5078125 0.56875 0.5078125 0.56875 0.5875 0.5375 0.5875
9 0.5703125 0.5890625 0.609375 0.5890625 0.609375 0.665625 0.5703125 0.665625
9 0.496875 0.51875 0.53125 0.51875 0.53125 0.603125 0.496875 0.603125
9 0.3984375 0.3078125 0.4296875 0.3078125 0.4296875 0.378125 0.3984375 0.378125
9 0.36875 0.3 0.4 0.3 0.4 0.38125 0.36875 0.38125
9 0.396875 0.51875 0.4375 0.51875 0.4375 0.5859375 0.396875 0.5859375