6 0.4359375 0.48125 0.5125 0.48125 0.5125 0.509375 0.4359375 0.509375
6 0.6125 0.478125 0.6921875 0.478125 0.6921875 0.5046875 0.6125 0.5046875
6 0.7859375 0.478125 0.8734375 0.478125 0.8734375 0.5046875 0.7859375 0.5046875
6 0.6046875 0.5640625 0.6859375 0.5640625 0.6859375 0.5921875 0.6046875 0.5921875
6 0.440625 0.5625 0.51875 0.5625 0.51875 0.5890625 0.440625 0.5890625
6 0.7734375 0.5609375 0.865625 0.5609375 0.865625 0.5890625 0.7734375 0.5890625
9 0.85625 0.4328125 0.934375 0.4328125 0.934375 0.4609375 0.85625 0.4609375
9 0.6953125 0.4359375 0.75625 0.4359375 0.75625 0.4625 0.6953125 0.4625
9 0.528125 0.434375 0.5875 0.434375 0.5875 0.459375 0.528125 0.459375
9 0.3625 0.4359375 0.41875 0.4359375 0.41875 0.4625 0.3625 0.4625
9 0.2578125 0.484375 0.31875 0.484375 0.31875 0.5125 0.2578125 0.5125
9 0.346875 0.5234375 0.4015625 0.5234375 0.4015625 0.5484375 0.346875 0.5484375
9 0.2625 0.5734375 0.321875 0.5734375 0.321875 0.6015625 0.2625 0.6015625
9 0.5421875 0.528125 0.60625 0.528125 0.60625 0.553125 0.5421875 0.553125
9 0.63125 0.525 0.6921875 0.525 0.6921875 0.5515625 0.63125 0.5515625
9 0.6984375 0.5671875 0.7609375 0.5671875 0.7609375 0.59375 0.6984375 0.59375
9 0.784375 0.5234375 0.85625 0.5234375 0.85625 0.5484375 0.784375 0.5484375
9 0.884375 0.521875 0.946875 0.521875 0.946875 0.54375 0.884375 0.54375
9 0.871875 0.559375 0.9375 0.559375 0.9375 0.5859375 0.871875 0.5859375
9 0.871875 0.484375 0.9375 0.484375 0.9375 0.509375 0.871875 0.509375
3 0.240625 0.3453125 0.303125 0.3453125 0.303125 0.3703125 0.240625 0.3703125
3 0.2671875 0.3984375 0.33125 0.3984375 0.33125 0.4265625 0.2671875 0.4265625
3 0.4234375 0.3953125 0.4890625 0.3953125 0.4890625 0.4203125 0.4234375 0.4203125
3 0.4453125 0.3578125 0.50625 0.3578125 0.50625 0.3890625 0.4453125 0.3890625
3 0.521875 0.35625 0.584375 0.35625 0.584375 0.3875 0.521875 0.3875
3 0.4375 0.3125 0.5015625 0.3125 0.5015625 0.346875 0.4375 0.346875
3 0.33125 0.3046875 0.3890625 0.3046875 0.3890625 0.334375 0.33125 0.334375
3 0.5296875 0.2671875 0.59375 0.2671875 0.59375 0.3 0.5296875 0.3
3 0.6125 0.3171875 0.678125 0.3171875 0.678125 0.3453125 0.6125 0.3453125
3 0.703125 0.35625 0.775 0.35625 0.775 0.3859375 0.703125 0.3859375
3 0.8625 0.365625 0.9296875 0.365625 0.9296875 0.390625 0.8625 0.390625
3 0.86875 0.3265625 0.9375 0.3265625 0.9375 0.3515625 0.86875 0.3515625
3 0.8734375 0.4015625 0.9375 0.4015625 0.9375 0.4265625 0.8734375 0.4265625
3 0.6953125 0.4015625 0.7625 0.4015625 0.7625 0.428125 0.6953125 0.428125
0 0.3390625 0.25625 0.409375 0.25625 0.409375 0.290625 0.3390625 0.290625
0 0.70625 0.2765625 0.8 0.2765625 0.8 0.3140625 0.70625 0.3140625
0 0.703125 0.309375 0.7953125 0.309375 0.7953125 0.34375 0.703125 0.34375
0 0.85625 0.278125 0.95 0.278125 0.95 0.3125 0.85625 0.3125
0 0.6 0.4 0.684375 0.4 0.684375 0.4328125 0.6 0.4328125
0 0.7890625 0.4 0.8796875 0.4 0.8796875 0.428125 0.7890625 0.428125